Entailment,Arg1,Arg2
sup,A95,A96
sup,A96,A97
sup,A97,A98
sup,A98,A99
sup,A99,A100
sup,A100,A101
sup,A101,A102
sup,A102,A103
sup,A103,A104
sup,A104,A105
sup,A105,A106
sup,A106,A107
sup,A107,A108
sup,A108,A109
sup,A109,A110
sup,A110,A111
sup,A111,A112
sup,A112,A113
sup,A113,A114
sup,A114,A115
sup,A115,A116
sup,A116,A117
sup,A117,A118
sup,A118,A95
sup,A119,A120
sup,A120,A121
sup,A121,A122
sup,A122,A123
sup,A123,A124
sup,A124,A125
sup,A125,A126
sup,A126,A127
sup,A127,A128
sup,A128,A129
sup,A129,A130
sup,A130,A131
sup,A131,A132
sup,A132,A133
sup,A133,A134
sup,A134,A135
sup,A135,A136
sup,A136,A137
sup,A137,A138
sup,A138,A139
sup,A139,A140
sup,A140,A141
sup,A141,A142
sup,A142,A143
sup,A143,A144
sup,A144,A145
sup,A145,A146
sup,A146,A147
sup,A147,A148
sup,A148,A149
sup,A149,A150
sup,A150,A151
sup,A151,A152
sup,A152,A153
sup,A153,A154
sup,A154,A155
sup,A155,A156
sup,A156,A157
sup,A157,A158
sup,A158,A159
sup,A159,A160
sup,A160,A119
sup,A175,A176
sup,A176,A177
sup,A177,A178
sup,A178,A179
sup,A179,A180
sup,A180,A181
sup,A181,A182
sup,A182,A183
sup,A183,A184
sup,A184,A185
sup,A185,A186
sup,A186,A187
sup,A187,A188
sup,A188,A189
sup,A189,A190
sup,A190,A191
sup,A191,A192
sup,A192,A193
sup,A193,A194
sup,A194,A195
sup,A195,A196
sup,A196,A197
sup,A197,A198
sup,A198,A199
sup,A199,A200
sup,A200,A201
sup,A201,A202
sup,A202,A203
sup,A203,A204
sup,A204,A205
sup,A205,A206
sup,A206,A207
sup,A207,A208
sup,A208,A209
sup,A209,A210
sup,A210,A211
sup,A211,A212
sup,A212,A213
sup,A213,A214
sup,A214,A215
sup,A215,A216
sup,A216,A217
sup,A217,A218
sup,A218,A219
sup,A219,A175
sup,A220,A221
sup,A221,A222
sup,A222,A223
sup,A223,A224
sup,A224,A225
sup,A225,A226
sup,A226,A227
sup,A227,A228
sup,A228,A229
sup,A229,A230
sup,A230,A231
sup,A231,A232
sup,A232,A233
sup,A233,A234
sup,A234,A235
sup,A235,A236
sup,A236,A237
sup,A237,A238
sup,A238,A239
sup,A239,A220
sup,A243,A244
sup,A246,A247
sup,A247,A248
sup,A251,A252
sup,A252,A253
sup,A253,A254
sup,A254,A255
sup,A255,A256
sup,A256,A257
sup,A257,A258
sup,A261,A262
sup,A263,A264
sup,A264,A265
sup,A265,A266
sup,A266,A267
sup,A267,A268
sup,A268,A269
sup,A269,A263
sup,A306,A307
sup,A307,A308
sup,A309,A310
sup,A311,A312
sup,A312,A313
sup,A316,A317
sup,A317,A318
sup,A319,A320
sup,A322,A323
sup,A325,A326
sup,A329,A330
sup,A330,A331
sup,A333,A302
sup,A334,A335
sup,A335,A336
sup,A336,A337
sup,A337,A338
sup,A338,A339
sup,A339,A340
sup,A340,A341
sup,A341,A342
sup,A342,A343
sup,A343,A344
sup,A344,A345
sup,A345,A346
sup,A346,A347
sup,A347,A334
sup,A395,A396
sup,A396,A397
sup,A397,A398
sup,A398,A399
sup,A399,A400
sup,A400,A401
sup,A401,A402
sup,A402,A403
sup,A403,A404
sup,A404,A405
sup,A405,A406
sup,A406,A407
sup,A407,A408
sup,A408,A409
sup,A409,A395
sup,A410,A411
sup,A412,A413
sup,A413,A414
sup,A415,A416
sup,A416,A417
sup,A420,A421
sup,A421,A422
sup,A422,A423
sup,A423,A424
sup,A427,A410
sup,A428,A429
sup,A429,A430
sup,A430,A431
sup,A431,A432
sup,A432,A433
sup,A433,A434
sup,A434,A435
sup,A435,A436
sup,A436,A437
sup,A437,A428
sup,A481,A482
sup,A482,A483
sup,A483,A484
sup,A484,A485
sup,A485,A486
sup,A486,A487
sup,A487,A488
sup,A488,A489
sup,A489,A490
sup,A490,A491
sup,A491,A492
sup,A492,A481
sup,A493,A494
sup,A494,A495
sup,A495,A496
sup,A496,A497
sup,A497,A498
sup,A498,A499
sup,A499,A500
sup,A500,A501
sup,A501,A502
sup,A502,A503
sup,A503,A504
sup,A504,A505
sup,A505,A506
sup,A506,A507
sup,A507,A508
sup,A508,A509
sup,A509,A510
sup,A510,A511
sup,A511,A512
sup,A512,A513
sup,A513,A514
sup,A514,A515
sup,A515,A516
sup,A516,A517
sup,A517,A493
sup,A518,A519
sup,A519,A520
sup,A525,A526
sup,A597,A598
sup,A600,A601
sup,A601,A602
sup,A602,A603
sup,A606,A607
sup,A609,A610
sup,A610,A611
sup,A613,A614
sup,A615,A616
sup,A616,A617
sup,A617,A618
sup,A618,A619
sup,A620,A621
sup,A621,A622
sup,A623,A624
sup,A624,A625
sup,A625,A626
sup,A626,A627
sup,A627,A628
sup,A628,A629
sup,A631,A632
sup,A633,A634
sup,A636,A637
sup,A638,A639
sup,A639,A640
sup,A641,A642
sup,A646,A647
sup,A647,A648
sup,A648,A649
sup,A649,A650
sup,A650,A651
sup,A651,A652
sup,A652,A653
sup,A653,A654
sup,A654,A655
sup,A656,A657
sup,A660,A661
sup,A661,A662
sup,A662,A620
sup,A663,A664
sup,A665,A666
sup,A667,A668
sup,A672,A673
sup,A673,A674
sup,A674,A675
sup,A675,A676
sup,A676,A677
sup,A680,A681
sup,A681,A682
sup,A684,A663
sup,A691,A692
sup,A692,A693
sup,A696,A697
sup,A698,A699
sup,A700,A701
sup,A701,A702
sup,A702,A703
sup,A704,A705
sup,A706,A707
sup,A707,A708
sup,A708,A709
sup,A710,A711
sup,A712,A713
sup,A713,A714
sup,A714,A715
sup,A717,A718
sup,A718,A719
sup,A720,A721
sup,A721,A722
sup,A726,A727
sup,A727,A728
sup,A728,A729
sup,A729,A730
sup,A731,A732
sup,A734,A735
sup,A735,A736
sup,A736,A737
sup,A737,A738
sup,A738,A739
sup,A739,A740
sup,A741,A742
sup,A742,A743
sup,A743,A744
sup,A746,A747
sup,A748,A749
sup,A750,A751
sup,A753,A754
sup,A754,A755
sup,A757,A758
sup,A761,A724
sup,A813,A814
sup,A815,A816
sup,A817,A818
sup,A819,A820
sup,A821,A822
sup,A822,A823
sup,A825,A826
sup,A826,A811
sup,A845,A846
sup,A846,A847
sup,A847,A848
sup,A848,A849
sup,A849,A850
sup,A850,A851
sup,A851,A852
sup,A852,A853
sup,A853,A854
sup,A854,A855
sup,A855,A856
sup,A856,A857
sup,A857,A858
sup,A858,A859
sup,A859,A860
sup,A860,A861
sup,A861,A862
sup,A862,A863
sup,A863,A864
sup,A864,A865
sup,A865,A845
sup,A912,A913
sup,A913,A914
sup,A914,A915
sup,A915,A916
sup,A916,A917
sup,A917,A918
sup,A918,A919
sup,A919,A920
sup,A920,A921
sup,A921,A922
sup,A922,A923
sup,A923,A924
sup,A924,A925
sup,A925,A926
sup,A926,A927
sup,A927,A928
sup,A928,A929
sup,A929,A930
sup,A930,A931
sup,A931,A932
sup,A932,A933
sup,A933,A934
sup,A934,A935
sup,A935,A936
sup,A936,A937
sup,A937,A938
sup,A938,A939
sup,A939,A940
sup,A940,A941
sup,A941,A942
sup,A942,A943
sup,A943,A944
sup,A944,A945
sup,A945,A946
sup,A946,A947
sup,A947,A948
sup,A948,A949
sup,A949,A950
sup,A950,A951
sup,A951,A952
sup,A952,A953
sup,A953,A954
sup,A954,A955
sup,A955,A956
sup,A956,A957
sup,A957,A958
sup,A958,A959
sup,A959,A960
sup,A960,A912
sup,A988,A989
sup,A990,A991
sup,A992,A993
sup,A995,A996
sup,A996,A997
sup,A1003,A1004
sup,A1004,A1005
sup,A1006,A1007
sup,A1008,A1009
sup,A1010,A1011
sup,A1011,A1012
sup,A1013,A1014
sup,A1014,A1015
sup,A1017,A1018
sup,A1018,A1019
sup,A1019,A1020
sup,A1020,A1021
sup,A1021,A1017
sup,A1022,A1023
sup,A1023,A1024
sup,A1024,A1025
sup,A1025,A1026
sup,A1026,A1027
sup,A1027,A1028
sup,A1028,A1029
sup,A1029,A1030
sup,A1030,A1031
sup,A1031,A1032
sup,A1032,A1033
sup,A1033,A1034
sup,A1034,A1035
sup,A1035,A1036
sup,A1036,A1037
sup,A1037,A1038
sup,A1038,A1039
sup,A1039,A1040
sup,A1040,A1041
sup,A1041,A1022
sup,A1043,A1044
sup,A1044,A1045
sup,A1046,A1047
sup,A1047,A1048
sup,A1048,A1049
sup,A1049,A1042
sup,A1050,A1051
sup,A1051,A1052
sup,A1052,A1053
sup,A1053,A1054
sup,A1054,A1055
sup,A1055,A1056
sup,A1056,A1057
sup,A1057,A1058
sup,A1058,A1059
sup,A1059,A1060
sup,A1060,A1061
sup,A1061,A1062
sup,A1062,A1063
sup,A1063,A1064
sup,A1064,A1065
sup,A1065,A1066
sup,A1066,A1067
sup,A1067,A1050
sup,A1069,A1070
sup,A1071,A1072
sup,A1072,A1073
sup,A1073,A1074
sup,A1074,A1075
sup,A1080,A1081
sup,A1084,A1085
sup,A1085,A1086
sup,A1086,A1087
sup,A1087,A1088
sup,A1088,A1089
sup,A1089,A1090
sup,A1092,A1093
sup,A1094,A1095
sup,A1095,A1096
sup,A1099,A1100
sup,A1102,A1103
sup,A1103,A1104
sup,A1105,A1106
sup,A1108,A1109
sup,A1111,A1112
sup,A1112,A1113
sup,A1115,A1116
sup,A1116,A1117
sup,A1117,A1118
sup,A1118,A1119
sup,A1119,A1120
sup,A1120,A1121
sup,A1121,A1122
sup,A1122,A1123
sup,A1123,A1124
sup,A1124,A1125
sup,A1125,A1126
sup,A1126,A1127
sup,A1127,A1128
sup,A1128,A1129
sup,A1129,A1130
sup,A1130,A1131
sup,A1131,A1132
sup,A1132,A1133
sup,A1133,A1134
sup,A1134,A1135
sup,A1135,A1136
sup,A1136,A1137
sup,A1137,A1138
sup,A1138,A1139
sup,A1139,A1140
sup,A1140,A1141
sup,A1141,A1142
sup,A1142,A1143
sup,A1143,A1144
sup,A1144,A1145
sup,A1145,A1115
sup,A1146,A1147
sup,A1147,A1148
sup,A1148,A1149
sup,A1149,A1150
sup,A1150,A1151
sup,A1151,A1152
sup,A1152,A1153
sup,A1153,A1154
sup,A1154,A1155
sup,A1155,A1156
sup,A1156,A1157
sup,A1157,A1158
sup,A1158,A1159
sup,A1159,A1146
sup,A1160,A1161
sup,A1161,A1162
sup,A1162,A1163
sup,A1163,A1164
sup,A1164,A1165
sup,A1165,A1166
sup,A1166,A1167
sup,A1167,A1160
sup,A1168,A1169
sup,A1169,A1170
sup,A1170,A1171
sup,A1171,A1172
sup,A1172,A1173
sup,A1173,A1174
sup,A1174,A1175
sup,A1175,A1176
sup,A1176,A1177
sup,A1177,A1178
sup,A1178,A1179
sup,A1179,A1180
sup,A1180,A1181
sup,A1181,A1182
sup,A1182,A1183
sup,A1183,A1184
sup,A1184,A1185
sup,A1185,A1186
sup,A1186,A1187
sup,A1187,A1188
sup,A1188,A1189
sup,A1189,A1190
sup,A1190,A1191
sup,A1191,A1192
sup,A1192,A1193
sup,A1193,A1194
sup,A1194,A1195
sup,A1195,A1196
sup,A1196,A1197
sup,A1197,A1198
sup,A1198,A1199
sup,A1199,A1200
sup,A1200,A1201
sup,A1201,A1202
sup,A1202,A1203
sup,A1203,A1204
sup,A1204,A1205
sup,A1205,A1206
sup,A1206,A1207
sup,A1207,A1208
sup,A1208,A1209
sup,A1209,A1210
sup,A1210,A1211
sup,A1211,A1212
sup,A1212,A1168
sup,A1229,A1230
sup,A1230,A1231
sup,A1232,A1233
sup,A1233,A1234
sup,A1234,A1235
sup,A1239,A1240
sup,A1241,A1242
sup,A1245,A1246
sup,A1246,A1247
sup,A1249,A1250
sup,A1254,A1255
sup,A1256,A1257
sup,A1257,A1258
sup,A1258,A1228
sup,A1259,A1260
sup,A1260,A1261
sup,A1261,A1262
sup,A1262,A1263
sup,A1263,A1264
sup,A1264,A1265
sup,A1265,A1266
sup,A1266,A1267
sup,A1267,A1268
sup,A1268,A1269
sup,A1269,A1270
sup,A1270,A1271
sup,A1271,A1272
sup,A1272,A1273
sup,A1273,A1274
sup,A1274,A1275
sup,A1275,A1276
sup,A1276,A1277
sup,A1277,A1278
sup,A1278,A1279
sup,A1279,A1280
sup,A1280,A1281
sup,A1281,A1282
sup,A1282,A1283
sup,A1283,A1284
sup,A1284,A1259
sup,A1285,A1286
sup,A1286,A1287
sup,A1287,A1288
sup,A1288,A1289
sup,A1289,A1290
sup,A1290,A1291
sup,A1291,A1292
sup,A1292,A1293
sup,A1293,A1294
sup,A1294,A1295
sup,A1295,A1296
sup,A1296,A1297
sup,A1297,A1298
sup,A1298,A1299
sup,A1299,A1300
sup,A1300,A1301
sup,A1301,A1302
sup,A1302,A1303
sup,A1303,A1304
sup,A1304,A1305
sup,A1305,A1306
sup,A1306,A1307
sup,A1307,A1308
sup,A1308,A1309
sup,A1309,A1310
sup,A1310,A1311
sup,A1311,A1312
sup,A1312,A1313
sup,A1313,A1314
sup,A1314,A1315
sup,A1315,A1316
sup,A1316,A1317
sup,A1317,A1318
sup,A1318,A1319
sup,A1319,A1320
sup,A1320,A1321
sup,A1321,A1322
sup,A1322,A1323
sup,A1323,A1324
sup,A1324,A1325
sup,A1325,A1326
sup,A1326,A1327
sup,A1327,A1328
sup,A1328,A1329
sup,A1329,A1285
sup,A1331,A1332
sup,A1334,A1335
sup,A1335,A1336
sup,A1337,A1338
sup,A1339,A1340
sup,A1340,A1341
sup,A1341,A1342
sup,A1342,A1343
sup,A1343,A1344
sup,A1344,A1345
sup,A1345,A1346
sup,A1346,A1347
sup,A1347,A1348
sup,A1349,A1350
sup,A1352,A1353
sup,A1353,A1354
sup,A1355,A1356
sup,A1356,A1357
sup,A1357,A1358
sup,A1358,A1359
sup,A1359,A1360
sup,A1361,A1362
sup,A1364,A1365
sup,A1365,A1366
sup,A1367,A1368
sup,A1368,A1369
sup,A1369,A1330
sup,A1370,A1371
sup,A1371,A1372
sup,A1372,A1373
sup,A1373,A1374
sup,A1374,A1375
sup,A1375,A1376
sup,A1376,A1377
sup,A1377,A1378
sup,A1378,A1379
sup,A1379,A1380
sup,A1380,A1381
sup,A1381,A1382
sup,A1382,A1383
sup,A1383,A1384
sup,A1384,A1385
sup,A1385,A1386
sup,A1386,A1387
sup,A1387,A1388
sup,A1388,A1389
sup,A1389,A1390
sup,A1390,A1391
sup,A1391,A1392
sup,A1392,A1393
sup,A1393,A1394
sup,A1394,A1395
sup,A1395,A1396
sup,A1396,A1397
sup,A1397,A1398
sup,A1398,A1399
sup,A1399,A1400
sup,A1400,A1401
sup,A1401,A1402
sup,A1402,A1403
sup,A1403,A1404
sup,A1404,A1405
sup,A1405,A1370
sup,A1406,A1407
sup,A1407,A1408
sup,A1408,A1409
sup,A1409,A1410
sup,A1410,A1411
sup,A1411,A1412
sup,A1412,A1413
sup,A1413,A1414
sup,A1414,A1415
sup,A1415,A1416
sup,A1416,A1417
sup,A1417,A1418
sup,A1418,A1419
sup,A1419,A1420
sup,A1420,A1421
sup,A1421,A1422
sup,A1422,A1423
sup,A1423,A1424
sup,A1424,A1425
sup,A1425,A1426
sup,A1426,A1427
sup,A1427,A1428
sup,A1428,A1429
sup,A1429,A1406
sup,A1432,A1433
sup,A1433,A1434
sup,A1435,A1436
sup,A1436,A1437
sup,A1439,A1440
sup,A1442,A1443
sup,A1443,A1444
sup,A1445,A1446
sup,A1446,A1447
sup,A1449,A1450
sup,A1450,A1451
sup,A1451,A1452
sup,A1452,A1453
sup,A1453,A1454
sup,A1454,A1455
sup,A1455,A1456
sup,A1458,A1459
sup,A1462,A1463
sup,A1463,A1464
sup,A1465,A1466
sup,A1466,A1467
sup,A1467,A1468
sup,A1468,A1469
sup,A1469,A1470
sup,A1470,A1471
sup,A1471,A1430
sup,A1472,A1473
sup,A1473,A1474
sup,A1474,A1475
sup,A1475,A1476
sup,A1479,A1480
sup,A1482,A1483
sup,A1483,A1484
sup,A1486,A1487
sup,A1487,A1488
sup,A1491,A1492
sup,A1492,A1493
sup,A1494,A1495
sup,A1498,A1499
sup,A1500,A1501
sup,A1501,A1502
sup,A1503,A1504
sup,A1504,A1505
sup,A1507,A1508
sup,A1512,A1513
sup,A1513,A1514
sup,A1514,A1515
sup,A1517,A1518
sup,A1521,A1472
sup,A1522,A1523
sup,A1523,A1524
sup,A1524,A1525
sup,A1525,A1526
sup,A1526,A1527
sup,A1527,A1528
sup,A1528,A1529
sup,A1529,A1530
sup,A1530,A1531
sup,A1531,A1532
sup,A1532,A1533
sup,A1533,A1534
sup,A1534,A1535
sup,A1535,A1536
sup,A1536,A1522
sup,A1539,A1540
sup,A1546,A1547
sup,A1549,A1550
sup,A1552,A1553
sup,A1556,A1557
sup,A1557,A1558
sup,A1559,A1560
sup,A1561,A1562
sup,A1562,A1563
sup,A1567,A1568
sup,A1568,A1569
sup,A1572,A1573
sup,A1575,A1576
sup,A1577,A1578
sup,A1580,A1581
sup,A1583,A1584
sup,A1584,A1585
sup,A1585,A1537
sup,A1586,A1587
sup,A1587,A1588
sup,A1588,A1589
sup,A1589,A1590
sup,A1590,A1591
sup,A1591,A1592
sup,A1592,A1593
sup,A1593,A1594
sup,A1594,A1595
sup,A1595,A1596
sup,A1596,A1597
sup,A1597,A1598
sup,A1598,A1599
sup,A1599,A1600
sup,A1600,A1601
sup,A1601,A1602
sup,A1602,A1603
sup,A1603,A1604
sup,A1604,A1605
sup,A1605,A1606
sup,A1606,A1607
sup,A1607,A1608
sup,A1608,A1609
sup,A1609,A1610
sup,A1610,A1586
sup,A1611,A1612
sup,A1612,A1613
sup,A1613,A1614
sup,A1614,A1615
sup,A1615,A1616
sup,A1616,A1617
sup,A1617,A1618
sup,A1618,A1619
sup,A1619,A1620
sup,A1620,A1621
sup,A1621,A1622
sup,A1622,A1623
sup,A1623,A1624
sup,A1624,A1625
sup,A1625,A1626
sup,A1626,A1627
sup,A1627,A1628
sup,A1628,A1629
sup,A1629,A1630
sup,A1630,A1631
sup,A1631,A1632
sup,A1632,A1633
sup,A1633,A1634
sup,A1634,A1635
sup,A1635,A1636
sup,A1636,A1637
sup,A1637,A1638
sup,A1638,A1639
sup,A1639,A1640
sup,A1640,A1641
sup,A1641,A1642
sup,A1642,A1643
sup,A1643,A1644
sup,A1644,A1645
sup,A1645,A1646
sup,A1646,A1611
sup,A1647,A1648
sup,A1648,A1649
sup,A1649,A1650
sup,A1650,A1651
sup,A1651,A1652
sup,A1652,A1653
sup,A1653,A1654
sup,A1654,A1655
sup,A1655,A1656
sup,A1656,A1657
sup,A1657,A1658
sup,A1658,A1659
sup,A1659,A1660
sup,A1660,A1661
sup,A1661,A1662
sup,A1662,A1663
sup,A1663,A1664
sup,A1664,A1665
sup,A1665,A1666
sup,A1666,A1667
sup,A1667,A1668
sup,A1668,A1669
sup,A1669,A1670
sup,A1670,A1671
sup,A1671,A1672
sup,A1672,A1673
sup,A1673,A1674
sup,A1674,A1675
sup,A1675,A1676
sup,A1676,A1677
sup,A1677,A1678
sup,A1678,A1679
sup,A1679,A1647
sup,A1680,A1681
sup,A1683,A1684
sup,A1684,A1680
sup,A1685,A1686
sup,A1690,A1691
sup,A1694,A1695
sup,A1695,A1696
sup,A1696,A1697
sup,A1697,A1698
sup,A1698,A1699
sup,A1699,A1700
sup,A1701,A1702
sup,A1702,A1703
sup,A1704,A1705
sup,A1707,A1708
sup,A1708,A1709
sup,A1709,A1710
sup,A1710,A1711
sup,A1712,A1713
sup,A1713,A1714
sup,A1719,A1720
sup,A1720,A1721
sup,A1721,A1722
sup,A1722,A1723
sup,A1725,A1726
sup,A1727,A1728
sup,A1728,A1729
sup,A1731,A1732
sup,A1732,A1685
sup,A1779,A1780
sup,A1782,A1783
sup,A1784,A1785
sup,A1788,A1789
sup,A1790,A1791
sup,A1791,A1792
sup,A1792,A1793
sup,A1795,A1796
sup,A1822,A1823
sup,A1823,A1824
sup,A1824,A1825
sup,A1825,A1826
sup,A1826,A1827
sup,A1827,A1828
sup,A1828,A1829
sup,A1829,A1830
sup,A1830,A1831
sup,A1831,A1832
sup,A1832,A1833
sup,A1833,A1834
sup,A1834,A1835
sup,A1835,A1836
sup,A1836,A1837
sup,A1837,A1838
sup,A1838,A1839
sup,A1839,A1840
sup,A1840,A1841
sup,A1841,A1842
sup,A1842,A1843
sup,A1843,A1844
sup,A1844,A1845
sup,A1845,A1846
sup,A1846,A1847
sup,A1847,A1848
sup,A1848,A1822
sup,A1914,A1915
sup,A1915,A1916
sup,A1916,A1917
sup,A1917,A1918
sup,A1918,A1919
sup,A1919,A1920
sup,A1920,A1921
sup,A1921,A1922
sup,A1922,A1923
sup,A1923,A1924
sup,A1924,A1925
sup,A1925,A1926
sup,A1926,A1927
sup,A1927,A1928
sup,A1928,A1929
sup,A1929,A1930
sup,A1930,A1931
sup,A1931,A1932
sup,A1932,A1933
sup,A1933,A1934
sup,A1934,A1935
sup,A1935,A1936
sup,A1936,A1914
sup,A1970,A1971
sup,A1975,A1976
sup,A1978,A1979
sup,A1979,A1980
sup,A1980,A1981
sup,A1981,A1982
sup,A1982,A1983
sup,A1986,A1987
sup,A1988,A1989
sup,A1989,A1963
sup,A2002,A2003
sup,A2003,A2004
sup,A2004,A2005
sup,A2005,A2006
sup,A2006,A2007
sup,A2007,A2008
sup,A2008,A2009
sup,A2009,A2010
sup,A2010,A2011
sup,A2011,A2012
sup,A2012,A2013
sup,A2013,A2014
sup,A2014,A2015
sup,A2015,A2016
sup,A2016,A2017
sup,A2017,A2018
sup,A2018,A2019
sup,A2019,A2020
sup,A2020,A2021
sup,A2021,A2022
sup,A2022,A2023
sup,A2023,A2024
sup,A2024,A2025
sup,A2025,A2026
sup,A2026,A2027
sup,A2027,A2028
sup,A2028,A2029
sup,A2029,A2030
sup,A2030,A2031
sup,A2031,A2032
sup,A2032,A2002
sup,A2039,A2040
sup,A2040,A2041
sup,A2043,A2044
sup,A2045,A2039
sup,A2046,A2047
sup,A2048,A2049
sup,A2049,A2050
sup,A2052,A2053
sup,A2053,A2054
sup,A2054,A2055
sup,A2055,A2056
sup,A2057,A2046
sup,A2058,A2059
sup,A2060,A2061
sup,A2061,A2062
sup,A2064,A2065
sup,A2065,A2066
sup,A2067,A2068
sup,A2069,A2070
sup,A2071,A2072
sup,A2072,A2058
sup,A2126,A2127
sup,A2127,A2128
sup,A2131,A2132
sup,A2133,A2134
sup,A2135,A2136
sup,A2138,A2139
sup,A2143,A2144
sup,A2144,A2145
sup,A2145,A2146
sup,A2147,A2148
sup,A2148,A2149
sup,A2150,A2151
sup,A2151,A2152
sup,A2155,A2156
sup,A2158,A2159
sup,A2160,A2161
sup,A2161,A2162
sup,A2163,A2164
sup,A2164,A2165
sup,A2165,A2166
sup,A2166,A2167
sup,A2168,A2169
sup,A2170,A2171
sup,A2171,A2172
sup,A2172,A2173
sup,A2173,A2174
sup,A2174,A2175
sup,A2175,A2176
sup,A2176,A2177
sup,A2177,A2170
sup,A2178,A2179
sup,A2179,A2180
sup,A2180,A2181
sup,A2181,A2182
sup,A2182,A2183
sup,A2183,A2184
sup,A2184,A2185
sup,A2185,A2186
sup,A2186,A2187
sup,A2187,A2188
sup,A2188,A2189
sup,A2189,A2190
sup,A2190,A2191
sup,A2191,A2192
sup,A2192,A2193
sup,A2193,A2194
sup,A2194,A2195
sup,A2195,A2196
sup,A2196,A2197
sup,A2197,A2198
sup,A2198,A2199
sup,A2199,A2200
sup,A2200,A2201
sup,A2201,A2202
sup,A2202,A2203
sup,A2203,A2204
sup,A2204,A2205
sup,A2205,A2206
sup,A2206,A2207
sup,A2207,A2208
sup,A2208,A2209
sup,A2209,A2210
sup,A2210,A2211
sup,A2211,A2212
sup,A2212,A2213
sup,A2213,A2214
sup,A2214,A2215
sup,A2215,A2216
sup,A2216,A2217
sup,A2217,A2218
sup,A2218,A2219
sup,A2219,A2220
sup,A2220,A2221
sup,A2221,A2222
sup,A2222,A2223
sup,A2223,A2224
sup,A2224,A2225
sup,A2225,A2178
sup,A2226,A2227
sup,A2227,A2228
sup,A2228,A2229
sup,A2229,A2230
sup,A2230,A2231
sup,A2231,A2232
sup,A2232,A2233
sup,A2233,A2234
sup,A2234,A2235
sup,A2235,A2236
sup,A2236,A2237
sup,A2237,A2238
sup,A2238,A2239
sup,A2239,A2240
sup,A2240,A2241
sup,A2241,A2242
sup,A2242,A2243
sup,A2243,A2244
sup,A2244,A2245
sup,A2245,A2246
sup,A2246,A2247
sup,A2247,A2248
sup,A2248,A2249
sup,A2249,A2250
sup,A2250,A2251
sup,A2251,A2252
sup,A2252,A2253
sup,A2253,A2254
sup,A2254,A2255
sup,A2255,A2256
sup,A2256,A2226
sup,A2257,A2258
sup,A2258,A2259
sup,A2259,A2260
sup,A2308,A2309
sup,A2309,A2310
sup,A2311,A2312
sup,A2312,A2313
sup,A2314,A2315
sup,A2317,A2318
sup,A2319,A2320
sup,A2322,A2323
sup,A2323,A2324
sup,A2325,A2326
sup,A2326,A2327
sup,A2328,A2329
sup,A2329,A2330
sup,A2331,A2332
sup,A2333,A2334
sup,A2336,A2337
sup,A2337,A2338
sup,A2340,A2341
sup,A2343,A2344
sup,A2344,A2345
sup,A2346,A2347
sup,A2347,A2348
sup,A2349,A2350
sup,A2351,A2352
sup,A2353,A2354
sup,A2356,A2357
sup,A2357,A2358
sup,A2366,A2367
sup,A2367,A2368
sup,A2369,A2370
sup,A2371,A2372
sup,A2372,A2353
sup,A2373,A2374
sup,A2375,A2376
sup,A2376,A2377
sup,A2378,A2379
sup,A2382,A2383
sup,A2388,A2389
sup,A2389,A2390
sup,A2390,A2391
sup,A2393,A2394
sup,A2395,A2396
sup,A2396,A2397
sup,A2397,A2398
sup,A2398,A2399
sup,A2401,A2402
sup,A2403,A2373
sup,A2405,A2406
sup,A2409,A2410
sup,A2410,A2411
sup,A2411,A2412
sup,A2412,A2413
sup,A2414,A2415
sup,A2416,A2417
sup,A2417,A2418
sup,A2418,A2419
sup,A2420,A2421
sup,A2425,A2426
sup,A2426,A2427
sup,A2428,A2429
sup,A2433,A2434
sup,A2434,A2435
sup,A2435,A2436
sup,A2436,A2437
sup,A2439,A2440
sup,A2442,A2404
sup,A2443,A2444
sup,A2444,A2445
sup,A2445,A2446
sup,A2446,A2447
sup,A2447,A2448
sup,A2448,A2449
sup,A2449,A2450
sup,A2450,A2451
sup,A2451,A2452
sup,A2452,A2453
sup,A2453,A2454
sup,A2454,A2455
sup,A2455,A2456
sup,A2456,A2457
sup,A2457,A2458
sup,A2458,A2443
sup,A2459,A2460
sup,A2461,A2462
sup,A2467,A2468
sup,A2468,A2469
sup,A2469,A2470
sup,A2473,A2474
sup,A2474,A2475
sup,A2476,A2477
sup,A2477,A2459
sup,A2478,A2479
sup,A2481,A2482
sup,A2483,A2484
sup,A2486,A2487
sup,A2488,A2489
sup,A2489,A2490
sup,A2491,A2492
sup,A2492,A2493
sup,A2494,A2495
sup,A2495,A2496
sup,A2496,A2497
sup,A2501,A2502
sup,A2502,A2503
sup,A2503,A2478
sup,A2505,A2506
sup,A2516,A2517
sup,A2519,A2520
sup,A2520,A2521
sup,A2521,A2522
sup,A2525,A2526
sup,A2527,A2528
sup,A2530,A2531
sup,A2533,A2534
sup,A2536,A2537
sup,A2537,A2538
sup,A2538,A2539
sup,A2541,A2542
sup,A2543,A2544
sup,A2546,A2547
sup,A2547,A2548
sup,A2548,A2546
sup,A2549,A2550
sup,A2550,A2551
sup,A2551,A2552
sup,A2552,A2553
sup,A2553,A2554
sup,A2554,A2555
sup,A2555,A2556
sup,A2556,A2557
sup,A2557,A2558
sup,A2558,A2559
sup,A2559,A2560
sup,A2560,A2561
sup,A2561,A2562
sup,A2562,A2563
sup,A2563,A2564
sup,A2564,A2565
sup,A2565,A2566
sup,A2566,A2567
sup,A2567,A2568
sup,A2568,A2569
sup,A2569,A2549
sup,A2570,A2571
sup,A2571,A2572
sup,A2572,A2573
sup,A2573,A2574
sup,A2575,A2576
sup,A2577,A2578
sup,A2578,A2579
sup,A2581,A2582
sup,A2583,A2584
sup,A2586,A2587
sup,A2587,A2588
sup,A2590,A2591
sup,A2593,A2594
sup,A2596,A2597
sup,A2598,A2599
sup,A2604,A2605
sup,A2607,A2608
sup,A2608,A2609
sup,A2610,A2611
sup,A2612,A2613
sup,A2613,A2614
sup,A2649,A2650
sup,A2650,A2651
sup,A2651,A2652
sup,A2653,A2654
sup,A2655,A2656
sup,A2656,A2649
sup,A2777,A2778
sup,A2778,A2779
sup,A2779,A2780
sup,A2780,A2781
sup,A2781,A2782
sup,A2782,A2783
sup,A2783,A2784
sup,A2784,A2785
sup,A2785,A2786
sup,A2786,A2787
sup,A2787,A2788
sup,A2788,A2789
sup,A2789,A2790
sup,A2790,A2791
sup,A2791,A2792
sup,A2792,A2793
sup,A2793,A2794
sup,A2794,A2795
sup,A2795,A2796
sup,A2796,A2797
sup,A2797,A2798
sup,A2798,A2799
sup,A2799,A2777
sup,A43,A44
sup,A75,A76
sup,A118,A119
sup,A250,A251
sup,A262,A263
sup,A301,A302
sup,A333,A334
sup,A347,A348
sup,A394,A395
sup,A427,A428
sup,A480,A481
sup,A492,A493
sup,A517,A518
sup,A526,A527
sup,A572,A573
sup,A690,A691
sup,A723,A724
sup,A799,A800
sup,A844,A845
sup,A865,A866
sup,A985,A986
sup,A1016,A1017
sup,A1041,A1042
sup,A1049,A1050
sup,A1067,A1068
sup,A1114,A1115
sup,A1145,A1146
sup,A1159,A1160
sup,A1167,A1168
sup,A1221,A1222
sup,A1258,A1259
sup,A1284,A1285
sup,A1329,A1330
sup,A1399,A0
sup,A1429,A1430
sup,A1471,A1472
sup,A1536,A1537
sup,A1585,A1586
sup,A1732,A1733
sup,A1848,A1849
sup,A1876,A1877
sup,A1989,A1990
sup,A2032,A2033
sup,A2057,A2058
sup,A2072,A2073
sup,A2115,A2116
sup,A2125,A2126
sup,A2169,A2170
sup,A2177,A2178
sup,A2256,A2257
sup,A2260,A2261
sup,A2352,A2353
sup,A2477,A2478
sup,A2545,A2546
sup,A2548,A2549
sup,A2615,A2616
sup,A2776,A2777
sup,A0,A209
sup,A0,A1557
sup,A0,A1766
sup,A0,A2188
sup,A0,A2503
sup,A0,A112
sup,A0,A1304
sup,A0,A1567
sup,A0,A2609
sup,A0,A2752
sup,A0,A370
sup,A0,A446
sup,A0,A2653
sup,A0,A2367
sup,A0,A527
sup,A0,A736
sup,A0,A1679
sup,A4,A1373
sup,A4,A1582
sup,A4,A1439
sup,A5,A1355
sup,A5,A1773
sup,A5,A2795
sup,A5,A2117
sup,A5,A1579
sup,A5,A1425
sup,A5,A1004
sup,A5,A973
sup,A5,A75
sup,A5,A2731
sup,A5,A2430
sup,A5,A229
sup,A5,A2194
sup,A5,A2200
sup,A5,A459
sup,A5,A1408
sup,A5,A941
sup,A5,A2380
sup,A5,A2423
sup,A6,A768
sup,A6,A1766
sup,A6,A1652
sup,A6,A114
sup,A6,A1775
sup,A6,A2509
sup,A6,A99
sup,A7,A1491
sup,A7,A697
sup,A7,A2149
sup,A7,A2500
sup,A7,A2047
sup,A7,A227
sup,A7,A748
sup,A7,A442
sup,A7,A815
sup,A7,A798
sup,A7,A2576
sup,A7,A184
sup,A14,A325
sup,A14,A1630
sup,A14,A819
sup,A14,A74
sup,A14,A860
sup,A14,A2490
sup,A14,A485
sup,A14,A2744
sup,A14,A1685
sup,A14,A1933
sup,A14,A1555
sup,A14,A1939
sup,A14,A556
sup,A14,A484
sup,A14,A1806
sup,A14,A1876
sup,A16,A1029
sup,A16,A156
sup,A16,A239
sup,A16,A404
sup,A16,A1064
sup,A20,A1577
sup,A20,A299
sup,A20,A2739
sup,A20,A1951
sup,A20,A641
sup,A20,A1687
sup,A20,A492
sup,A20,A2392
sup,A20,A2749
sup,A20,A788
sup,A20,A684
sup,A20,A160
sup,A20,A1446
sup,A20,A2383
sup,A20,A2011
sup,A20,A208
sup,A20,A485
sup,A20,A1017
sup,A20,A2132
sup,A20,A1741
sup,A20,A2071
sup,A21,A638
sup,A21,A2511
sup,A21,A777
sup,A21,A606
sup,A21,A769
sup,A24,A2580
sup,A24,A2228
sup,A24,A1751
sup,A24,A2616
sup,A24,A2122
sup,A24,A693
sup,A24,A408
sup,A24,A323
sup,A24,A680
sup,A24,A1000
sup,A25,A896
sup,A25,A425
sup,A25,A2757
sup,A25,A2684
sup,A25,A1263
sup,A25,A721
sup,A25,A217
sup,A25,A2094
sup,A25,A2010
sup,A25,A1597
sup,A25,A399
sup,A25,A265
sup,A25,A1828
sup,A25,A2353
sup,A25,A1504
sup,A26,A1955
sup,A26,A2597
sup,A26,A445
sup,A26,A2771
sup,A26,A1421
sup,A26,A687
sup,A26,A794
sup,A29,A672
sup,A29,A1949
sup,A29,A998
sup,A29,A101
sup,A29,A74
sup,A29,A2146
sup,A29,A1150
sup,A29,A1760
sup,A29,A260
sup,A29,A832
sup,A29,A2772
sup,A29,A988
sup,A29,A2181
sup,A29,A2228
sup,A29,A1606
sup,A29,A1986
sup,A29,A2741
sup,A29,A2533
sup,A29,A1394
sup,A29,A2114
sup,A29,A2732
sup,A29,A234
sup,A29,A892
sup,A29,A679
sup,A29,A898
sup,A29,A2444
sup,A31,A2423
sup,A31,A1164
sup,A31,A2035
sup,A31,A1874
sup,A32,A641
sup,A32,A742
sup,A32,A591
sup,A32,A1668
sup,A32,A2762
sup,A32,A998
sup,A32,A231
sup,A32,A2313
sup,A32,A338
sup,A32,A914
sup,A32,A198
sup,A32,A2128
sup,A32,A1498
sup,A32,A566
sup,A32,A498
sup,A32,A726
sup,A32,A17
sup,A32,A2588
sup,A32,A684
sup,A32,A2777
sup,A32,A616
sup,A34,A769
sup,A34,A639
sup,A34,A2435
sup,A34,A2038
sup,A34,A2790
sup,A37,A2058
sup,A37,A458
sup,A37,A2626
sup,A37,A2598
sup,A37,A441
sup,A37,A1169
sup,A37,A1802
sup,A37,A268
sup,A37,A1427
sup,A39,A2388
sup,A39,A338
sup,A39,A641
sup,A39,A447
sup,A39,A1477
sup,A39,A348
sup,A39,A1795
sup,A39,A2512
sup,A39,A2257
sup,A39,A360
sup,A39,A2420
sup,A39,A574
sup,A39,A750
sup,A39,A978
sup,A39,A1894
sup,A39,A1734
sup,A39,A1375
sup,A39,A256
sup,A39,A866
sup,A39,A1059
sup,A39,A1787
sup,A40,A1186
sup,A40,A325
sup,A40,A741
sup,A40,A1291
sup,A40,A1788
sup,A40,A1593
sup,A40,A8
sup,A40,A2690
sup,A41,A1444
sup,A41,A2616
sup,A41,A1434
sup,A41,A1584
sup,A41,A2162
sup,A41,A2755
sup,A41,A584
sup,A41,A883
sup,A41,A183
sup,A41,A2358
sup,A41,A2293
sup,A41,A104
sup,A41,A2258
sup,A41,A199
sup,A41,A2160
sup,A41,A1616
sup,A41,A2285
sup,A41,A590
sup,A41,A118
sup,A41,A184
sup,A41,A56
sup,A42,A683
sup,A42,A1744
sup,A42,A908
sup,A42,A563
sup,A42,A1007
sup,A42,A2360
sup,A42,A2684
sup,A42,A2485
sup,A42,A1318
sup,A42,A7
sup,A42,A1818
sup,A42,A2657
sup,A42,A502
sup,A43,A154
sup,A43,A2742
sup,A43,A974
sup,A43,A1771
sup,A43,A1141
sup,A43,A2144
sup,A43,A1053
sup,A43,A165
sup,A43,A1970
sup,A43,A1680
sup,A43,A2683
sup,A43,A949
sup,A43,A2162
sup,A43,A2151
sup,A43,A910
sup,A44,A946
sup,A44,A2528
sup,A44,A2195
sup,A44,A903
sup,A44,A2414
sup,A44,A2762
sup,A44,A1571
sup,A44,A2059
sup,A44,A2317
sup,A44,A2126
sup,A44,A601
sup,A44,A2777
sup,A44,A1239
sup,A44,A283
sup,A44,A2171
sup,A44,A186
sup,A44,A175
sup,A44,A1424
sup,A44,A1257
sup,A44,A24
sup,A44,A966
sup,A44,A651
sup,A44,A577
sup,A44,A1140
sup,A44,A111
sup,A44,A1393
sup,A46,A2095
sup,A46,A1200
sup,A46,A1716
sup,A46,A236
sup,A46,A565
sup,A46,A2589
sup,A46,A489
sup,A46,A1673
sup,A46,A1092
sup,A46,A2610
sup,A46,A284
sup,A46,A2470
sup,A46,A1695
sup,A46,A672
sup,A46,A2304
sup,A46,A1323
sup,A46,A2365
sup,A46,A1043
sup,A46,A2492
sup,A46,A2272
sup,A46,A2676
sup,A46,A1818
sup,A46,A1024
sup,A47,A2338
sup,A47,A1558
sup,A47,A2256
sup,A47,A1985
sup,A47,A915
sup,A47,A1979
sup,A47,A597
sup,A47,A1027
sup,A47,A580
sup,A47,A1493
sup,A47,A2192
sup,A49,A1309
sup,A49,A2426
sup,A49,A1724
sup,A49,A1491
sup,A49,A2149
sup,A49,A743
sup,A49,A332
sup,A49,A237
sup,A49,A771
sup,A49,A805
sup,A49,A1102
sup,A49,A2056
sup,A49,A2112
sup,A49,A1093
sup,A49,A303
sup,A49,A2253
sup,A49,A2787
sup,A49,A2009
sup,A49,A1409
sup,A50,A422
sup,A50,A1289
sup,A50,A790
sup,A50,A1726
sup,A50,A2466
sup,A50,A830
sup,A50,A1478
sup,A51,A856
sup,A51,A1233
sup,A51,A236
sup,A51,A1130
sup,A51,A2279
sup,A51,A184
sup,A51,A2380
sup,A51,A595
sup,A51,A45
sup,A51,A2181
sup,A51,A380
sup,A51,A2247
sup,A51,A1027
sup,A51,A769
sup,A51,A791
sup,A51,A1462
sup,A51,A150
sup,A51,A332
sup,A51,A2492
sup,A51,A1076
sup,A51,A1511
sup,A51,A619
sup,A51,A882
sup,A51,A1414
sup,A51,A2041
sup,A51,A2404
sup,A51,A2128
sup,A51,A2260
sup,A51,A456
sup,A51,A284
sup,A52,A855
sup,A52,A986
sup,A52,A2766
sup,A52,A822
sup,A52,A1982
sup,A52,A1736
sup,A52,A1409
sup,A54,A254
sup,A54,A473
sup,A54,A71
sup,A54,A1173
sup,A54,A2078
sup,A54,A2426
sup,A54,A1121
sup,A54,A2424
sup,A54,A2693
sup,A54,A2073
sup,A54,A682
sup,A54,A113
sup,A54,A1433
sup,A54,A2614
sup,A54,A2540
sup,A54,A532
sup,A54,A1059
sup,A54,A2294
sup,A54,A1113
sup,A54,A2137
sup,A55,A349
sup,A55,A294
sup,A55,A2458
sup,A55,A2228
sup,A55,A33
sup,A55,A1240
sup,A55,A1332
sup,A55,A2511
sup,A55,A1197
sup,A55,A1452
sup,A55,A764
sup,A55,A323
sup,A55,A2584
sup,A55,A1028
sup,A55,A2166
sup,A55,A944
sup,A55,A2564
sup,A55,A545
sup,A55,A49
sup,A61,A2357
sup,A61,A42
sup,A61,A2595
sup,A61,A66
sup,A61,A580
sup,A61,A683
sup,A61,A1581
sup,A61,A2278
sup,A61,A517
sup,A61,A1299
sup,A61,A459
sup,A61,A141
sup,A61,A87
sup,A61,A294
sup,A63,A570
sup,A63,A75
sup,A63,A1577
sup,A63,A1426
sup,A63,A872
sup,A63,A2095
sup,A63,A349
sup,A63,A2055
sup,A63,A340
sup,A63,A2335
sup,A63,A114
sup,A63,A260
sup,A63,A1526
sup,A63,A1669
sup,A63,A120
sup,A63,A2523
sup,A63,A2406
sup,A63,A146
sup,A63,A2402
sup,A63,A1432
sup,A63,A975
sup,A63,A2608
sup,A63,A112
sup,A63,A1796
sup,A63,A2559
sup,A64,A223
sup,A64,A1904
sup,A64,A1951
sup,A64,A2490
sup,A64,A2004
sup,A64,A1868
sup,A64,A1334
sup,A64,A1039
sup,A64,A1619
sup,A64,A907
sup,A64,A1657
sup,A64,A2171
sup,A64,A2330
sup,A64,A2117
sup,A65,A1006
sup,A65,A232
sup,A65,A1220
sup,A67,A506
sup,A67,A1027
sup,A67,A854
sup,A67,A1652
sup,A67,A1507
sup,A67,A518
sup,A67,A1202
sup,A67,A632
sup,A67,A1476
sup,A67,A768
sup,A67,A2763
sup,A67,A2186
sup,A67,A1063
sup,A67,A1461
sup,A67,A199
sup,A67,A1441
sup,A67,A1493
sup,A67,A875
sup,A67,A479
sup,A67,A722
sup,A67,A1178
sup,A67,A1603
sup,A67,A1702
sup,A68,A373
sup,A68,A1415
sup,A68,A2157
sup,A70,A852
sup,A72,A1366
sup,A72,A1936
sup,A72,A911
sup,A72,A1580
sup,A72,A1644
sup,A72,A1313
sup,A72,A2185
sup,A72,A2333
sup,A72,A2341
sup,A72,A468
sup,A73,A2286
sup,A73,A2183
sup,A73,A1719
sup,A73,A251
sup,A73,A393
sup,A73,A2048
sup,A73,A2063
sup,A73,A797
sup,A73,A1934
sup,A73,A353
sup,A73,A1933
sup,A73,A1860
sup,A73,A1410
sup,A73,A708
sup,A73,A81
sup,A73,A2660
sup,A73,A2054
sup,A73,A2270
sup,A73,A1388
sup,A74,A2708
sup,A74,A408
sup,A74,A16
sup,A74,A1254
sup,A74,A1964
sup,A74,A96
sup,A74,A35
sup,A74,A958
sup,A74,A885
sup,A74,A2757
sup,A74,A1251
sup,A74,A2264
sup,A74,A2657
sup,A74,A2447
sup,A74,A294
sup,A74,A1031
sup,A74,A1988
sup,A74,A260
sup,A74,A1468
sup,A74,A502
sup,A74,A1620
sup,A74,A1138
sup,A75,A318
sup,A75,A845
sup,A75,A2172
sup,A75,A1437
sup,A75,A350
sup,A75,A1351
sup,A75,A1170
sup,A75,A1341
sup,A75,A540
sup,A86,A1402
sup,A86,A1418
sup,A86,A1491
sup,A86,A2076
sup,A86,A1892
sup,A86,A1018
sup,A86,A1791
sup,A86,A2757
sup,A86,A2459
sup,A86,A1135
sup,A86,A1638
sup,A86,A214
sup,A86,A1356
sup,A86,A2798
sup,A86,A1169
sup,A86,A2154
sup,A86,A1819
sup,A86,A2679
sup,A86,A2473
sup,A86,A2520
sup,A86,A1530
sup,A87,A1841
sup,A87,A2043
sup,A87,A2758
sup,A87,A2792
sup,A87,A695
sup,A87,A966
sup,A87,A2137
sup,A87,A1586
sup,A87,A729
sup,A87,A2218
sup,A87,A1115
sup,A87,A2638
sup,A87,A2556
sup,A87,A443
sup,A87,A2790
sup,A87,A932
sup,A87,A2293
sup,A87,A657
sup,A87,A2451
sup,A87,A1191
sup,A87,A1660
sup,A87,A1378
sup,A87,A551
sup,A87,A2404
sup,A87,A1958
sup,A87,A1390
sup,A87,A943
sup,A89,A119
sup,A89,A1343
sup,A89,A463
sup,A89,A1981
sup,A92,A1264
sup,A92,A2382
sup,A92,A1249
sup,A92,A1637
sup,A92,A1906
sup,A94,A1230
sup,A94,A2195
sup,A94,A2785
sup,A98,A702
sup,A98,A1774
sup,A98,A1650
sup,A98,A2723
sup,A98,A1826
sup,A98,A1909
sup,A99,A2307
sup,A99,A352
sup,A99,A1238
sup,A99,A134
sup,A99,A2459
sup,A99,A2507
sup,A101,A85
sup,A101,A2108
sup,A101,A1802
sup,A101,A1383
sup,A101,A2232
sup,A101,A564
sup,A101,A1744
sup,A101,A267
sup,A101,A158
sup,A101,A2164
sup,A101,A2091
sup,A101,A1008
sup,A101,A2266
sup,A101,A1385
sup,A101,A421
sup,A101,A1584
sup,A101,A1100
sup,A101,A879
sup,A101,A785
sup,A101,A2515
sup,A101,A2531
sup,A101,A1370
sup,A101,A2729
sup,A102,A1052
sup,A102,A1029
sup,A102,A412
sup,A102,A1969
sup,A102,A1746
sup,A102,A429
sup,A103,A2320
sup,A103,A1623
sup,A103,A2395
sup,A103,A97
sup,A103,A2162
sup,A103,A1164
sup,A103,A522
sup,A103,A1666
sup,A103,A663
sup,A104,A378
sup,A104,A1124
sup,A104,A236
sup,A104,A334
sup,A104,A1393
sup,A104,A1777
sup,A104,A646
sup,A104,A339
sup,A105,A2763
sup,A105,A1487
sup,A105,A2730
sup,A105,A2705
sup,A105,A1
sup,A105,A456
sup,A105,A2381
sup,A107,A85
sup,A107,A1846
sup,A107,A73
sup,A107,A528
sup,A107,A1250
sup,A107,A617
sup,A107,A473
sup,A107,A1519
sup,A107,A974
sup,A107,A563
sup,A107,A1301
sup,A107,A1183
sup,A107,A1998
sup,A107,A1902
sup,A107,A489
sup,A110,A279
sup,A110,A1466
sup,A110,A1071
sup,A110,A2729
sup,A110,A2196
sup,A110,A2113
sup,A110,A631
sup,A110,A2042
sup,A110,A2437
sup,A110,A2630
sup,A110,A1127
sup,A110,A523
sup,A110,A319
sup,A110,A2421
sup,A110,A1781
sup,A110,A633
sup,A110,A2358
sup,A110,A1897
sup,A110,A2409
sup,A110,A1957
sup,A110,A2361
sup,A110,A2223
sup,A110,A1872
sup,A110,A1764
sup,A110,A1024
sup,A110,A2781
sup,A111,A2035
sup,A111,A1869
sup,A111,A2660
sup,A111,A671
sup,A111,A429
sup,A111,A595
sup,A111,A128
sup,A111,A224
sup,A111,A1878
sup,A111,A2092
sup,A111,A1645
sup,A115,A1831
sup,A115,A61
sup,A115,A143
sup,A115,A1935
sup,A115,A760
sup,A115,A2175
sup,A115,A1066
sup,A115,A1580
sup,A115,A2750
sup,A115,A983
sup,A115,A689
sup,A115,A1458
sup,A115,A2059
sup,A115,A1612
sup,A115,A205
sup,A115,A1714
sup,A115,A1649
sup,A118,A969
sup,A118,A1550
sup,A119,A1260
sup,A119,A59
sup,A119,A1326
sup,A119,A2635
sup,A119,A2099
sup,A119,A1198
sup,A119,A2467
sup,A119,A1716
sup,A119,A1810
sup,A119,A2097
sup,A119,A2363
sup,A119,A129
sup,A119,A546
sup,A119,A1614
sup,A119,A1208
sup,A119,A2020
sup,A119,A1269
sup,A119,A1429
sup,A119,A2397
sup,A119,A1516
sup,A119,A1445
sup,A119,A771
sup,A119,A784
sup,A119,A1508
sup,A119,A1976
sup,A121,A1768
sup,A121,A2342
sup,A121,A2696
sup,A121,A887
sup,A121,A2196
sup,A121,A589
sup,A123,A1929
sup,A123,A2209
sup,A123,A668
sup,A123,A1442
sup,A123,A2411
sup,A123,A1407
sup,A123,A1586
sup,A123,A998
sup,A123,A809
sup,A123,A1839
sup,A123,A894
sup,A124,A2444
sup,A124,A459
sup,A124,A2116
sup,A124,A354
sup,A124,A2447
sup,A124,A450
sup,A126,A1827
sup,A128,A282
sup,A128,A2414
sup,A128,A2037
sup,A128,A1855
sup,A128,A395
sup,A128,A2326
sup,A128,A912
sup,A128,A1024
sup,A128,A504
sup,A128,A433
sup,A128,A212
sup,A129,A1893
sup,A129,A1096
sup,A129,A293
sup,A129,A1278
sup,A129,A1681
sup,A129,A1152
sup,A129,A410
sup,A129,A1432
sup,A129,A1301
sup,A129,A1785
sup,A129,A1552
sup,A129,A1015
sup,A129,A353
sup,A129,A306
sup,A129,A1732
sup,A129,A2475
sup,A129,A242
sup,A129,A389
sup,A129,A2696
sup,A129,A1826
sup,A129,A2133
sup,A129,A2624
sup,A129,A755
sup,A129,A1975
sup,A129,A1583
sup,A136,A2212
sup,A136,A1323
sup,A136,A1293
sup,A136,A1911
sup,A136,A846
sup,A136,A160
sup,A136,A1195
sup,A136,A910
sup,A136,A2680
sup,A136,A2241
sup,A136,A1934
sup,A136,A2028
sup,A136,A1866
sup,A136,A216
sup,A136,A1565
sup,A136,A436
sup,A136,A2462
sup,A136,A1535
sup,A136,A1028
sup,A136,A7
sup,A143,A2637
sup,A143,A1407
sup,A143,A1023
sup,A143,A29
sup,A143,A629
sup,A145,A495
sup,A145,A2647
sup,A145,A1956
sup,A145,A71
sup,A145,A305
sup,A145,A995
sup,A145,A1252
sup,A145,A1295
sup,A145,A1788
sup,A145,A2578
sup,A145,A1769
sup,A145,A1495
sup,A145,A2498
sup,A145,A118
sup,A147,A686
sup,A147,A877
sup,A147,A2591
sup,A147,A2768
sup,A147,A200
sup,A147,A731
sup,A147,A1483
sup,A147,A54
sup,A147,A800
sup,A147,A606
sup,A148,A2596
sup,A148,A1512
sup,A148,A1172
sup,A148,A2434
sup,A148,A139
sup,A148,A1533
sup,A148,A2284
sup,A148,A809
sup,A148,A792
sup,A148,A2779
sup,A148,A990
sup,A148,A969
sup,A148,A1915
sup,A148,A910
sup,A148,A1987
sup,A148,A2276
sup,A148,A1909
sup,A148,A110
sup,A150,A1948
sup,A150,A2304
sup,A150,A2295
sup,A150,A2487
sup,A150,A1650
sup,A150,A1549
sup,A150,A2551
sup,A150,A2758
sup,A154,A955
sup,A154,A2781
sup,A154,A1982
sup,A154,A1787
sup,A154,A2277
sup,A154,A2094
sup,A154,A423
sup,A154,A223
sup,A154,A2631
sup,A154,A1912
sup,A154,A2109
sup,A154,A1072
sup,A154,A2674
sup,A154,A2506
sup,A154,A1798
sup,A154,A2427
sup,A154,A946
sup,A154,A1560
sup,A154,A2523
sup,A155,A1932
sup,A155,A2382
sup,A155,A251
sup,A155,A404
sup,A155,A2718
sup,A155,A961
sup,A155,A2606
sup,A155,A2092
sup,A155,A1884
sup,A155,A2262
sup,A155,A600
sup,A155,A656
sup,A155,A513
sup,A155,A2140
sup,A155,A1898
sup,A155,A1893
sup,A155,A2508
sup,A155,A1472
sup,A155,A167
sup,A155,A1311
sup,A155,A1805
sup,A155,A2543
sup,A156,A639
sup,A156,A1524
sup,A156,A1374
sup,A156,A679
sup,A156,A2178
sup,A156,A1151
sup,A156,A51
sup,A156,A1670
sup,A156,A1104
sup,A156,A1441
sup,A156,A706
sup,A156,A1694
sup,A156,A2432
sup,A159,A2433
sup,A159,A2512
sup,A159,A526
sup,A159,A2503
sup,A159,A129
sup,A159,A889
sup,A159,A1461
sup,A159,A1017
sup,A159,A2087
sup,A159,A857
sup,A159,A739
sup,A159,A1366
sup,A159,A2410
sup,A159,A1476
sup,A159,A290
sup,A159,A1086
sup,A160,A1171
sup,A160,A1955
sup,A160,A1417
sup,A160,A669
sup,A160,A1185
sup,A160,A2326
sup,A164,A1199
sup,A164,A1970
sup,A164,A1305
sup,A164,A431
sup,A164,A372
sup,A164,A2205
sup,A164,A2342
sup,A164,A760
sup,A164,A1882
sup,A164,A1655
sup,A164,A556
sup,A164,A2350
sup,A164,A2751
sup,A164,A273
sup,A164,A1236
sup,A164,A693
sup,A164,A2675
sup,A164,A492
sup,A164,A1844
sup,A164,A2525
sup,A164,A1609
sup,A164,A311
sup,A164,A2231
sup,A164,A851
sup,A169,A972
sup,A169,A436
sup,A169,A315
sup,A169,A387
sup,A169,A2471
sup,A169,A2398
sup,A169,A1881
sup,A169,A2207
sup,A170,A1993
sup,A170,A476
sup,A170,A1222
sup,A170,A2622
sup,A170,A2123
sup,A170,A504
sup,A170,A1129
sup,A170,A1521
sup,A170,A716
sup,A170,A1799
sup,A170,A93
sup,A170,A549
sup,A170,A2750
sup,A170,A2671
sup,A170,A22
sup,A170,A2338
sup,A170,A291
sup,A170,A1508
sup,A170,A2302
sup,A170,A711
sup,A170,A1724
sup,A173,A1615
sup,A173,A1436
sup,A173,A2050
sup,A173,A1109
sup,A173,A1003
sup,A173,A2372
sup,A173,A2615
sup,A173,A1469
sup,A173,A2018
sup,A173,A122
sup,A173,A2030
sup,A173,A1404
sup,A173,A665
sup,A173,A1916
sup,A173,A1231
sup,A173,A700
sup,A173,A2305
sup,A173,A252
sup,A173,A2607
sup,A173,A1841
sup,A173,A1004
sup,A173,A2051
sup,A173,A701
sup,A173,A314
sup,A173,A563
sup,A173,A1080
sup,A174,A722
sup,A174,A1334
sup,A174,A904
sup,A174,A1154
sup,A174,A92
sup,A174,A1
sup,A174,A307
sup,A174,A1996
sup,A174,A1638
sup,A174,A554
sup,A174,A260
sup,A174,A963
sup,A174,A565
sup,A174,A97
sup,A174,A2053
sup,A174,A202
sup,A174,A1248
sup,A174,A2782
sup,A174,A333
sup,A174,A1892
sup,A174,A673
sup,A174,A1404
sup,A174,A1603
sup,A174,A1773
sup,A174,A1501
sup,A174,A719
sup,A174,A2071
sup,A174,A709
sup,A174,A66
sup,A175,A125
sup,A175,A775
sup,A175,A820
sup,A175,A2142
sup,A175,A1779
sup,A175,A835
sup,A175,A961
sup,A175,A2351
sup,A175,A1747
sup,A175,A2440
sup,A175,A813
sup,A177,A680
sup,A177,A270
sup,A177,A1421
sup,A177,A2709
sup,A177,A2078
sup,A177,A1495
sup,A177,A1461
sup,A177,A598
sup,A177,A120
sup,A177,A2726
sup,A177,A737
sup,A177,A1459
sup,A177,A259
sup,A177,A2550
sup,A177,A264
sup,A180,A307
sup,A180,A1654
sup,A180,A173
sup,A180,A405
sup,A180,A1098
sup,A180,A1180
sup,A180,A848
sup,A180,A2161
sup,A180,A1621
sup,A180,A1154
sup,A180,A2056
sup,A180,A2462
sup,A180,A2113
sup,A180,A1123
sup,A180,A2078
sup,A180,A335
sup,A180,A1251
sup,A180,A2473
sup,A180,A1261
sup,A180,A2072
sup,A180,A1052
sup,A180,A1144
sup,A180,A570
sup,A180,A2724
sup,A180,A1388
sup,A180,A2176
sup,A181,A2535
sup,A181,A1001
sup,A181,A1148
sup,A181,A1159
sup,A181,A1639
sup,A181,A1231
sup,A181,A396
sup,A181,A1960
sup,A181,A1287
sup,A181,A1912
sup,A181,A2386
sup,A181,A2610
sup,A181,A1057
sup,A181,A1061
sup,A181,A87
sup,A181,A1378
sup,A181,A859
sup,A181,A349
sup,A181,A1417
sup,A181,A2189
sup,A181,A108
sup,A181,A2419
sup,A182,A1220
sup,A182,A2203
sup,A182,A1724
sup,A182,A2411
sup,A182,A1638
sup,A182,A880
sup,A182,A2430
sup,A182,A968
sup,A182,A1561
sup,A182,A1430
sup,A183,A859
sup,A183,A1400
sup,A183,A211
sup,A183,A2629
sup,A183,A911
sup,A189,A259
sup,A189,A2232
sup,A189,A644
sup,A189,A2397
sup,A189,A14
sup,A189,A705
sup,A189,A386
sup,A189,A2150
sup,A189,A2454
sup,A189,A1474
sup,A189,A139
sup,A189,A1907
sup,A189,A1467
sup,A189,A2435
sup,A189,A2185
sup,A189,A1524
sup,A189,A2712
sup,A189,A2111
sup,A189,A1375
sup,A189,A2255
sup,A189,A2445
sup,A191,A1527
sup,A191,A2341
sup,A191,A1550
sup,A191,A2538
sup,A191,A407
sup,A191,A2346
sup,A191,A1927
sup,A191,A1285
sup,A191,A43
sup,A191,A1660
sup,A191,A1256
sup,A191,A521
sup,A191,A324
sup,A191,A656
sup,A191,A621
sup,A191,A1359
sup,A195,A226
sup,A195,A1429
sup,A195,A1505
sup,A195,A725
sup,A195,A651
sup,A195,A1591
sup,A195,A2686
sup,A195,A1270
sup,A195,A1400
sup,A195,A490
sup,A195,A769
sup,A195,A394
sup,A195,A45
sup,A195,A1406
sup,A195,A1133
sup,A196,A1434
sup,A196,A22
sup,A196,A1358
sup,A196,A2438
sup,A196,A1140
sup,A196,A1486
sup,A196,A1651
sup,A196,A1860
sup,A196,A737
sup,A196,A1696
sup,A196,A2749
sup,A196,A289
sup,A196,A1648
sup,A196,A301
sup,A196,A2344
sup,A196,A1791
sup,A196,A1859
sup,A196,A951
sup,A196,A1605
sup,A197,A1718
sup,A197,A2189
sup,A197,A170
sup,A197,A2623
sup,A197,A981
sup,A197,A1241
sup,A197,A1796
sup,A197,A552
sup,A197,A1824
sup,A197,A1598
sup,A197,A66
sup,A197,A1353
sup,A197,A1936
sup,A197,A620
sup,A197,A210
sup,A197,A2141
sup,A197,A1653
sup,A199,A2
sup,A199,A2472
sup,A199,A643
sup,A199,A78
sup,A199,A66
sup,A202,A1913
sup,A202,A60
sup,A202,A1866
sup,A202,A210
sup,A202,A793
sup,A202,A34
sup,A202,A2470
sup,A204,A1820
sup,A204,A1704
sup,A204,A1386
sup,A204,A1627
sup,A204,A618
sup,A204,A1782
sup,A204,A1781
sup,A204,A2737
sup,A204,A2590
sup,A204,A639
sup,A204,A1048
sup,A204,A840
sup,A204,A1923
sup,A204,A1719
sup,A204,A2676
sup,A204,A1118
sup,A204,A115
sup,A204,A1222
sup,A204,A1365
sup,A204,A258
sup,A204,A1870
sup,A204,A1750
sup,A206,A2497
sup,A206,A763
sup,A206,A2604
sup,A206,A2652
sup,A206,A2515
sup,A209,A1834
sup,A209,A1067
sup,A209,A2113
sup,A209,A1190
sup,A209,A417
sup,A209,A265
sup,A209,A447
sup,A209,A2001
sup,A210,A598
sup,A210,A880
sup,A210,A985
sup,A210,A2689
sup,A210,A877
sup,A210,A1459
sup,A210,A37
sup,A210,A804
sup,A210,A1698
sup,A210,A170
sup,A210,A2715
sup,A210,A2640
sup,A210,A336
sup,A214,A1400
sup,A214,A2409
sup,A214,A1938
sup,A214,A1070
sup,A214,A2759
sup,A214,A380
sup,A214,A1138
sup,A214,A2485
sup,A214,A1305
sup,A214,A2014
sup,A216,A1956
sup,A216,A2472
sup,A216,A756
sup,A216,A2433
sup,A216,A1461
sup,A216,A2429
sup,A216,A1890
sup,A216,A983
sup,A216,A781
sup,A216,A2200
sup,A216,A1276
sup,A216,A463
sup,A216,A1865
sup,A217,A1180
sup,A217,A1061
sup,A217,A171
sup,A217,A449
sup,A217,A1946
sup,A217,A96
sup,A217,A100
sup,A217,A1416
sup,A217,A2221
sup,A217,A2323
sup,A217,A1669
sup,A217,A1619
sup,A217,A837
sup,A217,A682
sup,A217,A1021
sup,A217,A413
sup,A217,A2030
sup,A217,A318
sup,A217,A2624
sup,A217,A714
sup,A217,A2608
sup,A217,A592
sup,A217,A1173
sup,A217,A2246
sup,A217,A637
sup,A217,A1565
sup,A218,A1706
sup,A218,A2662
sup,A218,A2341
sup,A225,A1436
sup,A225,A2337
sup,A225,A217
sup,A225,A736
sup,A225,A1952
sup,A225,A54
sup,A225,A2478
sup,A225,A2661
sup,A225,A1422
sup,A225,A901
sup,A225,A1335
sup,A225,A1366
sup,A225,A569
sup,A225,A566
sup,A225,A1257
sup,A225,A1524
sup,A225,A1068
sup,A225,A1378
sup,A225,A1951
sup,A225,A433
sup,A228,A2196
sup,A228,A1320
sup,A228,A14
sup,A228,A1526
sup,A228,A927
sup,A228,A2091
sup,A228,A1775
sup,A228,A565
sup,A228,A1689
sup,A228,A1629
sup,A228,A1437
sup,A228,A1414
sup,A228,A87
sup,A228,A792
sup,A228,A2654
sup,A228,A1353
sup,A228,A724
sup,A228,A2662
sup,A228,A702
sup,A228,A276
sup,A228,A969
sup,A228,A2058
sup,A228,A428
sup,A231,A1837
sup,A231,A2654
sup,A231,A1353
sup,A231,A1630
sup,A231,A2686
sup,A231,A1495
sup,A231,A2254
sup,A231,A28
sup,A231,A135
sup,A231,A78
sup,A231,A1333
sup,A231,A2136
sup,A231,A2567
sup,A231,A226
sup,A231,A2171
sup,A231,A1235
sup,A231,A283
sup,A231,A641
sup,A231,A1788
sup,A231,A1994
sup,A235,A2346
sup,A235,A1563
sup,A235,A2735
sup,A235,A1886
sup,A235,A2185
sup,A235,A49
sup,A235,A1410
sup,A235,A1649
sup,A235,A2783
sup,A235,A1622
sup,A235,A926
sup,A235,A2001
sup,A235,A1887
sup,A235,A2008
sup,A235,A1306
sup,A237,A1222
sup,A237,A1342
sup,A237,A2015
sup,A237,A1739
sup,A237,A1489
sup,A237,A1144
sup,A237,A1465
sup,A237,A1034
sup,A237,A1295
sup,A237,A2029
sup,A237,A220
sup,A237,A1473
sup,A237,A1735
sup,A237,A32
sup,A239,A256
sup,A240,A1250
sup,A240,A2279
sup,A240,A487
sup,A240,A1731
sup,A240,A1178
sup,A240,A2629
sup,A241,A2664
sup,A241,A581
sup,A241,A1927
sup,A241,A2356
sup,A241,A2064
sup,A241,A483
sup,A242,A2254
sup,A242,A2410
sup,A242,A965
sup,A242,A345
sup,A242,A1813
sup,A242,A251
sup,A242,A803
sup,A242,A2101
sup,A242,A2469
sup,A242,A1030
sup,A242,A2668
sup,A242,A1833
sup,A242,A204
sup,A242,A5
sup,A242,A2007
sup,A242,A2134
sup,A242,A126
sup,A242,A1942
sup,A242,A677
sup,A242,A530
sup,A244,A1576
sup,A244,A685
sup,A244,A2603
sup,A244,A1297
sup,A244,A319
sup,A244,A1623
sup,A244,A2128
sup,A244,A908
sup,A244,A2360
sup,A244,A1690
sup,A244,A1793
sup,A244,A1945
sup,A244,A2350
sup,A244,A1027
sup,A244,A104
sup,A244,A2351
sup,A244,A1452
sup,A244,A1932
sup,A244,A606
sup,A244,A941
sup,A245,A425
sup,A245,A2782
sup,A245,A2748
sup,A245,A649
sup,A245,A776
sup,A245,A2305
sup,A245,A1106
sup,A245,A1732
sup,A245,A2266
sup,A245,A472
sup,A245,A1155
sup,A245,A665
sup,A245,A1933
sup,A245,A92
sup,A245,A1640
sup,A245,A445
sup,A245,A938
sup,A245,A735
sup,A245,A2343
sup,A246,A2368
sup,A246,A603
sup,A246,A2581
sup,A246,A1395
sup,A246,A1508
sup,A246,A2501
sup,A246,A710
sup,A246,A314
sup,A246,A2272
sup,A246,A2550
sup,A246,A178
sup,A246,A2428
sup,A246,A1044
sup,A246,A192
sup,A246,A2342
sup,A246,A108
sup,A246,A2280
sup,A246,A92
sup,A246,A1498
sup,A246,A784
sup,A246,A1634
sup,A246,A407
sup,A246,A2327
sup,A246,A1494
sup,A246,A436
sup,A246,A772
sup,A246,A401
sup,A246,A2532
sup,A247,A617
sup,A247,A240
sup,A247,A1491
sup,A247,A674
sup,A247,A242
sup,A247,A924
sup,A247,A502
sup,A247,A1151
sup,A247,A2485
sup,A247,A1832
sup,A247,A2271
sup,A248,A1598
sup,A248,A2593
sup,A248,A2444
sup,A248,A2121
sup,A248,A1758
sup,A248,A2161
sup,A248,A519
sup,A248,A1648
sup,A248,A1891
sup,A248,A636
sup,A248,A1776
sup,A248,A921
sup,A248,A884
sup,A248,A102
sup,A248,A2151
sup,A248,A1188
sup,A248,A2317
sup,A248,A1553
sup,A248,A394
sup,A248,A1672
sup,A248,A1394
sup,A252,A1000
sup,A252,A1188
sup,A252,A2195
sup,A252,A2678
sup,A252,A1520
sup,A252,A661
sup,A252,A1640
sup,A252,A391
sup,A252,A1480
sup,A252,A2618
sup,A252,A2710
sup,A252,A1889
sup,A252,A2555
sup,A252,A1808
sup,A252,A1688
sup,A252,A2104
sup,A252,A202
sup,A252,A1772
sup,A252,A978
sup,A252,A1421
sup,A252,A1638
sup,A253,A2738
sup,A253,A433
sup,A253,A1928
sup,A253,A2453
sup,A253,A2694
sup,A253,A1398
sup,A253,A652
sup,A253,A912
sup,A253,A2437
sup,A253,A2148
sup,A253,A1474
sup,A253,A427
sup,A253,A998
sup,A253,A1366
sup,A253,A592
sup,A253,A654
sup,A253,A2105
sup,A253,A1266
sup,A253,A1264
sup,A253,A706
sup,A253,A2382
sup,A254,A1540
sup,A254,A1818
sup,A254,A2093
sup,A254,A1189
sup,A254,A2349
sup,A254,A2329
sup,A254,A1952
sup,A254,A57
sup,A257,A164
sup,A257,A2347
sup,A257,A557
sup,A257,A1494
sup,A257,A886
sup,A257,A2286
sup,A257,A2155
sup,A257,A1306
sup,A257,A1333
sup,A257,A1973
sup,A257,A2732
sup,A260,A2406
sup,A260,A1961
sup,A260,A337
sup,A260,A409
sup,A260,A2583
sup,A260,A908
sup,A260,A1541
sup,A260,A1279
sup,A260,A2610
sup,A260,A2335
sup,A260,A530
sup,A260,A992
sup,A260,A2739
sup,A260,A2375
sup,A260,A1211
sup,A260,A1507
sup,A261,A2723
sup,A261,A1864
sup,A263,A1743
sup,A263,A1440
sup,A263,A1699
sup,A263,A2352
sup,A263,A821
sup,A263,A959
sup,A263,A1971
sup,A263,A1449
sup,A263,A1453
sup,A263,A828
sup,A263,A2004
sup,A263,A133
sup,A263,A902
sup,A263,A897
sup,A263,A838
sup,A263,A514
sup,A263,A2618
sup,A263,A297
sup,A263,A2734
sup,A263,A1564
sup,A263,A1820
sup,A263,A1230
sup,A263,A1513
sup,A263,A1263
sup,A263,A1037
sup,A263,A1122
sup,A263,A1385
sup,A263,A1235
sup,A263,A481
sup,A263,A710
sup,A264,A1776
sup,A264,A544
sup,A264,A1555
sup,A264,A1352
sup,A264,A2330
sup,A264,A2015
sup,A264,A2543
sup,A264,A2155
sup,A264,A1340
sup,A264,A1518
sup,A264,A507
sup,A264,A2013
sup,A264,A335
sup,A264,A234
sup,A264,A2491
sup,A264,A548
sup,A264,A1156
sup,A264,A2119
sup,A264,A132
sup,A264,A2672
sup,A264,A2781
sup,A264,A935
sup,A264,A411
sup,A264,A404
sup,A264,A560
sup,A264,A2578
sup,A264,A1740
sup,A264,A2054
sup,A264,A1162
sup,A264,A865
sup,A265,A151
sup,A265,A1220
sup,A265,A150
sup,A265,A1630
sup,A265,A1440
sup,A265,A1734
sup,A265,A1475
sup,A265,A1363
sup,A265,A1468
sup,A265,A112
sup,A265,A1264
sup,A265,A1321
sup,A265,A2276
sup,A265,A1518
sup,A265,A51
sup,A265,A2029
sup,A265,A392
sup,A265,A2354
sup,A265,A2555
sup,A265,A183
sup,A265,A1357
sup,A265,A923
sup,A265,A354
sup,A265,A1454
sup,A266,A1541
sup,A266,A2738
sup,A266,A1552
sup,A266,A1588
sup,A266,A1933
sup,A266,A1074
sup,A269,A1093
sup,A269,A1292
sup,A269,A2738
sup,A269,A2202
sup,A269,A176
sup,A269,A1681
sup,A269,A616
sup,A269,A16
sup,A269,A529
sup,A269,A752
sup,A269,A142
sup,A269,A2366
sup,A269,A2371
sup,A269,A2783
sup,A269,A1425
sup,A269,A726
sup,A269,A2042
sup,A269,A1297
sup,A270,A385
sup,A270,A2175
sup,A270,A2406
sup,A270,A1877
sup,A270,A2357
sup,A270,A1107
sup,A270,A2204
sup,A270,A624
sup,A271,A2712
sup,A271,A2107
sup,A271,A889
sup,A271,A2502
sup,A271,A134
sup,A271,A1676
sup,A271,A1931
sup,A271,A1608
sup,A271,A2627
sup,A271,A863
sup,A276,A46
sup,A276,A2544
sup,A276,A2646
sup,A276,A757
sup,A276,A1782
sup,A276,A1670
sup,A276,A2254
sup,A276,A2030
sup,A276,A1672
sup,A276,A1752
sup,A276,A2589
sup,A276,A1
sup,A276,A2435
sup,A276,A84
sup,A276,A1305
sup,A276,A1362
sup,A276,A2114
sup,A276,A2427
sup,A276,A2612
sup,A276,A1776
sup,A276,A2588
sup,A276,A2758
sup,A276,A2410
sup,A276,A1576
sup,A277,A1356
sup,A277,A393
sup,A277,A394
sup,A277,A2081
sup,A277,A771
sup,A277,A1615
sup,A277,A1389
sup,A277,A2747
sup,A277,A1074
sup,A278,A717
sup,A278,A1014
sup,A278,A2345
sup,A278,A2505
sup,A278,A1529
sup,A278,A2290
sup,A278,A1157
sup,A278,A1882
sup,A278,A659
sup,A279,A1596
sup,A279,A644
sup,A279,A1474
sup,A279,A92
sup,A279,A2085
sup,A279,A2690
sup,A279,A2334
sup,A279,A1027
sup,A279,A1142
sup,A279,A1469
sup,A279,A2018
sup,A279,A1924
sup,A279,A332
sup,A279,A1061
sup,A279,A2564
sup,A279,A749
sup,A279,A359
sup,A279,A1628
sup,A279,A2783
sup,A279,A839
sup,A279,A1606
sup,A280,A2743
sup,A280,A1551
sup,A280,A1015
sup,A280,A2348
sup,A280,A2351
sup,A280,A999
sup,A280,A621
sup,A280,A291
sup,A280,A1647
sup,A280,A414
sup,A280,A2731
sup,A280,A2364
sup,A280,A1711
sup,A280,A1961
sup,A280,A2361
sup,A280,A2354
sup,A280,A1603
sup,A280,A140
sup,A280,A652
sup,A280,A1676
sup,A280,A2271
sup,A280,A2101
sup,A281,A2000
sup,A281,A122
sup,A281,A4
sup,A281,A428
sup,A281,A2412
sup,A281,A2572
sup,A281,A600
sup,A281,A685
sup,A281,A1431
sup,A281,A1283
sup,A281,A591
sup,A281,A1654
sup,A281,A1526
sup,A281,A1022
sup,A281,A542
sup,A283,A593
sup,A283,A869
sup,A283,A120
sup,A283,A2181
sup,A283,A1
sup,A283,A82
sup,A283,A682
sup,A284,A189
sup,A284,A748
sup,A284,A188
sup,A284,A1695
sup,A284,A1815
sup,A284,A1000
sup,A284,A907
sup,A284,A2379
sup,A284,A493
sup,A284,A157
sup,A284,A2420
sup,A284,A1603
sup,A284,A2537
sup,A284,A93
sup,A284,A2644
sup,A284,A1497
sup,A284,A2699
sup,A284,A1253
sup,A284,A1947
sup,A284,A811
sup,A285,A1857
sup,A285,A1027
sup,A285,A1190
sup,A285,A338
sup,A285,A744
sup,A285,A2620
sup,A285,A1814
sup,A285,A524
sup,A285,A178
sup,A285,A1916
sup,A285,A714
sup,A285,A1197
sup,A286,A2733
sup,A286,A2639
sup,A286,A407
sup,A286,A955
sup,A286,A705
sup,A286,A2572
sup,A286,A1453
sup,A286,A2071
sup,A286,A2002
sup,A286,A1599
sup,A286,A598
sup,A287,A1247
sup,A287,A1668
sup,A287,A2667
sup,A287,A849
sup,A287,A535
sup,A287,A2711
sup,A287,A1311
sup,A287,A1709
sup,A287,A880
sup,A287,A2509
sup,A288,A1393
sup,A288,A1168
sup,A288,A146
sup,A288,A568
sup,A288,A534
sup,A288,A1111
sup,A288,A342
sup,A288,A389
sup,A288,A602
sup,A288,A2298
sup,A288,A1498
sup,A288,A1254
sup,A288,A2435
sup,A288,A2547
sup,A288,A1775
sup,A288,A58
sup,A288,A1410
sup,A288,A952
sup,A288,A73
sup,A288,A931
sup,A288,A387
sup,A288,A1020
sup,A289,A788
sup,A289,A1116
sup,A289,A2438
sup,A289,A412
sup,A289,A1147
sup,A289,A2062
sup,A289,A266
sup,A289,A2494
sup,A293,A2300
sup,A293,A1371
sup,A293,A261
sup,A293,A2062
sup,A293,A823
sup,A293,A1026
sup,A293,A1543
sup,A293,A2146
sup,A293,A454
sup,A293,A499
sup,A293,A2165
sup,A293,A1785
sup,A293,A349
sup,A293,A880
sup,A293,A847
sup,A293,A4
sup,A293,A1602
sup,A293,A1281
sup,A293,A60
sup,A293,A734
sup,A294,A246
sup,A294,A1174
sup,A294,A698
sup,A294,A196
sup,A294,A1345
sup,A294,A1736
sup,A294,A390
sup,A294,A2747
sup,A294,A1360
sup,A294,A2068
sup,A298,A2182
sup,A298,A2601
sup,A298,A272
sup,A298,A993
sup,A298,A93
sup,A298,A57
sup,A298,A2242
sup,A298,A2432
sup,A298,A2700
sup,A298,A1145
sup,A298,A1517
sup,A298,A774
sup,A298,A743
sup,A298,A113
sup,A299,A2003
sup,A299,A408
sup,A299,A352
sup,A299,A1494
sup,A299,A1314
sup,A299,A2594
sup,A299,A682
sup,A299,A1397
sup,A300,A1111
sup,A300,A2327
sup,A300,A1659
sup,A300,A2727
sup,A300,A721
sup,A300,A1705
sup,A304,A2481
sup,A304,A1317
sup,A304,A2290
sup,A304,A2798
sup,A304,A1143
sup,A304,A2305
sup,A304,A1000
sup,A304,A2681
sup,A304,A2772
sup,A304,A206
sup,A304,A1667
sup,A304,A334
sup,A304,A794
sup,A304,A901
sup,A304,A495
sup,A304,A56
sup,A304,A2578
sup,A305,A39
sup,A305,A890
sup,A305,A2772
sup,A305,A2299
sup,A305,A2164
sup,A305,A2734
sup,A305,A1680
sup,A305,A494
sup,A306,A1042
sup,A306,A1639
sup,A306,A714
sup,A306,A2316
sup,A306,A2015
sup,A306,A111
sup,A306,A2291
sup,A306,A360
sup,A306,A203
sup,A306,A570
sup,A306,A1874
sup,A306,A275
sup,A306,A1393
sup,A306,A2666
sup,A308,A1246
sup,A308,A371
sup,A308,A1337
sup,A309,A106
sup,A309,A29
sup,A309,A2509
sup,A309,A2458
sup,A309,A1138
sup,A309,A2005
sup,A312,A857
sup,A312,A1998
sup,A312,A2631
sup,A312,A1155
sup,A312,A1911
sup,A312,A865
sup,A312,A2221
sup,A312,A1100
sup,A312,A1869
sup,A312,A752
sup,A312,A1997
sup,A312,A1101
sup,A312,A676
sup,A312,A175
sup,A312,A2341
sup,A312,A727
sup,A312,A256
sup,A312,A411
sup,A312,A690
sup,A312,A916
sup,A313,A1695
sup,A313,A1884
sup,A313,A698
sup,A313,A2357
sup,A313,A276
sup,A313,A786
sup,A313,A1783
sup,A313,A1053
sup,A313,A1517
sup,A318,A770
sup,A318,A481
sup,A318,A141
sup,A318,A2328
sup,A318,A1534
sup,A318,A418
sup,A318,A2006
sup,A318,A1553
sup,A318,A1677
sup,A318,A1500
sup,A318,A1290
sup,A318,A2760
sup,A318,A780
sup,A318,A239
sup,A318,A147
sup,A318,A889
sup,A318,A2142
sup,A318,A1137
sup,A318,A1713
sup,A318,A2555
sup,A318,A1506
sup,A319,A1401
sup,A319,A745
sup,A319,A417
sup,A319,A1614
sup,A319,A1226
sup,A319,A618
sup,A319,A619
sup,A319,A199
sup,A319,A1790
sup,A319,A544
sup,A319,A567
sup,A321,A1091
sup,A321,A2050
sup,A321,A453
sup,A321,A378
sup,A321,A1196
sup,A321,A1914
sup,A321,A1295
sup,A323,A1432
sup,A323,A1352
sup,A323,A2198
sup,A323,A2534
sup,A323,A1600
sup,A323,A1767
sup,A323,A1854
sup,A323,A412
sup,A323,A655
sup,A323,A1007
sup,A323,A919
sup,A323,A589
sup,A326,A1349
sup,A326,A1413
sup,A326,A2285
sup,A326,A85
sup,A326,A2472
sup,A326,A1671
sup,A326,A2625
sup,A326,A2500
sup,A326,A1431
sup,A326,A647
sup,A326,A362
sup,A326,A810
sup,A326,A1828
sup,A326,A1811
sup,A326,A2303
sup,A326,A984
sup,A326,A2725
sup,A326,A87
sup,A326,A774
sup,A327,A1016
sup,A327,A1767
sup,A327,A553
sup,A327,A370
sup,A327,A845
sup,A327,A1198
sup,A327,A987
sup,A327,A1634
sup,A327,A1041
sup,A327,A1075
sup,A327,A425
sup,A334,A901
sup,A334,A1849
sup,A334,A224
sup,A334,A2367
sup,A334,A668
sup,A334,A1343
sup,A334,A2792
sup,A334,A2598
sup,A334,A2090
sup,A334,A586
sup,A342,A296
sup,A342,A2679
sup,A342,A1231
sup,A342,A1123
sup,A342,A132
sup,A342,A530
sup,A342,A1334
sup,A342,A2605
sup,A342,A1000
sup,A342,A1296
sup,A342,A1294
sup,A342,A1598
sup,A342,A2168
sup,A342,A474
sup,A342,A37
sup,A342,A1544
sup,A342,A1241
sup,A342,A281
sup,A342,A2704
sup,A342,A567
sup,A345,A631
sup,A345,A2408
sup,A345,A2731
sup,A345,A474
sup,A345,A75
sup,A345,A94
sup,A345,A2313
sup,A345,A275
sup,A345,A780
sup,A345,A1723
sup,A345,A1815
sup,A345,A1079
sup,A345,A758
sup,A345,A1611
sup,A345,A539
sup,A345,A1011
sup,A345,A2553
sup,A345,A595
sup,A345,A653
sup,A345,A1368
sup,A345,A2349
sup,A345,A740
sup,A345,A366
sup,A346,A1425
sup,A346,A2263
sup,A346,A2350
sup,A346,A1809
sup,A346,A2169
sup,A346,A2628
sup,A346,A1806
sup,A346,A2497
sup,A346,A1974
sup,A346,A2546
sup,A346,A1110
sup,A346,A398
sup,A346,A809
sup,A346,A1783
sup,A346,A1934
sup,A348,A1450
sup,A348,A1629
sup,A348,A326
sup,A348,A2433
sup,A348,A820
sup,A348,A2769
sup,A348,A1689
sup,A348,A1693
sup,A348,A144
sup,A348,A2628
sup,A348,A2546
sup,A348,A1196
sup,A348,A2522
sup,A348,A204
sup,A348,A1392
sup,A348,A2351
sup,A348,A2264
sup,A348,A1312
sup,A348,A668
sup,A348,A2111
sup,A348,A91
sup,A348,A1343
sup,A348,A2454
sup,A348,A2684
sup,A348,A907
sup,A348,A2792
sup,A348,A2057
sup,A356,A2456
sup,A356,A1073
sup,A356,A8
sup,A356,A994
sup,A356,A1105
sup,A356,A1803
sup,A356,A1938
sup,A356,A2208
sup,A357,A536
sup,A357,A943
sup,A357,A1645
sup,A357,A2598
sup,A357,A1935
sup,A357,A2268
sup,A360,A785
sup,A360,A1789
sup,A360,A1801
sup,A360,A276
sup,A360,A1505
sup,A360,A48
sup,A362,A337
sup,A362,A2357
sup,A362,A283
sup,A362,A585
sup,A362,A988
sup,A362,A351
sup,A362,A1936
sup,A362,A1165
sup,A362,A2031
sup,A362,A1663
sup,A362,A1896
sup,A362,A1924
sup,A362,A882
sup,A362,A89
sup,A362,A1983
sup,A362,A1845
sup,A362,A1611
sup,A362,A2135
sup,A364,A362
sup,A364,A1592
sup,A364,A1624
sup,A364,A1893
sup,A364,A1701
sup,A364,A2089
sup,A364,A1631
sup,A364,A61
sup,A364,A632
sup,A364,A372
sup,A364,A1849
sup,A364,A2220
sup,A364,A2044
sup,A364,A1584
sup,A364,A1462
sup,A364,A616
sup,A364,A358
sup,A364,A2010
sup,A364,A923
sup,A364,A723
sup,A364,A422
sup,A364,A337
sup,A364,A382
sup,A364,A376
sup,A364,A2740
sup,A364,A2670
sup,A364,A1280
sup,A364,A2351
sup,A365,A298
sup,A365,A1619
sup,A365,A1408
sup,A365,A798
sup,A365,A69
sup,A365,A374
sup,A365,A2084
sup,A365,A2629
sup,A365,A1997
sup,A365,A2271
sup,A365,A877
sup,A365,A914
sup,A365,A2504
sup,A365,A2415
sup,A366,A443
sup,A366,A682
sup,A366,A272
sup,A366,A2456
sup,A366,A2012
sup,A366,A1310
sup,A366,A1225
sup,A366,A308
sup,A366,A860
sup,A366,A2173
sup,A366,A153
sup,A366,A2168
sup,A366,A1504
sup,A366,A1274
sup,A366,A75
sup,A366,A2563
sup,A366,A104
sup,A366,A825
sup,A366,A705
sup,A367,A2289
sup,A367,A879
sup,A367,A1694
sup,A367,A2452
sup,A367,A1792
sup,A367,A72
sup,A367,A887
sup,A367,A1246
sup,A367,A1991
sup,A367,A403
sup,A367,A816
sup,A367,A792
sup,A367,A2737
sup,A367,A1907
sup,A367,A508
sup,A367,A1872
sup,A367,A2138
sup,A373,A1530
sup,A373,A2344
sup,A373,A1464
sup,A373,A1406
sup,A373,A2697
sup,A373,A1702
sup,A373,A2451
sup,A373,A487
sup,A373,A869
sup,A373,A2257
sup,A373,A713
sup,A373,A2302
sup,A373,A1249
sup,A373,A1701
sup,A373,A750
sup,A373,A592
sup,A374,A554
sup,A374,A2774
sup,A376,A1668
sup,A376,A2483
sup,A376,A1988
sup,A376,A1270
sup,A376,A2532
sup,A376,A849
sup,A376,A2538
sup,A376,A1495
sup,A376,A483
sup,A376,A511
sup,A376,A2736
sup,A376,A285
sup,A376,A2375
sup,A376,A2205
sup,A376,A352
sup,A376,A1151
sup,A376,A1756
sup,A376,A1574
sup,A377,A1394
sup,A377,A915
sup,A377,A126
sup,A377,A1727
sup,A377,A486
sup,A377,A936
sup,A377,A2274
sup,A377,A2067
sup,A377,A217
sup,A377,A2253
sup,A377,A294
sup,A377,A799
sup,A377,A1083
sup,A377,A1870
sup,A377,A382
sup,A377,A1826
sup,A377,A2021
sup,A377,A1537
sup,A377,A113
sup,A377,A1221
sup,A377,A814
sup,A377,A496
sup,A377,A1800
sup,A377,A321
sup,A377,A1300
sup,A379,A1131
sup,A379,A2270
sup,A379,A2679
sup,A379,A1916
sup,A379,A1651
sup,A379,A1918
sup,A379,A2710
sup,A379,A1685
sup,A379,A1577
sup,A380,A673
sup,A380,A526
sup,A380,A1678
sup,A380,A2489
sup,A380,A401
sup,A380,A1124
sup,A380,A409
sup,A380,A910
sup,A380,A391
sup,A384,A1479
sup,A384,A2019
sup,A384,A948
sup,A384,A492
sup,A384,A795
sup,A384,A780
sup,A384,A294
sup,A384,A1817
sup,A384,A94
sup,A384,A158
sup,A387,A427
sup,A387,A1535
sup,A387,A310
sup,A387,A1920
sup,A387,A498
sup,A387,A760
sup,A387,A15
sup,A387,A2225
sup,A387,A2039
sup,A387,A77
sup,A387,A2078
sup,A387,A920
sup,A387,A1631
sup,A387,A1990
sup,A387,A1290
sup,A387,A2097
sup,A387,A2517
sup,A387,A435
sup,A387,A224
sup,A387,A1530
sup,A387,A2400
sup,A387,A1949
sup,A387,A1707
sup,A387,A2425
sup,A388,A2232
sup,A388,A2312
sup,A388,A60
sup,A388,A327
sup,A388,A898
sup,A388,A1223
sup,A388,A1098
sup,A388,A2728
sup,A388,A344
sup,A388,A786
sup,A388,A558
sup,A388,A2492
sup,A388,A2104
sup,A388,A902
sup,A388,A66
sup,A388,A2270
sup,A388,A2552
sup,A389,A446
sup,A389,A2760
sup,A389,A2589
sup,A389,A313
sup,A389,A304
sup,A389,A2207
sup,A389,A1776
sup,A389,A222
sup,A389,A2650
sup,A389,A1194
sup,A389,A932
sup,A389,A2197
sup,A389,A2543
sup,A389,A2551
sup,A389,A1865
sup,A389,A277
sup,A389,A1834
sup,A389,A2636
sup,A389,A758
sup,A389,A1492
sup,A389,A1042
sup,A390,A499
sup,A390,A108
sup,A390,A1437
sup,A390,A2206
sup,A390,A2629
sup,A390,A1648
sup,A390,A1194
sup,A390,A1211
sup,A390,A2690
sup,A390,A821
sup,A390,A2517
sup,A390,A521
sup,A390,A264
sup,A390,A1855
sup,A390,A2004
sup,A390,A1484
sup,A391,A2290
sup,A391,A1729
sup,A391,A1222
sup,A391,A1018
sup,A391,A490
sup,A391,A2189
sup,A391,A2489
sup,A391,A1396
sup,A391,A2723
sup,A391,A2670
sup,A391,A831
sup,A391,A1408
sup,A391,A2519
sup,A391,A1333
sup,A391,A2471
sup,A391,A758
sup,A391,A122
sup,A391,A2475
sup,A391,A2713
sup,A391,A2337
sup,A395,A2046
sup,A395,A1683
sup,A395,A926
sup,A395,A2330
sup,A395,A582
sup,A395,A1646
sup,A395,A595
sup,A395,A2434
sup,A395,A289
sup,A395,A1302
sup,A395,A2116
sup,A395,A552
sup,A395,A1416
sup,A395,A2192
sup,A395,A2331
sup,A395,A228
sup,A395,A372
sup,A395,A1084
sup,A397,A1578
sup,A397,A2438
sup,A397,A122
sup,A397,A981
sup,A397,A2267
sup,A397,A1143
sup,A397,A756
sup,A397,A912
sup,A397,A2190
sup,A397,A1069
sup,A397,A2334
sup,A397,A2145
sup,A397,A1040
sup,A397,A1867
sup,A397,A2079
sup,A397,A665
sup,A397,A1505
sup,A397,A1708
sup,A397,A1074
sup,A398,A706
sup,A398,A2708
sup,A398,A291
sup,A398,A2750
sup,A398,A919
sup,A398,A635
sup,A398,A2417
sup,A398,A1500
sup,A398,A108
sup,A398,A988
sup,A398,A2745
sup,A398,A1382
sup,A398,A1767
sup,A398,A2275
sup,A398,A1117
sup,A398,A2191
sup,A398,A2683
sup,A398,A2554
sup,A398,A1246
sup,A398,A2512
sup,A399,A2250
sup,A399,A2639
sup,A399,A1025
sup,A399,A2374
sup,A399,A550
sup,A399,A2118
sup,A399,A2281
sup,A399,A162
sup,A399,A1954
sup,A399,A349
sup,A399,A626
sup,A399,A1525
sup,A399,A967
sup,A399,A421
sup,A399,A1633
sup,A399,A1928
sup,A399,A975
sup,A399,A1422
sup,A399,A2232
sup,A399,A71
sup,A399,A870
sup,A399,A1462
sup,A399,A1666
sup,A399,A1010
sup,A399,A148
sup,A400,A716
sup,A400,A1229
sup,A400,A574
sup,A400,A1968
sup,A400,A1032
sup,A400,A1605
sup,A400,A488
sup,A400,A1089
sup,A400,A1693
sup,A400,A11
sup,A400,A1538
sup,A401,A2494
sup,A401,A886
sup,A401,A1629
sup,A401,A2718
sup,A401,A2031
sup,A401,A1938
sup,A403,A599
sup,A403,A396
sup,A403,A161
sup,A403,A92
sup,A403,A1074
sup,A403,A989
sup,A403,A244
sup,A403,A838
sup,A403,A311
sup,A403,A1253
sup,A403,A606
sup,A403,A2035
sup,A403,A1452
sup,A403,A408
sup,A403,A314
sup,A403,A2180
sup,A403,A2167
sup,A403,A1152
sup,A403,A1199
sup,A403,A1241
sup,A403,A2223
sup,A403,A550
sup,A405,A733
sup,A405,A174
sup,A405,A2175
sup,A405,A1845
sup,A405,A841
sup,A405,A432
sup,A405,A2265
sup,A405,A617
sup,A405,A2470
sup,A405,A1342
sup,A405,A1499
sup,A405,A2108
sup,A405,A2619
sup,A407,A1961
sup,A407,A317
sup,A407,A1380
sup,A407,A2097
sup,A407,A131
sup,A408,A755
sup,A408,A2696
sup,A408,A1528
sup,A408,A1417
sup,A408,A2098
sup,A408,A1472
sup,A408,A959
sup,A408,A2448
sup,A408,A2708
sup,A408,A1095
sup,A408,A854
sup,A408,A1503
sup,A408,A2488
sup,A408,A2578
sup,A411,A1212
sup,A411,A1989
sup,A411,A1956
sup,A411,A1685
sup,A411,A1626
sup,A411,A1097
sup,A411,A467
sup,A411,A2674
sup,A411,A579
sup,A411,A1382
sup,A411,A41
sup,A411,A2110
sup,A411,A2114
sup,A411,A395
sup,A411,A1435
sup,A411,A1156
sup,A411,A28
sup,A411,A1226
sup,A411,A1208
sup,A411,A45
sup,A411,A2203
sup,A411,A2548
sup,A411,A2466
sup,A411,A1798
sup,A416,A2114
sup,A416,A1868
sup,A416,A559
sup,A416,A730
sup,A416,A6
sup,A416,A1189
sup,A416,A112
sup,A416,A1809
sup,A416,A1800
sup,A416,A2624
sup,A416,A47
sup,A416,A358
sup,A416,A1530
sup,A416,A731
sup,A416,A2219
sup,A416,A1620
sup,A416,A447
sup,A417,A1200
sup,A417,A267
sup,A417,A1726
sup,A417,A1475
sup,A417,A81
sup,A417,A1831
sup,A417,A2119
sup,A417,A660
sup,A418,A1973
sup,A419,A519
sup,A419,A510
sup,A419,A1987
sup,A419,A1726
sup,A419,A2123
sup,A419,A2535
sup,A419,A2069
sup,A419,A1161
sup,A419,A191
sup,A419,A184
sup,A419,A2045
sup,A419,A2754
sup,A419,A2175
sup,A419,A315
sup,A419,A2382
sup,A419,A2616
sup,A419,A188
sup,A419,A1853
sup,A419,A1491
sup,A419,A1577
sup,A419,A2648
sup,A420,A928
sup,A422,A2085
sup,A422,A297
sup,A422,A2282
sup,A422,A671
sup,A422,A2758
sup,A422,A480
sup,A422,A166
sup,A422,A1795
sup,A422,A1935
sup,A422,A1113
sup,A422,A2308
sup,A422,A2365
sup,A422,A1868
sup,A422,A2388
sup,A422,A2215
sup,A422,A2789
sup,A422,A2300
sup,A422,A2640
sup,A422,A930
sup,A422,A1798
sup,A422,A1596
sup,A422,A1421
sup,A422,A726
sup,A422,A259
sup,A422,A2226
sup,A424,A1790
sup,A424,A476
sup,A424,A2738
sup,A424,A468
sup,A425,A2345
sup,A425,A2510
sup,A425,A636
sup,A425,A2388
sup,A425,A282
sup,A427,A1664
sup,A427,A1172
sup,A427,A487
sup,A427,A2137
sup,A427,A1591
sup,A427,A2094
sup,A428,A1406
sup,A428,A2221
sup,A428,A1540
sup,A428,A507
sup,A428,A154
sup,A428,A638
sup,A428,A653
sup,A428,A2762
sup,A428,A835
sup,A428,A1164
sup,A428,A1928
sup,A428,A264
sup,A428,A442
sup,A428,A1254
sup,A428,A598
sup,A428,A1052
sup,A428,A1399
sup,A428,A1568
sup,A428,A867
sup,A429,A1237
sup,A429,A2482
sup,A429,A1725
sup,A429,A2007
sup,A429,A1801
sup,A429,A1911
sup,A429,A302
sup,A429,A2432
sup,A429,A595
sup,A429,A1906
sup,A429,A82
sup,A429,A1525
sup,A429,A2387
sup,A429,A2246
sup,A429,A333
sup,A429,A891
sup,A429,A2039
sup,A429,A2013
sup,A429,A156
sup,A429,A845
sup,A429,A2465
sup,A430,A2178
sup,A430,A2794
sup,A430,A1169
sup,A430,A1453
sup,A430,A738
sup,A430,A2342
sup,A433,A2453
sup,A433,A1013
sup,A433,A5
sup,A433,A1818
sup,A433,A243
sup,A433,A1443
sup,A433,A2369
sup,A433,A1729
sup,A434,A730
sup,A434,A2491
sup,A434,A91
sup,A434,A2726
sup,A434,A794
sup,A434,A391
sup,A434,A1461
sup,A434,A1915
sup,A434,A2040
sup,A434,A852
sup,A434,A1498
sup,A434,A409
sup,A434,A1261
sup,A434,A2012
sup,A434,A2575
sup,A434,A188
sup,A434,A1691
sup,A434,A14
sup,A434,A568
sup,A434,A1552
sup,A434,A419
sup,A434,A2311
sup,A434,A2230
sup,A434,A1285
sup,A434,A168
sup,A434,A1005
sup,A434,A1557
sup,A434,A634
sup,A434,A2776
sup,A436,A2660
sup,A436,A2472
sup,A436,A1810
sup,A436,A1294
sup,A436,A2437
sup,A436,A1789
sup,A436,A354
sup,A436,A482
sup,A436,A1733
sup,A436,A1455
sup,A436,A227
sup,A436,A1398
sup,A436,A2634
sup,A436,A564
sup,A436,A273
sup,A436,A1487
sup,A436,A2772
sup,A436,A2515
sup,A436,A2626
sup,A436,A1432
sup,A436,A2684
sup,A436,A1111
sup,A436,A2398
sup,A436,A1633
sup,A436,A2167
sup,A436,A119
sup,A436,A812
sup,A436,A51
sup,A436,A1253
sup,A436,A2281
sup,A437,A787
sup,A437,A2567
sup,A437,A1314
sup,A437,A1044
sup,A437,A1029
sup,A437,A2267
sup,A437,A150
sup,A437,A1895
sup,A437,A1901
sup,A437,A1128
sup,A437,A1893
sup,A437,A184
sup,A437,A980
sup,A437,A1049
sup,A437,A1343
sup,A438,A835
sup,A438,A2609
sup,A438,A892
sup,A438,A2383
sup,A438,A644
sup,A438,A2685
sup,A438,A1443
sup,A438,A2657
sup,A438,A154
sup,A438,A2367
sup,A438,A940
sup,A438,A667
sup,A438,A300
sup,A438,A685
sup,A438,A917
sup,A438,A1331
sup,A438,A1061
sup,A438,A1644
sup,A439,A292
sup,A439,A740
sup,A439,A390
sup,A439,A1005
sup,A439,A1555
sup,A439,A1541
sup,A439,A689
sup,A439,A1605
sup,A439,A1994
sup,A439,A431
sup,A439,A2033
sup,A439,A794
sup,A439,A1282
sup,A439,A19
sup,A439,A1533
sup,A439,A1193
sup,A439,A2740
sup,A439,A380
sup,A439,A2300
sup,A439,A1103
sup,A439,A474
sup,A439,A1276
sup,A439,A2604
sup,A439,A1980
sup,A439,A366
sup,A439,A161
sup,A439,A1782
sup,A439,A2044
sup,A440,A2583
sup,A440,A910
sup,A440,A2393
sup,A440,A2791
sup,A440,A1210
sup,A440,A1058
sup,A440,A1495
sup,A440,A527
sup,A440,A734
sup,A440,A630
sup,A440,A2447
sup,A440,A720
sup,A440,A1902
sup,A442,A2760
sup,A442,A283
sup,A442,A184
sup,A442,A1798
sup,A442,A1230
sup,A442,A1795
sup,A442,A1320
sup,A442,A2544
sup,A442,A1592
sup,A442,A807
sup,A442,A2202
sup,A442,A559
sup,A442,A1354
sup,A442,A322
sup,A442,A881
sup,A442,A2398
sup,A442,A1433
sup,A442,A2751
sup,A444,A2736
sup,A447,A2760
sup,A447,A1102
sup,A449,A1080
sup,A449,A1695
sup,A449,A1700
sup,A449,A1119
sup,A449,A2769
sup,A449,A1280
sup,A449,A2705
sup,A449,A934
sup,A449,A2655
sup,A449,A2762
sup,A449,A2392
sup,A449,A2758
sup,A449,A1536
sup,A449,A718
sup,A449,A1619
sup,A449,A1460
sup,A449,A572
sup,A449,A1449
sup,A449,A2465
sup,A449,A1962
sup,A449,A1019
sup,A449,A1998
sup,A449,A1397
sup,A449,A414
sup,A449,A520
sup,A449,A2202
sup,A451,A2085
sup,A451,A775
sup,A451,A118
sup,A451,A1110
sup,A451,A6
sup,A451,A1298
sup,A451,A1827
sup,A451,A1886
sup,A451,A1498
sup,A451,A2066
sup,A451,A682
sup,A451,A1484
sup,A451,A903
sup,A451,A1458
sup,A451,A1987
sup,A451,A429
sup,A451,A949
sup,A451,A2317
sup,A451,A550
sup,A451,A645
sup,A451,A981
sup,A451,A480
sup,A451,A893
sup,A451,A1995
sup,A451,A2054
sup,A453,A2219
sup,A453,A1314
sup,A453,A2615
sup,A453,A2566
sup,A453,A112
sup,A453,A562
sup,A453,A67
sup,A453,A332
sup,A453,A1351
sup,A453,A2103
sup,A453,A1752
sup,A453,A514
sup,A453,A749
sup,A453,A188
sup,A453,A172
sup,A453,A2330
sup,A453,A275
sup,A453,A1233
sup,A453,A1796
sup,A456,A2273
sup,A456,A2289
sup,A456,A304
sup,A456,A1059
sup,A456,A1731
sup,A456,A1504
sup,A456,A1654
sup,A456,A466
sup,A456,A2063
sup,A456,A1008
sup,A456,A2195
sup,A459,A2618
sup,A461,A937
sup,A461,A2660
sup,A461,A2678
sup,A461,A1229
sup,A461,A428
sup,A461,A400
sup,A461,A2478
sup,A461,A633
sup,A461,A59
sup,A461,A484
sup,A461,A1273
sup,A461,A77
sup,A461,A1429
sup,A461,A2278
sup,A461,A492
sup,A461,A1358
sup,A461,A680
sup,A461,A2677
sup,A461,A1548
sup,A461,A1403
sup,A461,A832
sup,A461,A2186
sup,A463,A2610
sup,A463,A879
sup,A463,A863
sup,A463,A1662
sup,A463,A2111
sup,A463,A925
sup,A463,A670
sup,A467,A1310
sup,A467,A823
sup,A467,A2274
sup,A467,A101
sup,A467,A1470
sup,A467,A139
sup,A467,A1118
sup,A467,A1959
sup,A468,A2180
sup,A468,A1988
sup,A468,A2182
sup,A468,A1052
sup,A468,A673
sup,A470,A636
sup,A470,A1456
sup,A470,A2500
sup,A470,A345
sup,A470,A1114
sup,A470,A2110
sup,A470,A1269
sup,A470,A2611
sup,A474,A1470
sup,A474,A2248
sup,A474,A1483
sup,A474,A1163
sup,A474,A102
sup,A474,A1214
sup,A478,A2617
sup,A478,A1033
sup,A478,A610
sup,A478,A2300
sup,A478,A2543
sup,A478,A351
sup,A478,A2260
sup,A478,A1533
sup,A478,A1385
sup,A478,A113
sup,A478,A524
sup,A478,A1519
sup,A478,A303
sup,A478,A2463
sup,A478,A2181
sup,A478,A1109
sup,A478,A655
sup,A478,A375
sup,A478,A675
sup,A478,A1622
sup,A478,A63
sup,A478,A2032
sup,A478,A373
sup,A480,A2088
sup,A480,A664
sup,A480,A61
sup,A480,A1946
sup,A480,A2597
sup,A480,A1514
sup,A480,A2758
sup,A480,A172
sup,A480,A1755
sup,A480,A2542
sup,A480,A1001
sup,A480,A2242
sup,A480,A2352
sup,A480,A2388
sup,A480,A2555
sup,A480,A1549
sup,A480,A676
sup,A480,A630
sup,A480,A513
sup,A480,A1552
sup,A480,A395
sup,A483,A1836
sup,A483,A1287
sup,A483,A1450
sup,A483,A537
sup,A483,A1692
sup,A483,A16
sup,A483,A212
sup,A483,A1705
sup,A483,A2642
sup,A483,A1808
sup,A483,A2746
sup,A483,A2467
sup,A483,A1079
sup,A483,A259
sup,A483,A1174
sup,A483,A2383
sup,A483,A1793
sup,A483,A1605
sup,A483,A640
sup,A483,A410
sup,A483,A1633
sup,A483,A1719
sup,A484,A1456
sup,A484,A1111
sup,A484,A890
sup,A484,A2510
sup,A484,A1743
sup,A484,A1938
sup,A484,A1113
sup,A484,A2067
sup,A484,A209
sup,A484,A408
sup,A484,A647
sup,A484,A954
sup,A484,A2692
sup,A484,A923
sup,A484,A1226
sup,A484,A1307
sup,A484,A1107
sup,A484,A777
sup,A484,A417
sup,A484,A2217
sup,A484,A1152
sup,A484,A1384
sup,A484,A489
sup,A484,A215
sup,A484,A1899
sup,A484,A2015
sup,A484,A778
sup,A484,A1946
sup,A484,A1977
sup,A485,A1471
sup,A485,A1843
sup,A485,A1155
sup,A485,A1869
sup,A485,A2010
sup,A485,A664
sup,A485,A794
sup,A485,A2631
sup,A485,A2766
sup,A488,A986
sup,A488,A1631
sup,A488,A300
sup,A488,A2775
sup,A488,A240
sup,A488,A1949
sup,A488,A2714
sup,A488,A406
sup,A488,A1749
sup,A488,A1448
sup,A488,A1467
sup,A488,A2108
sup,A488,A1302
sup,A488,A2679
sup,A488,A1927
sup,A490,A80
sup,A490,A1403
sup,A490,A1615
sup,A490,A1803
sup,A492,A2494
sup,A492,A2589
sup,A492,A1578
sup,A492,A331
sup,A492,A2479
sup,A492,A503
sup,A492,A1497
sup,A492,A2726
sup,A492,A1800
sup,A492,A1539
sup,A492,A2155
sup,A492,A2141
sup,A492,A759
sup,A492,A2696
sup,A492,A360
sup,A492,A162
sup,A492,A1919
sup,A492,A1244
sup,A492,A884
sup,A492,A2698
sup,A492,A375
sup,A492,A2014
sup,A492,A1679
sup,A492,A2566
sup,A492,A2769
sup,A492,A1772
sup,A492,A1658
sup,A493,A1496
sup,A493,A1970
sup,A493,A1342
sup,A493,A1309
sup,A493,A2106
sup,A493,A314
sup,A493,A310
sup,A493,A2744
sup,A493,A1506
sup,A493,A1064
sup,A493,A238
sup,A494,A249
sup,A494,A30
sup,A494,A1561
sup,A494,A341
sup,A494,A2442
sup,A494,A582
sup,A494,A1939
sup,A494,A2286
sup,A494,A2466
sup,A494,A113
sup,A494,A214
sup,A494,A213
sup,A494,A778
sup,A494,A1209
sup,A494,A1457
sup,A494,A1157
sup,A494,A54
sup,A494,A1696
sup,A494,A484
sup,A494,A67
sup,A494,A2666
sup,A494,A2542
sup,A494,A1659
sup,A494,A1310
sup,A495,A709
sup,A495,A830
sup,A495,A2557
sup,A495,A2385
sup,A495,A2628
sup,A495,A903
sup,A496,A109
sup,A496,A1786
sup,A496,A2632
sup,A496,A382
sup,A496,A2627
sup,A496,A2608
sup,A500,A919
sup,A500,A2203
sup,A502,A410
sup,A502,A2625
sup,A502,A1001
sup,A502,A1334
sup,A502,A1121
sup,A502,A71
sup,A502,A817
sup,A502,A1515
sup,A502,A2751
sup,A502,A379
sup,A502,A2504
sup,A502,A436
sup,A502,A73
sup,A502,A1305
sup,A502,A1631
sup,A502,A233
sup,A502,A20
sup,A502,A2315
sup,A504,A614
sup,A504,A1742
sup,A504,A1135
sup,A504,A2338
sup,A504,A1952
sup,A504,A2328
sup,A504,A2542
sup,A504,A2224
sup,A504,A617
sup,A504,A917
sup,A504,A1604
sup,A504,A775
sup,A504,A2329
sup,A504,A849
sup,A504,A1674
sup,A504,A1817
sup,A504,A1056
sup,A504,A2490
sup,A504,A2737
sup,A504,A2330
sup,A504,A1554
sup,A508,A2020
sup,A508,A81
sup,A508,A2693
sup,A508,A1773
sup,A508,A93
sup,A508,A622
sup,A508,A154
sup,A508,A1856
sup,A508,A740
sup,A508,A684
sup,A508,A852
sup,A508,A2699
sup,A508,A2202
sup,A508,A521
sup,A508,A1674
sup,A508,A255
sup,A508,A1452
sup,A508,A1110
sup,A508,A150
sup,A508,A2052
sup,A508,A360
sup,A508,A1512
sup,A508,A1660
sup,A508,A575
sup,A510,A310
sup,A510,A554
sup,A510,A201
sup,A510,A1212
sup,A510,A1958
sup,A510,A2193
sup,A510,A2496
sup,A510,A2534
sup,A510,A1264
sup,A511,A1032
sup,A511,A2436
sup,A511,A2664
sup,A511,A1105
sup,A511,A2786
sup,A511,A2748
sup,A511,A692
sup,A511,A1199
sup,A511,A149
sup,A511,A1793
sup,A511,A1414
sup,A511,A185
sup,A511,A81
sup,A511,A2444
sup,A511,A189
sup,A511,A98
sup,A511,A404
sup,A512,A2634
sup,A512,A325
sup,A512,A2263
sup,A512,A1169
sup,A512,A74
sup,A512,A153
sup,A512,A1483
sup,A512,A1430
sup,A512,A1457
sup,A512,A1511
sup,A512,A916
sup,A512,A2358
sup,A512,A2739
sup,A512,A435
sup,A512,A944
sup,A512,A2377
sup,A512,A1684
sup,A512,A2518
sup,A512,A2337
sup,A512,A1438
sup,A512,A2388
sup,A512,A933
sup,A512,A25
sup,A512,A263
sup,A512,A2788
sup,A512,A886
sup,A512,A2203
sup,A512,A511
sup,A513,A967
sup,A513,A2480
sup,A513,A1308
sup,A513,A128
sup,A513,A2220
sup,A513,A1675
sup,A513,A1355
sup,A513,A2237
sup,A513,A2722
sup,A513,A1135
sup,A513,A1692
sup,A513,A1745
sup,A513,A731
sup,A513,A1286
sup,A513,A740
sup,A513,A2382
sup,A513,A556
sup,A513,A2676
sup,A513,A982
sup,A516,A1626
sup,A516,A136
sup,A516,A209
sup,A516,A159
sup,A516,A2681
sup,A516,A2568
sup,A516,A1191
sup,A516,A904
sup,A518,A1166
sup,A518,A304
sup,A518,A2198
sup,A518,A2339
sup,A518,A446
sup,A521,A448
sup,A521,A243
sup,A521,A1864
sup,A521,A959
sup,A521,A125
sup,A521,A311
sup,A521,A2097
sup,A521,A301
sup,A521,A304
sup,A521,A1759
sup,A521,A980
sup,A521,A2417
sup,A521,A1540
sup,A521,A1405
sup,A521,A79
sup,A521,A1996
sup,A521,A1842
sup,A521,A2072
sup,A521,A1888
sup,A521,A332
sup,A521,A2516
sup,A521,A2342
sup,A521,A1205
sup,A527,A1983
sup,A527,A833
sup,A527,A2087
sup,A527,A913
sup,A527,A2151
sup,A527,A253
sup,A527,A1712
sup,A527,A909
sup,A527,A443
sup,A527,A1572
sup,A527,A2179
sup,A527,A310
sup,A527,A389
sup,A527,A1361
sup,A527,A2409
sup,A527,A1064
sup,A529,A1089
sup,A529,A2491
sup,A529,A2306
sup,A529,A2466
sup,A529,A2062
sup,A529,A2396
sup,A529,A1122
sup,A529,A2
sup,A529,A310
sup,A529,A68
sup,A529,A904
sup,A529,A308
sup,A529,A794
sup,A529,A1441
sup,A529,A436
sup,A530,A1095
sup,A530,A1626
sup,A530,A787
sup,A530,A585
sup,A530,A2394
sup,A530,A845
sup,A530,A288
sup,A530,A1942
sup,A530,A2725
sup,A530,A1250
sup,A530,A663
sup,A530,A612
sup,A531,A1187
sup,A531,A656
sup,A531,A2651
sup,A531,A2213
sup,A531,A440
sup,A531,A2246
sup,A531,A1980
sup,A531,A784
sup,A531,A460
sup,A531,A1085
sup,A531,A1996
sup,A531,A1563
sup,A531,A1282
sup,A531,A1633
sup,A531,A901
sup,A532,A1646
sup,A532,A850
sup,A533,A714
sup,A533,A214
sup,A534,A687
sup,A534,A1034
sup,A534,A1544
sup,A534,A21
sup,A534,A1508
sup,A534,A2794
sup,A534,A2686
sup,A534,A2001
sup,A534,A2261
sup,A534,A2632
sup,A534,A114
sup,A534,A244
sup,A534,A2547
sup,A534,A84
sup,A534,A1277
sup,A534,A451
sup,A534,A457
sup,A534,A653
sup,A534,A1842
sup,A534,A2100
sup,A534,A2637
sup,A534,A551
sup,A534,A372
sup,A534,A2324
sup,A536,A2131
sup,A536,A2040
sup,A536,A735
sup,A536,A2144
sup,A536,A972
sup,A536,A2295
sup,A536,A1613
sup,A536,A2466
sup,A536,A2534
sup,A536,A1433
sup,A536,A2278
sup,A536,A120
sup,A536,A1552
sup,A538,A261
sup,A538,A542
sup,A538,A1262
sup,A538,A799
sup,A538,A1965
sup,A538,A373
sup,A538,A347
sup,A538,A240
sup,A541,A53
sup,A541,A548
sup,A541,A2274
sup,A541,A2635
sup,A541,A2479
sup,A541,A1928
sup,A541,A1802
sup,A541,A2530
sup,A541,A2076
sup,A541,A2568
sup,A541,A1647
sup,A541,A269
sup,A541,A2414
sup,A541,A1100
sup,A541,A881
sup,A541,A2015
sup,A541,A1098
sup,A541,A991
sup,A541,A1235
sup,A541,A1558
sup,A541,A1668
sup,A541,A1525
sup,A541,A1160
sup,A541,A907
sup,A541,A2331
sup,A541,A372
sup,A542,A593
sup,A542,A1461
sup,A542,A2171
sup,A542,A1935
sup,A543,A2660
sup,A543,A2682
sup,A544,A1467
sup,A544,A2613
sup,A544,A1150
sup,A544,A781
sup,A544,A909
sup,A544,A1018
sup,A544,A576
sup,A544,A1611
sup,A544,A1963
sup,A544,A1813
sup,A546,A871
sup,A546,A7
sup,A546,A617
sup,A546,A327
sup,A546,A367
sup,A546,A2409
sup,A546,A1910
sup,A546,A2408
sup,A546,A2558
sup,A546,A1606
sup,A546,A821
sup,A546,A640
sup,A546,A1066
sup,A548,A1279
sup,A548,A808
sup,A548,A789
sup,A548,A1679
sup,A548,A683
sup,A548,A532
sup,A551,A1724
sup,A551,A352
sup,A551,A2263
sup,A551,A1318
sup,A551,A1460
sup,A551,A1615
sup,A551,A2661
sup,A551,A2198
sup,A551,A932
sup,A551,A623
sup,A551,A449
sup,A552,A889
sup,A552,A1251
sup,A552,A654
sup,A552,A1512
sup,A552,A2425
sup,A552,A2563
sup,A552,A584
sup,A552,A353
sup,A552,A304
sup,A552,A2759
sup,A552,A914
sup,A552,A2038
sup,A552,A743
sup,A552,A2796
sup,A552,A1322
sup,A552,A1788
sup,A552,A2079
sup,A552,A1112
sup,A552,A2699
sup,A554,A1980
sup,A554,A310
sup,A554,A98
sup,A554,A447
sup,A554,A1438
sup,A554,A938
sup,A554,A218
sup,A554,A975
sup,A554,A2695
sup,A554,A1872
sup,A554,A2225
sup,A554,A1855
sup,A554,A1570
sup,A554,A611
sup,A554,A716
sup,A554,A2492
sup,A554,A1131
sup,A554,A1612
sup,A554,A1336
sup,A555,A2771
sup,A555,A1844
sup,A555,A683
sup,A555,A1796
sup,A555,A151
sup,A555,A2690
sup,A555,A1603
sup,A555,A1052
sup,A555,A1878
sup,A555,A370
sup,A555,A1620
sup,A555,A2390
sup,A555,A920
sup,A557,A1108
sup,A557,A1426
sup,A557,A2308
sup,A557,A2742
sup,A557,A400
sup,A557,A1158
sup,A557,A2758
sup,A557,A1806
sup,A557,A89
sup,A557,A1622
sup,A557,A2704
sup,A557,A2015
sup,A557,A2071
sup,A557,A109
sup,A557,A1100
sup,A557,A2026
sup,A557,A1055
sup,A562,A370
sup,A562,A1476
sup,A562,A2507
sup,A562,A2751
sup,A562,A1863
sup,A562,A2449
sup,A562,A1360
sup,A563,A2154
sup,A563,A1645
sup,A563,A926
sup,A563,A2135
sup,A563,A1436
sup,A563,A497
sup,A563,A2291
sup,A563,A1113
sup,A563,A55
sup,A563,A351
sup,A563,A2727
sup,A563,A1118
sup,A563,A2431
sup,A563,A1346
sup,A563,A1204
sup,A563,A1605
sup,A563,A1747
sup,A563,A1439
sup,A563,A1585
sup,A563,A222
sup,A563,A1767
sup,A563,A1340
sup,A563,A1348
sup,A563,A509
sup,A563,A1179
sup,A563,A770
sup,A563,A944
sup,A566,A2187
sup,A566,A2558
sup,A566,A702
sup,A566,A156
sup,A566,A1446
sup,A566,A912
sup,A566,A2022
sup,A566,A2017
sup,A566,A526
sup,A566,A726
sup,A566,A242
sup,A566,A1231
sup,A566,A2131
sup,A566,A1906
sup,A569,A722
sup,A569,A300
sup,A569,A2327
sup,A569,A1978
sup,A569,A1719
sup,A569,A1006
sup,A569,A353
sup,A569,A1889
sup,A569,A915
sup,A569,A1371
sup,A571,A2679
sup,A571,A1188
sup,A571,A1354
sup,A571,A1101
sup,A571,A2453
sup,A571,A822
sup,A571,A684
sup,A571,A721
sup,A573,A113
sup,A573,A2398
sup,A573,A985
sup,A573,A1011
sup,A573,A1932
sup,A573,A921
sup,A573,A2148
sup,A573,A337
sup,A573,A310
sup,A573,A1407
sup,A573,A1608
sup,A574,A1873
sup,A574,A795
sup,A574,A1069
sup,A574,A381
sup,A574,A1949
sup,A574,A902
sup,A574,A2322
sup,A574,A57
sup,A574,A1665
sup,A574,A2715
sup,A574,A2642
sup,A574,A838
sup,A574,A1240
sup,A574,A201
sup,A574,A648
sup,A574,A290
sup,A574,A2250
sup,A574,A886
sup,A575,A1264
sup,A575,A1057
sup,A575,A2471
sup,A575,A1346
sup,A575,A954
sup,A575,A1760
sup,A575,A2253
sup,A575,A1926
sup,A576,A1118
sup,A576,A347
sup,A576,A1122
sup,A576,A2209
sup,A576,A1099
sup,A576,A846
sup,A576,A1048
sup,A576,A885
sup,A576,A1483
sup,A576,A779
sup,A576,A777
sup,A576,A1412
sup,A576,A694
sup,A576,A1389
sup,A576,A2645
sup,A576,A1178
sup,A576,A566
sup,A576,A1982
sup,A576,A18
sup,A576,A900
sup,A576,A2599
sup,A576,A2713
sup,A576,A1837
sup,A576,A2675
sup,A576,A2455
sup,A577,A1153
sup,A577,A642
sup,A577,A542
sup,A577,A2471
sup,A577,A1001
sup,A577,A1614
sup,A577,A2122
sup,A577,A1483
sup,A577,A343
sup,A577,A1337
sup,A577,A1586
sup,A577,A986
sup,A577,A459
sup,A578,A812
sup,A578,A266
sup,A578,A1900
sup,A579,A254
sup,A579,A1785
sup,A579,A1990
sup,A579,A2578
sup,A579,A362
sup,A579,A877
sup,A579,A1372
sup,A579,A2055
sup,A579,A62
sup,A579,A2341
sup,A579,A1209
sup,A579,A645
sup,A579,A526
sup,A579,A1522
sup,A579,A35
sup,A579,A888
sup,A581,A2360
sup,A581,A1030
sup,A581,A2440
sup,A581,A2525
sup,A581,A1131
sup,A581,A1176
sup,A581,A1980
sup,A581,A2553
sup,A581,A459
sup,A581,A119
sup,A581,A156
sup,A581,A2463
sup,A581,A2170
sup,A581,A1244
sup,A581,A1347
sup,A581,A2148
sup,A582,A370
sup,A582,A349
sup,A582,A166
sup,A582,A2083
sup,A582,A1457
sup,A582,A2420
sup,A582,A2596
sup,A582,A1651
sup,A582,A1858
sup,A582,A692
sup,A582,A27
sup,A582,A1564
sup,A582,A995
sup,A582,A2073
sup,A582,A232
sup,A582,A204
sup,A582,A1735
sup,A582,A1741
sup,A582,A388
sup,A582,A1060
sup,A582,A2474
sup,A582,A1799
sup,A582,A2033
sup,A583,A1887
sup,A583,A2598
sup,A583,A109
sup,A586,A2603
sup,A586,A114
sup,A586,A781
sup,A586,A1847
sup,A586,A2197
sup,A586,A1723
sup,A586,A451
sup,A586,A310
sup,A586,A1481
sup,A586,A898
sup,A586,A1432
sup,A586,A280
sup,A586,A952
sup,A586,A1738
sup,A586,A945
sup,A586,A2749
sup,A586,A1731
sup,A586,A245
sup,A586,A1387
sup,A586,A2687
sup,A586,A395
sup,A586,A336
sup,A586,A2767
sup,A588,A992
sup,A588,A1680
sup,A588,A834
sup,A588,A160
sup,A588,A2078
sup,A588,A2540
sup,A588,A1156
sup,A588,A1039
sup,A588,A1347
sup,A588,A2786
sup,A588,A2150
sup,A588,A2515
sup,A588,A1437
sup,A588,A1897
sup,A588,A2384
sup,A593,A369
sup,A593,A1882
sup,A593,A172
sup,A593,A908
sup,A593,A2352
sup,A593,A2332
sup,A593,A2142
sup,A593,A833
sup,A593,A1162
sup,A593,A64
sup,A593,A328
sup,A593,A284
sup,A593,A6
sup,A593,A794
sup,A593,A2462
sup,A593,A1177
sup,A594,A297
sup,A594,A2526
sup,A594,A306
sup,A594,A2078
sup,A594,A2746
sup,A594,A666
sup,A594,A652
sup,A594,A2674
sup,A594,A826
sup,A594,A1376
sup,A594,A1285
sup,A594,A200
sup,A594,A1395
sup,A595,A789
sup,A595,A858
sup,A595,A903
sup,A595,A25
sup,A595,A132
sup,A595,A1799
sup,A595,A2541
sup,A595,A1455
sup,A595,A913
sup,A595,A2304
sup,A595,A2559
sup,A595,A1648
sup,A595,A2428
sup,A595,A842
sup,A595,A1762
sup,A595,A2717
sup,A595,A1702
sup,A595,A1679
sup,A595,A1572
sup,A595,A856
sup,A595,A281
sup,A595,A2476
sup,A595,A519
sup,A595,A263
sup,A595,A1605
sup,A596,A2120
sup,A596,A1343
sup,A596,A63
sup,A596,A1381
sup,A599,A1280
sup,A599,A1088
sup,A599,A2034
sup,A599,A2215
sup,A599,A2582
sup,A599,A1673
sup,A599,A545
sup,A599,A1148
sup,A599,A1944
sup,A599,A1007
sup,A599,A1738
sup,A599,A1146
sup,A599,A1343
sup,A599,A2737
sup,A599,A1171
sup,A599,A287
sup,A599,A1501
sup,A599,A201
sup,A599,A867
sup,A599,A1637
sup,A599,A949
sup,A599,A1351
sup,A599,A2029
sup,A599,A178
sup,A599,A1125
sup,A599,A2423
sup,A599,A60
sup,A600,A2309
sup,A600,A832
sup,A600,A2593
sup,A600,A1663
sup,A600,A2541
sup,A600,A1613
sup,A600,A1196
sup,A600,A2327
sup,A600,A769
sup,A600,A800
sup,A604,A541
sup,A604,A476
sup,A604,A811
sup,A604,A841
sup,A604,A311
sup,A604,A132
sup,A604,A686
sup,A604,A715
sup,A605,A332
sup,A605,A1033
sup,A605,A155
sup,A605,A285
sup,A605,A2385
sup,A605,A1664
sup,A605,A2574
sup,A605,A1624
sup,A605,A1020
sup,A605,A1947
sup,A605,A822
sup,A605,A557
sup,A605,A1888
sup,A605,A869
sup,A605,A1052
sup,A605,A2746
sup,A608,A1829
sup,A608,A1739
sup,A608,A1161
sup,A608,A1270
sup,A608,A683
sup,A608,A2617
sup,A608,A2532
sup,A608,A1081
sup,A608,A2529
sup,A611,A2567
sup,A611,A1623
sup,A611,A2344
sup,A611,A1586
sup,A611,A1780
sup,A611,A1918
sup,A611,A1928
sup,A611,A2632
sup,A611,A2066
sup,A611,A1208
sup,A611,A2711
sup,A611,A1602
sup,A611,A2450
sup,A611,A1850
sup,A611,A962
sup,A611,A2258
sup,A611,A1748
sup,A611,A1138
sup,A611,A2346
sup,A611,A1902
sup,A611,A1671
sup,A613,A1240
sup,A613,A2735
sup,A613,A2087
sup,A613,A1686
sup,A613,A2098
sup,A613,A1725
sup,A613,A633
sup,A613,A189
sup,A613,A2195
sup,A613,A802
sup,A613,A2231
sup,A613,A672
sup,A613,A1455
sup,A613,A295
sup,A613,A516
sup,A613,A605
sup,A613,A769
sup,A617,A2695
sup,A617,A759
sup,A617,A2000
sup,A617,A421
sup,A617,A2592
sup,A617,A1424
sup,A617,A887
sup,A617,A2676
sup,A617,A1670
sup,A617,A465
sup,A617,A1783
sup,A617,A1835
sup,A617,A2170
sup,A617,A2165
sup,A617,A1527
sup,A619,A2186
sup,A619,A1860
sup,A619,A1747
sup,A619,A1503
sup,A619,A2081
sup,A619,A1237
sup,A619,A1070
sup,A619,A1558
sup,A619,A2757
sup,A619,A1464
sup,A619,A720
sup,A619,A1077
sup,A619,A532
sup,A619,A2344
sup,A619,A1175
sup,A619,A2018
sup,A619,A1717
sup,A619,A1396
sup,A619,A1974
sup,A619,A1335
sup,A619,A2650
sup,A619,A1325
sup,A619,A968
sup,A619,A2776
sup,A621,A446
sup,A621,A1871
sup,A621,A1800
sup,A621,A509
sup,A622,A1448
sup,A622,A1755
sup,A622,A1309
sup,A622,A1596
sup,A622,A806
sup,A622,A541
sup,A622,A2205
sup,A622,A201
sup,A622,A1688
sup,A622,A507
sup,A622,A1306
sup,A622,A75
sup,A622,A113
sup,A622,A688
sup,A622,A1740
sup,A622,A442
sup,A622,A2353
sup,A622,A33
sup,A622,A1069
sup,A622,A781
sup,A623,A1203
sup,A623,A2402
sup,A623,A999
sup,A623,A2444
sup,A623,A27
sup,A623,A2467
sup,A624,A8
sup,A624,A1013
sup,A624,A1401
sup,A624,A2424
sup,A624,A1188
sup,A629,A1917
sup,A629,A208
sup,A629,A571
sup,A629,A1479
sup,A629,A663
sup,A629,A1085
sup,A629,A1993
sup,A629,A1675
sup,A629,A1851
sup,A629,A1437
sup,A629,A2574
sup,A635,A1303
sup,A635,A2243
sup,A635,A1587
sup,A635,A1033
sup,A635,A2593
sup,A635,A2655
sup,A635,A675
sup,A635,A2041
sup,A635,A327
sup,A635,A2457
sup,A635,A1615
sup,A635,A2125
sup,A635,A856
sup,A635,A765
sup,A635,A944
sup,A635,A2601
sup,A635,A838
sup,A635,A1104
sup,A635,A145
sup,A635,A275
sup,A635,A2600
sup,A635,A2514
sup,A636,A2476
sup,A636,A470
sup,A636,A2397
sup,A636,A1301
sup,A636,A1363
sup,A636,A2010
sup,A638,A2314
sup,A638,A226
sup,A638,A82
sup,A638,A2576
sup,A639,A1504
sup,A639,A2380
sup,A639,A2387
sup,A639,A1425
sup,A639,A713
sup,A639,A2372
sup,A645,A434
sup,A645,A117
sup,A645,A259
sup,A645,A1425
sup,A645,A2303
sup,A645,A2481
sup,A645,A157
sup,A645,A1470
sup,A645,A1701
sup,A646,A1502
sup,A646,A2337
sup,A646,A2300
sup,A646,A1739
sup,A646,A217
sup,A646,A1660
sup,A646,A2157
sup,A646,A1625
sup,A646,A368
sup,A646,A1998
sup,A646,A2247
sup,A646,A345
sup,A646,A790
sup,A646,A2729
sup,A646,A735
sup,A646,A2148
sup,A646,A1177
sup,A646,A1572
sup,A646,A1795
sup,A646,A1052
sup,A646,A779
sup,A646,A615
sup,A646,A532
sup,A649,A2042
sup,A649,A776
sup,A649,A915
sup,A649,A2079
sup,A649,A1058
sup,A649,A2644
sup,A649,A2549
sup,A649,A1113
sup,A649,A763
sup,A649,A885
sup,A649,A2394
sup,A649,A1467
sup,A649,A2686
sup,A649,A2451
sup,A649,A1982
sup,A649,A90
sup,A649,A102
sup,A649,A998
sup,A649,A1420
sup,A649,A545
sup,A649,A426
sup,A649,A511
sup,A649,A2464
sup,A649,A319
sup,A649,A187
sup,A649,A2642
sup,A649,A801
sup,A649,A505
sup,A651,A2135
sup,A651,A1795
sup,A651,A2596
sup,A651,A520
sup,A651,A1204
sup,A651,A1842
sup,A651,A1442
sup,A651,A1008
sup,A651,A597
sup,A651,A1064
sup,A651,A934
sup,A652,A1092
sup,A652,A1688
sup,A652,A2677
sup,A652,A498
sup,A652,A1101
sup,A652,A1309
sup,A652,A249
sup,A652,A1964
sup,A652,A1481
sup,A652,A1263
sup,A652,A1860
sup,A655,A2726
sup,A655,A2478
sup,A655,A2516
sup,A655,A2316
sup,A655,A1906
sup,A655,A422
sup,A655,A1602
sup,A655,A50
sup,A655,A1125
sup,A655,A1980
sup,A655,A2756
sup,A655,A2140
sup,A655,A400
sup,A655,A492
sup,A655,A478
sup,A655,A1213
sup,A655,A860
sup,A655,A2770
sup,A655,A1778
sup,A655,A2056
sup,A655,A1846
sup,A655,A1497
sup,A655,A2588
sup,A655,A2085
sup,A655,A1513
sup,A655,A2234
sup,A657,A1436
sup,A657,A579
sup,A657,A2025
sup,A658,A778
sup,A658,A2735
sup,A658,A51
sup,A658,A2645
sup,A658,A88
sup,A658,A781
sup,A658,A1160
sup,A658,A2185
sup,A658,A2018
sup,A659,A1540
sup,A659,A673
sup,A659,A1398
sup,A659,A2227
sup,A659,A2387
sup,A659,A1903
sup,A659,A1838
sup,A659,A937
sup,A659,A148
sup,A659,A209
sup,A659,A442
sup,A659,A1842
sup,A661,A976
sup,A661,A2518
sup,A661,A1475
sup,A661,A2740
sup,A661,A86
sup,A661,A842
sup,A661,A651
sup,A661,A909
sup,A661,A2229
sup,A661,A2543
sup,A661,A529
sup,A661,A205
sup,A661,A566
sup,A661,A1571
sup,A661,A1047
sup,A661,A1511
sup,A661,A2186
sup,A661,A1783
sup,A661,A30
sup,A661,A718
sup,A661,A1076
sup,A661,A160
sup,A661,A2630
sup,A661,A2535
sup,A661,A1331
sup,A661,A1349
sup,A661,A1483
sup,A661,A128
sup,A661,A2428
sup,A661,A1029
sup,A661,A1822
sup,A664,A2770
sup,A664,A1027
sup,A664,A141
sup,A665,A1245
sup,A665,A2531
sup,A665,A29
sup,A665,A2218
sup,A665,A1792
sup,A665,A742
sup,A665,A763
sup,A665,A1117
sup,A665,A1456
sup,A665,A1080
sup,A665,A2419
sup,A665,A2677
sup,A665,A323
sup,A665,A1320
sup,A665,A2510
sup,A665,A1232
sup,A665,A1756
sup,A665,A2617
sup,A667,A249
sup,A667,A502
sup,A667,A2757
sup,A667,A2611
sup,A667,A362
sup,A667,A1127
sup,A669,A1757
sup,A669,A596
sup,A669,A700
sup,A669,A1816
sup,A669,A1968
sup,A669,A1371
sup,A669,A2441
sup,A669,A1179
sup,A669,A2099
sup,A669,A1964
sup,A669,A2458
sup,A669,A1755
sup,A669,A20
sup,A669,A2737
sup,A669,A926
sup,A669,A768
sup,A669,A2089
sup,A669,A303
sup,A669,A1038
sup,A669,A679
sup,A669,A1211
sup,A669,A340
sup,A669,A1599
sup,A669,A959
sup,A669,A2735
sup,A669,A2034
sup,A669,A2446
sup,A669,A2688
sup,A669,A38
sup,A669,A1030
sup,A669,A1823
sup,A669,A1932
sup,A669,A1418
sup,A669,A503
sup,A671,A1667
sup,A671,A2742
sup,A672,A1330
sup,A672,A167
sup,A672,A2061
sup,A672,A2523
sup,A672,A1138
sup,A672,A207
sup,A672,A2607
sup,A672,A1195
sup,A672,A2787
sup,A672,A265
sup,A672,A67
sup,A672,A1438
sup,A672,A561
sup,A672,A1694
sup,A672,A2366
sup,A672,A927
sup,A673,A2481
sup,A673,A188
sup,A673,A1031
sup,A673,A292
sup,A673,A77
sup,A673,A544
sup,A673,A1081
sup,A673,A1383
sup,A673,A937
sup,A673,A1479
sup,A673,A900
sup,A673,A1645
sup,A673,A772
sup,A673,A894
sup,A673,A512
sup,A673,A1314
sup,A673,A1171
sup,A673,A386
sup,A673,A2361
sup,A673,A1036
sup,A673,A1515
sup,A673,A430
sup,A675,A76
sup,A675,A2209
sup,A675,A1299
sup,A675,A970
sup,A675,A608
sup,A675,A1861
sup,A675,A2245
sup,A675,A153
sup,A675,A2412
sup,A675,A1129
sup,A675,A2728
sup,A675,A2025
sup,A675,A1625
sup,A675,A328
sup,A675,A1458
sup,A675,A140
sup,A675,A2493
sup,A675,A188
sup,A675,A2221
sup,A675,A2552
sup,A677,A1461
sup,A677,A1600
sup,A677,A2404
sup,A677,A198
sup,A677,A1165
sup,A677,A29
sup,A677,A2215
sup,A677,A1033
sup,A677,A432
sup,A677,A165
sup,A678,A830
sup,A678,A2317
sup,A678,A531
sup,A678,A1150
sup,A678,A2237
sup,A678,A922
sup,A678,A2708
sup,A678,A1960
sup,A678,A1356
sup,A678,A658
sup,A678,A1705
sup,A678,A1809
sup,A678,A529
sup,A678,A291
sup,A678,A2123
sup,A678,A350
sup,A678,A248
sup,A678,A1125
sup,A678,A80
sup,A678,A251
sup,A678,A1989
sup,A678,A2040
sup,A678,A2328
sup,A678,A1996
sup,A678,A2310
sup,A678,A341
sup,A678,A1720
sup,A678,A1803
sup,A678,A2045
sup,A678,A2525
sup,A680,A2565
sup,A680,A364
sup,A680,A1200
sup,A680,A2614
sup,A680,A132
sup,A680,A1355
sup,A680,A358
sup,A680,A1608
sup,A680,A1850
sup,A680,A2333
sup,A680,A2093
sup,A680,A314
sup,A680,A2550
sup,A682,A2667
sup,A682,A2734
sup,A682,A960
sup,A682,A1716
sup,A682,A1150
sup,A682,A118
sup,A682,A609
sup,A684,A1905
sup,A684,A2704
sup,A684,A1658
sup,A684,A518
sup,A684,A1544
sup,A684,A1360
sup,A684,A1792
sup,A684,A1154
sup,A684,A1948
sup,A684,A1607
sup,A684,A1224
sup,A684,A1249
sup,A684,A2606
sup,A684,A1004
sup,A684,A919
sup,A687,A2552
sup,A687,A2303
sup,A687,A1562
sup,A687,A1095
sup,A687,A2183
sup,A687,A1411
sup,A687,A483
sup,A687,A2512
sup,A687,A1022
sup,A687,A2502
sup,A687,A1488
sup,A687,A2608
sup,A687,A2470
sup,A687,A1032
sup,A687,A1835
sup,A687,A1598
sup,A687,A964
sup,A687,A1550
sup,A689,A1703
sup,A689,A1493
sup,A689,A2612
sup,A689,A1805
sup,A689,A2239
sup,A689,A2022
sup,A689,A1236
sup,A689,A2603
sup,A689,A1753
sup,A689,A1404
sup,A693,A2000
sup,A693,A772
sup,A693,A1334
sup,A693,A2730
sup,A693,A1834
sup,A693,A1189
sup,A693,A982
sup,A693,A2104
sup,A693,A547
sup,A693,A1523
sup,A693,A346
sup,A693,A415
sup,A693,A142
sup,A693,A1939
sup,A693,A157
sup,A693,A2395
sup,A695,A52
sup,A695,A486
sup,A695,A2422
sup,A695,A1555
sup,A695,A633
sup,A695,A2498
sup,A695,A2766
sup,A695,A660
sup,A695,A71
sup,A695,A395
sup,A695,A2210
sup,A695,A786
sup,A695,A2650
sup,A695,A2798
sup,A695,A1460
sup,A699,A306
sup,A699,A2495
sup,A699,A2468
sup,A699,A2291
sup,A699,A2392
sup,A699,A253
sup,A699,A325
sup,A699,A914
sup,A699,A1052
sup,A699,A2527
sup,A699,A2438
sup,A699,A2532
sup,A699,A382
sup,A699,A658
sup,A699,A218
sup,A699,A248
sup,A699,A1349
sup,A699,A443
sup,A699,A1517
sup,A699,A2393
sup,A699,A1446
sup,A699,A1763
sup,A699,A1990
sup,A699,A2629
sup,A699,A2677
sup,A699,A725
sup,A699,A1373
sup,A701,A2068
sup,A701,A2357
sup,A701,A2600
sup,A701,A1680
sup,A701,A228
sup,A704,A112
sup,A704,A2152
sup,A704,A1455
sup,A704,A2479
sup,A704,A1837
sup,A704,A380
sup,A704,A2233
sup,A704,A2281
sup,A704,A1552
sup,A704,A766
sup,A704,A1865
sup,A704,A1201
sup,A704,A2310
sup,A704,A1305
sup,A704,A1361
sup,A704,A78
sup,A704,A2012
sup,A704,A1992
sup,A704,A2116
sup,A704,A305
sup,A704,A1568
sup,A704,A1365
sup,A704,A1643
sup,A704,A1233
sup,A705,A339
sup,A705,A1960
sup,A705,A2270
sup,A705,A1242
sup,A705,A2332
sup,A705,A2092
sup,A706,A1332
sup,A706,A971
sup,A706,A2222
sup,A706,A1543
sup,A706,A2312
sup,A706,A986
sup,A706,A2747
sup,A706,A2653
sup,A706,A1443
sup,A706,A2563
sup,A706,A1450
sup,A706,A1969
sup,A706,A2528
sup,A706,A2514
sup,A706,A1221
sup,A706,A1985
sup,A706,A1053
sup,A706,A1645
sup,A706,A1307
sup,A706,A733
sup,A709,A1410
sup,A709,A1802
sup,A709,A2356
sup,A709,A2049
sup,A709,A175
sup,A709,A1778
sup,A709,A808
sup,A709,A414
sup,A709,A962
sup,A709,A1648
sup,A709,A754
sup,A709,A25
sup,A709,A441
sup,A709,A1337
sup,A709,A863
sup,A709,A2102
sup,A709,A1379
sup,A712,A274
sup,A713,A107
sup,A713,A1517
sup,A713,A27
sup,A713,A1840
sup,A714,A943
sup,A714,A2762
sup,A714,A1026
sup,A714,A1414
sup,A714,A656
sup,A714,A604
sup,A714,A2265
sup,A714,A1259
sup,A714,A94
sup,A714,A2108
sup,A714,A1504
sup,A714,A880
sup,A714,A2353
sup,A717,A2668
sup,A717,A237
sup,A717,A1877
sup,A717,A407
sup,A717,A925
sup,A717,A638
sup,A717,A975
sup,A717,A1384
sup,A717,A1007
sup,A717,A2758
sup,A718,A1181
sup,A718,A1855
sup,A718,A1823
sup,A718,A903
sup,A718,A707
sup,A718,A172
sup,A718,A941
sup,A718,A487
sup,A718,A38
sup,A718,A1494
sup,A718,A421
sup,A718,A837
sup,A718,A681
sup,A718,A862
sup,A718,A1893
sup,A718,A387
sup,A720,A1233
sup,A720,A2574
sup,A720,A395
sup,A720,A2129
sup,A720,A1428
sup,A720,A714
sup,A724,A2128
sup,A724,A2491
sup,A724,A2074
sup,A724,A772
sup,A724,A931
sup,A724,A1681
sup,A724,A2699
sup,A724,A1229
sup,A724,A1722
sup,A724,A1069
sup,A724,A1226
sup,A724,A2033
sup,A724,A1808
sup,A724,A1318
sup,A724,A156
sup,A724,A68
sup,A724,A2102
sup,A724,A1369
sup,A724,A721
sup,A724,A1006
sup,A724,A1044
sup,A724,A1483
sup,A724,A1498
sup,A724,A2103
sup,A724,A1492
sup,A727,A593
sup,A727,A1254
sup,A727,A614
sup,A727,A1873
sup,A727,A1097
sup,A727,A427
sup,A727,A2524
sup,A727,A2172
sup,A727,A991
sup,A727,A699
sup,A727,A944
sup,A727,A2269
sup,A727,A1489
sup,A727,A1187
sup,A727,A1388
sup,A727,A418
sup,A727,A2534
sup,A727,A409
sup,A727,A276
sup,A728,A1141
sup,A728,A2733
sup,A728,A681
sup,A728,A1523
sup,A731,A1470
sup,A732,A709
sup,A732,A343
sup,A732,A2695
sup,A732,A437
sup,A732,A945
sup,A732,A1320
sup,A732,A740
sup,A732,A1999
sup,A732,A1066
sup,A732,A1351
sup,A732,A1123
sup,A732,A32
sup,A732,A2048
sup,A732,A614
sup,A733,A509
sup,A734,A432
sup,A734,A428
sup,A734,A742
sup,A734,A1189
sup,A734,A2611
sup,A734,A1813
sup,A734,A1754
sup,A734,A2069
sup,A734,A2265
sup,A734,A858
sup,A734,A1316
sup,A734,A2009
sup,A734,A909
sup,A734,A184
sup,A734,A172
sup,A734,A2338
sup,A734,A1835
sup,A734,A1684
sup,A734,A2102
sup,A734,A2679
sup,A734,A1623
sup,A734,A1593
sup,A734,A1670
sup,A734,A1964
sup,A737,A585
sup,A737,A327
sup,A737,A1654
sup,A737,A1522
sup,A737,A2678
sup,A737,A2715
sup,A737,A1453
sup,A737,A1656
sup,A737,A2441
sup,A737,A2283
sup,A737,A852
sup,A737,A1921
sup,A737,A1139
sup,A739,A720
sup,A739,A1597
sup,A739,A2406
sup,A739,A564
sup,A739,A863
sup,A739,A215
sup,A739,A2611
sup,A739,A1859
sup,A739,A2613
sup,A739,A1870
sup,A739,A352
sup,A739,A915
sup,A740,A101
sup,A740,A2281
sup,A740,A2123
sup,A740,A2080
sup,A740,A465
sup,A740,A2535
sup,A740,A805
sup,A740,A2230
sup,A740,A2208
sup,A740,A359
sup,A740,A853
sup,A740,A2069
sup,A740,A799
sup,A740,A2317
sup,A740,A2029
sup,A741,A105
sup,A741,A1729
sup,A741,A337
sup,A741,A2295
sup,A741,A576
sup,A741,A1986
sup,A741,A1021
sup,A741,A2465
sup,A741,A2024
sup,A741,A1934
sup,A741,A2794
sup,A741,A1382
sup,A741,A167
sup,A741,A1493
sup,A741,A683
sup,A743,A1610
sup,A743,A1004
sup,A743,A2680
sup,A744,A1735
sup,A744,A1951
sup,A744,A77
sup,A744,A1991
sup,A744,A1787
sup,A744,A705
sup,A744,A421
sup,A744,A945
sup,A744,A2371
sup,A744,A2157
sup,A744,A2748
sup,A744,A1800
sup,A744,A2629
sup,A744,A1548
sup,A744,A2791
sup,A744,A2518
sup,A744,A1573
sup,A745,A644
sup,A745,A2564
sup,A745,A1634
sup,A745,A1367
sup,A745,A229
sup,A745,A729
sup,A745,A1261
sup,A745,A1669
sup,A745,A1297
sup,A745,A1154
sup,A745,A427
sup,A745,A1515
sup,A745,A2146
sup,A745,A542
sup,A746,A1877
sup,A746,A742
sup,A746,A921
sup,A746,A1639
sup,A746,A1105
sup,A746,A2701
sup,A746,A1103
sup,A746,A1298
sup,A746,A1329
sup,A746,A415
sup,A746,A934
sup,A746,A2254
sup,A746,A2129
sup,A746,A1218
sup,A746,A375
sup,A747,A1432
sup,A747,A88
sup,A747,A242
sup,A747,A1146
sup,A747,A2789
sup,A747,A1976
sup,A747,A2271
sup,A747,A2048
sup,A747,A1648
sup,A747,A844
sup,A747,A1469
sup,A747,A2310
sup,A747,A68
sup,A747,A709
sup,A747,A904
sup,A748,A1439
sup,A748,A2085
sup,A748,A2717
sup,A748,A1461
sup,A748,A4
sup,A748,A28
sup,A748,A773
sup,A748,A198
sup,A748,A779
sup,A748,A2405
sup,A748,A188
sup,A748,A1436
sup,A748,A1565
sup,A748,A2403
sup,A748,A280
sup,A751,A1630
sup,A751,A1478
sup,A751,A2322
sup,A751,A2758
sup,A751,A548
sup,A751,A2761
sup,A751,A1724
sup,A751,A2075
sup,A751,A2052
sup,A751,A71
sup,A751,A2118
sup,A751,A1903
sup,A751,A640
sup,A751,A866
sup,A751,A714
sup,A751,A401
sup,A751,A2476
sup,A751,A841
sup,A751,A2515
sup,A751,A464
sup,A751,A2781
sup,A751,A1677
sup,A751,A1814
sup,A754,A429
sup,A754,A1821
sup,A754,A825
sup,A754,A975
sup,A756,A1818
sup,A756,A2518
sup,A757,A1212
sup,A757,A2307
sup,A757,A2777
sup,A757,A1679
sup,A757,A1134
sup,A757,A2110
sup,A757,A472
sup,A757,A271
sup,A759,A1910
sup,A759,A442
sup,A759,A2760
sup,A759,A1399
sup,A759,A1775
sup,A759,A2181
sup,A759,A2163
sup,A759,A2547
sup,A759,A2225
sup,A759,A1350
sup,A759,A23
sup,A759,A1298
sup,A759,A1499
sup,A759,A1064
sup,A759,A1468
sup,A759,A989
sup,A759,A338
sup,A759,A798
sup,A761,A366
sup,A761,A709
sup,A761,A333
sup,A761,A174
sup,A761,A2049
sup,A761,A2072
sup,A761,A2024
sup,A761,A1932
sup,A761,A9
sup,A761,A1622
sup,A761,A1227
sup,A761,A1559
sup,A761,A2675
sup,A761,A1979
sup,A761,A2685
sup,A761,A912
sup,A761,A2754
sup,A761,A1816
sup,A761,A751
sup,A761,A1096
sup,A763,A1592
sup,A763,A416
sup,A763,A1816
sup,A763,A2648
sup,A763,A2258
sup,A763,A2794
sup,A764,A2390
sup,A764,A2275
sup,A764,A958
sup,A764,A298
sup,A764,A2593
sup,A764,A555
sup,A764,A1358
sup,A764,A2374
sup,A764,A2147
sup,A764,A125
sup,A764,A2337
sup,A764,A1108
sup,A764,A2458
sup,A764,A2400
sup,A764,A1377
sup,A764,A368
sup,A766,A2318
sup,A766,A2122
sup,A766,A1096
sup,A766,A954
sup,A766,A2304
sup,A766,A1253
sup,A766,A249
sup,A766,A987
sup,A766,A2643
sup,A766,A763
sup,A767,A4
sup,A767,A62
sup,A767,A2681
sup,A767,A15
sup,A767,A368
sup,A767,A511
sup,A767,A1086
sup,A769,A717
sup,A769,A2455
sup,A769,A2224
sup,A769,A339
sup,A773,A1393
sup,A773,A1996
sup,A773,A2581
sup,A773,A2607
sup,A773,A2107
sup,A773,A2133
sup,A773,A1559
sup,A773,A37
sup,A773,A2083
sup,A773,A1264
sup,A775,A972
sup,A775,A2509
sup,A775,A345
sup,A775,A1533
sup,A775,A2758
sup,A775,A628
sup,A775,A1446
sup,A775,A472
sup,A775,A258
sup,A775,A2577
sup,A775,A1421
sup,A775,A2792
sup,A775,A1721
sup,A776,A619
sup,A776,A441
sup,A776,A2548
sup,A776,A658
sup,A776,A1015
sup,A776,A2597
sup,A776,A282
sup,A776,A460
sup,A776,A1593
sup,A776,A2025
sup,A776,A2731
sup,A776,A518
sup,A776,A1017
sup,A778,A484
sup,A778,A1400
sup,A778,A2338
sup,A778,A2741
sup,A778,A268
sup,A778,A2166
sup,A778,A2665
sup,A778,A1210
sup,A778,A1835
sup,A778,A1163
sup,A778,A2624
sup,A778,A639
sup,A778,A2172
sup,A778,A2463
sup,A778,A998
sup,A778,A836
sup,A779,A1060
sup,A779,A921
sup,A779,A1876
sup,A779,A2381
sup,A779,A1214
sup,A779,A270
sup,A779,A1585
sup,A779,A1983
sup,A779,A1581
sup,A779,A725
sup,A779,A1295
sup,A779,A1072
sup,A779,A240
sup,A779,A2554
sup,A779,A727
sup,A780,A1997
sup,A780,A2400
sup,A780,A2147
sup,A780,A0
sup,A780,A560
sup,A780,A2224
sup,A780,A2061
sup,A781,A307
sup,A781,A1084
sup,A781,A829
sup,A781,A2058
sup,A781,A1857
sup,A781,A1994
sup,A781,A771
sup,A781,A1660
sup,A781,A2762
sup,A781,A1315
sup,A781,A1910
sup,A781,A2034
sup,A781,A948
sup,A781,A1727
sup,A781,A2434
sup,A781,A1386
sup,A781,A2614
sup,A781,A1384
sup,A781,A979
sup,A781,A660
sup,A781,A1036
sup,A781,A2172
sup,A781,A1922
sup,A781,A1366
sup,A781,A1885
sup,A781,A287
sup,A781,A115
sup,A783,A2247
sup,A783,A1662
sup,A783,A868
sup,A783,A2153
sup,A783,A1173
sup,A783,A2640
sup,A783,A2274
sup,A783,A2612
sup,A783,A1036
sup,A783,A147
sup,A783,A2144
sup,A783,A1544
sup,A783,A1051
sup,A783,A1413
sup,A783,A321
sup,A783,A1218
sup,A783,A2386
sup,A783,A55
sup,A783,A1266
sup,A783,A734
sup,A783,A643
sup,A784,A844
sup,A784,A1139
sup,A784,A912
sup,A784,A2597
sup,A784,A1436
sup,A784,A786
sup,A784,A1165
sup,A784,A505
sup,A784,A2712
sup,A784,A172
sup,A784,A2735
sup,A784,A2195
sup,A784,A2585
sup,A784,A1578
sup,A784,A2422
sup,A784,A659
sup,A784,A601
sup,A784,A2691
sup,A784,A1233
sup,A785,A956
sup,A785,A2145
sup,A785,A2279
sup,A785,A2338
sup,A785,A926
sup,A785,A643
sup,A785,A2377
sup,A785,A2745
sup,A785,A314
sup,A785,A2319
sup,A785,A1394
sup,A785,A1889
sup,A785,A1361
sup,A785,A1932
sup,A785,A1075
sup,A785,A626
sup,A786,A2172
sup,A786,A2413
sup,A786,A609
sup,A786,A335
sup,A786,A314
sup,A787,A2563
sup,A788,A1249
sup,A788,A2162
sup,A788,A87
sup,A788,A1817
sup,A788,A343
sup,A788,A760
sup,A788,A796
sup,A788,A2268
sup,A788,A1801
sup,A788,A791
sup,A788,A2694
sup,A788,A671
sup,A788,A861
sup,A788,A2446
sup,A788,A920
sup,A788,A1354
sup,A788,A1302
sup,A788,A2208
sup,A788,A839
sup,A788,A1214
sup,A788,A177
sup,A789,A967
sup,A789,A1673
sup,A789,A2370
sup,A789,A2365
sup,A789,A93
sup,A789,A640
sup,A789,A2390
sup,A789,A1683
sup,A789,A1912
sup,A789,A583
sup,A789,A1298
sup,A789,A1540
sup,A789,A413
sup,A789,A2712
sup,A789,A2646
sup,A789,A1227
sup,A789,A2645
sup,A789,A333
sup,A790,A1791
sup,A790,A1228
sup,A790,A115
sup,A790,A1191
sup,A790,A2076
sup,A790,A1674
sup,A790,A1224
sup,A790,A1697
sup,A790,A2244
sup,A790,A1046
sup,A793,A2485
sup,A793,A1266
sup,A793,A1487
sup,A793,A2517
sup,A793,A2155
sup,A793,A618
sup,A797,A2391
sup,A797,A1583
sup,A797,A1249
sup,A797,A409
sup,A797,A1904
sup,A797,A2035
sup,A797,A112
sup,A797,A1241
sup,A797,A640
sup,A799,A1774
sup,A799,A484
sup,A799,A64
sup,A799,A520
sup,A799,A514
sup,A800,A997
sup,A800,A899
sup,A800,A1250
sup,A800,A1374
sup,A800,A1310
sup,A800,A1452
sup,A800,A2749
sup,A800,A1008
sup,A800,A1482
sup,A800,A768
sup,A800,A2428
sup,A800,A722
sup,A800,A380
sup,A800,A1844
sup,A800,A1535
sup,A800,A1081
sup,A800,A1585
sup,A800,A386
sup,A800,A885
sup,A800,A676
sup,A800,A2522
sup,A800,A1704
sup,A800,A2674
sup,A801,A461
sup,A802,A79
sup,A802,A2399
sup,A802,A2038
sup,A802,A105
sup,A802,A1269
sup,A802,A2147
sup,A802,A2236
sup,A802,A1943
sup,A802,A305
sup,A802,A1164
sup,A802,A88
sup,A802,A847
sup,A802,A1924
sup,A802,A524
sup,A802,A2771
sup,A802,A2111
sup,A802,A2436
sup,A809,A389
sup,A809,A279
sup,A809,A2311
sup,A809,A2170
sup,A809,A795
sup,A809,A1949
sup,A809,A1206
sup,A809,A1681
sup,A809,A457
sup,A809,A2249
sup,A810,A1006
sup,A810,A547
sup,A810,A2560
sup,A810,A1675
sup,A810,A925
sup,A810,A1923
sup,A810,A407
sup,A810,A861
sup,A810,A2718
sup,A810,A1074
sup,A810,A1056
sup,A810,A630
sup,A810,A1146
sup,A810,A576
sup,A810,A2180
sup,A810,A964
sup,A810,A1806
sup,A810,A288
sup,A810,A1469
sup,A810,A149
sup,A810,A2694
sup,A810,A1028
sup,A810,A1405
sup,A810,A1455
sup,A810,A1837
sup,A810,A251
sup,A810,A205
sup,A810,A2218
sup,A811,A1712
sup,A811,A1306
sup,A811,A2735
sup,A811,A2632
sup,A811,A2736
sup,A811,A1633
sup,A811,A1952
sup,A811,A1303
sup,A813,A2730
sup,A813,A1400
sup,A813,A2745
sup,A816,A2369
sup,A819,A397
sup,A819,A1500
sup,A819,A2517
sup,A819,A1110
sup,A819,A2702
sup,A819,A106
sup,A819,A2348
sup,A819,A1499
sup,A819,A542
sup,A819,A948
sup,A820,A1382
sup,A820,A2148
sup,A820,A454
sup,A820,A1365
sup,A820,A316
sup,A820,A2481
sup,A820,A628
sup,A820,A1504
sup,A820,A864
sup,A820,A2039
sup,A820,A414
sup,A820,A2022
sup,A820,A2557
sup,A820,A990
sup,A820,A2664
sup,A820,A2267
sup,A820,A1720
sup,A820,A1818
sup,A820,A559
sup,A820,A123
sup,A823,A1539
sup,A823,A504
sup,A823,A2639
sup,A823,A1075
sup,A823,A876
sup,A823,A252
sup,A824,A79
sup,A824,A2782
sup,A824,A1327
sup,A824,A554
sup,A825,A1122
sup,A825,A1100
sup,A825,A2732
sup,A825,A2307
sup,A825,A1510
sup,A825,A799
sup,A825,A2530
sup,A825,A2582
sup,A825,A1882
sup,A825,A609
sup,A825,A1283
sup,A825,A2012
sup,A825,A1454
sup,A825,A1780
sup,A825,A1304
sup,A825,A329
sup,A825,A1698
sup,A825,A2433
sup,A825,A1240
sup,A825,A111
sup,A825,A1223
sup,A825,A2074
sup,A825,A1781
sup,A825,A70
sup,A825,A162
sup,A825,A1302
sup,A827,A2428
sup,A827,A720
sup,A827,A1880
sup,A827,A519
sup,A827,A2619
sup,A827,A289
sup,A827,A2351
sup,A827,A1774
sup,A827,A417
sup,A827,A1427
sup,A827,A1280
sup,A827,A1469
sup,A827,A37
sup,A827,A589
sup,A827,A1276
sup,A827,A710
sup,A827,A2097
sup,A827,A390
sup,A827,A559
sup,A829,A2081
sup,A829,A61
sup,A829,A1005
sup,A829,A2169
sup,A829,A2264
sup,A829,A2512
sup,A830,A1406
sup,A830,A217
sup,A830,A2123
sup,A830,A2414
sup,A830,A2424
sup,A830,A712
sup,A830,A2069
sup,A830,A2702
sup,A830,A559
sup,A830,A420
sup,A830,A2264
sup,A830,A1022
sup,A830,A434
sup,A830,A1190
sup,A830,A1578
sup,A830,A2566
sup,A830,A1771
sup,A830,A2426
sup,A830,A761
sup,A830,A1476
sup,A830,A1179
sup,A830,A1324
sup,A830,A2657
sup,A830,A1330
sup,A830,A2529
sup,A830,A2276
sup,A830,A1814
sup,A833,A890
sup,A833,A793
sup,A833,A148
sup,A833,A822
sup,A833,A1748
sup,A836,A1186
sup,A836,A2232
sup,A836,A2454
sup,A836,A526
sup,A836,A846
sup,A836,A1857
sup,A836,A2609
sup,A836,A1379
sup,A836,A397
sup,A836,A2510
sup,A836,A228
sup,A836,A1400
sup,A836,A2505
sup,A836,A1590
sup,A836,A1960
sup,A839,A1301
sup,A839,A2310
sup,A839,A532
sup,A839,A2180
sup,A839,A900
sup,A839,A595
sup,A839,A1249
sup,A839,A444
sup,A839,A2006
sup,A839,A2117
sup,A839,A878
sup,A840,A740
sup,A840,A2389
sup,A840,A1995
sup,A840,A607
sup,A840,A2046
sup,A840,A2445
sup,A840,A1493
sup,A840,A1816
sup,A840,A596
sup,A840,A326
sup,A840,A756
sup,A840,A177
sup,A840,A1372
sup,A840,A1430
sup,A840,A348
sup,A840,A2306
sup,A840,A1891
sup,A840,A2572
sup,A840,A1658
sup,A840,A2509
sup,A846,A645
sup,A846,A2172
sup,A846,A2465
sup,A846,A106
sup,A846,A1564
sup,A846,A742
sup,A849,A773
sup,A849,A2392
sup,A849,A2120
sup,A849,A1214
sup,A849,A43
sup,A849,A1998
sup,A849,A1931
sup,A849,A1870
sup,A849,A2495
sup,A849,A1120
sup,A849,A848
sup,A849,A1421
sup,A849,A2795
sup,A849,A2388
sup,A849,A1727
sup,A851,A210
sup,A851,A2698
sup,A851,A2673
sup,A852,A2161
sup,A852,A767
sup,A852,A1296
sup,A852,A464
sup,A852,A1054
sup,A852,A205
sup,A852,A182
sup,A852,A98
sup,A852,A93
sup,A852,A1923
sup,A852,A497
sup,A852,A270
sup,A852,A983
sup,A852,A2489
sup,A852,A364
sup,A852,A1697
sup,A852,A290
sup,A852,A1481
sup,A852,A912
sup,A852,A652
sup,A852,A265
sup,A852,A2601
sup,A852,A120
sup,A854,A1784
sup,A855,A926
sup,A855,A1417
sup,A855,A1081
sup,A855,A1564
sup,A855,A1161
sup,A855,A999
sup,A855,A1867
sup,A855,A32
sup,A855,A818
sup,A855,A2204
sup,A855,A2596
sup,A855,A1481
sup,A855,A1719
sup,A855,A428
sup,A855,A797
sup,A855,A1675
sup,A855,A2421
sup,A855,A1801
sup,A855,A1120
sup,A855,A718
sup,A861,A1266
sup,A861,A1742
sup,A861,A1902
sup,A861,A2301
sup,A861,A144
sup,A861,A1018
sup,A861,A1293
sup,A861,A2291
sup,A861,A2411
sup,A861,A590
sup,A861,A989
sup,A861,A2712
sup,A861,A785
sup,A861,A17
sup,A861,A2601
sup,A861,A1033
sup,A861,A638
sup,A861,A1019
sup,A861,A245
sup,A861,A957
sup,A861,A2292
sup,A861,A2545
sup,A861,A833
sup,A861,A757
sup,A861,A2782
sup,A863,A761
sup,A863,A470
sup,A863,A2058
sup,A863,A1517
sup,A863,A1387
sup,A863,A80
sup,A863,A2287
sup,A863,A310
sup,A863,A279
sup,A863,A1643
sup,A863,A225
sup,A863,A2494
sup,A863,A1835
sup,A863,A204
sup,A863,A2279
sup,A863,A282
sup,A864,A1133
sup,A864,A1215
sup,A864,A1395
sup,A864,A2365
sup,A864,A129
sup,A864,A600
sup,A864,A1914
sup,A864,A455
sup,A864,A2292
sup,A864,A424
sup,A864,A1799
sup,A864,A430
sup,A865,A1863
sup,A865,A2666
sup,A865,A503
sup,A865,A2417
sup,A865,A1872
sup,A865,A1989
sup,A865,A663
sup,A865,A1098
sup,A865,A1567
sup,A865,A1931
sup,A865,A460
sup,A865,A1602
sup,A865,A1046
sup,A865,A540
sup,A869,A743
sup,A869,A2650
sup,A869,A1295
sup,A869,A2637
sup,A869,A2493
sup,A869,A1457
sup,A869,A370
sup,A869,A287
sup,A869,A1376
sup,A869,A1766
sup,A869,A111
sup,A869,A142
sup,A869,A963
sup,A869,A1496
sup,A869,A1542
sup,A869,A350
sup,A869,A2499
sup,A871,A809
sup,A871,A2181
sup,A871,A712
sup,A871,A2733
sup,A871,A1498
sup,A871,A2333
sup,A871,A2714
sup,A871,A852
sup,A871,A1422
sup,A871,A1004
sup,A871,A1065
sup,A871,A1653
sup,A871,A1907
sup,A871,A993
sup,A871,A2394
sup,A871,A1661
sup,A872,A2059
sup,A872,A2755
sup,A872,A1289
sup,A872,A1604
sup,A874,A52
sup,A874,A2725
sup,A874,A461
sup,A874,A1827
sup,A874,A1795
sup,A874,A2395
sup,A874,A1041
sup,A874,A1518
sup,A874,A2704
sup,A875,A674
sup,A875,A2598
sup,A875,A1526
sup,A875,A731
sup,A875,A1738
sup,A875,A1668
sup,A875,A717
sup,A875,A1392
sup,A875,A864
sup,A875,A1849
sup,A875,A585
sup,A875,A2118
sup,A875,A2620
sup,A875,A2481
sup,A875,A388
sup,A881,A655
sup,A881,A1895
sup,A881,A43
sup,A881,A1699
sup,A881,A1126
sup,A881,A2397
sup,A881,A1885
sup,A881,A1846
sup,A881,A2109
sup,A881,A1195
sup,A881,A15
sup,A881,A2744
sup,A881,A1908
sup,A882,A1801
sup,A882,A1149
sup,A882,A45
sup,A882,A625
sup,A882,A426
sup,A883,A990
sup,A883,A2796
sup,A883,A1083
sup,A883,A330
sup,A883,A2026
sup,A883,A2555
sup,A883,A139
sup,A883,A323
sup,A883,A1463
sup,A883,A1216
sup,A883,A2315
sup,A887,A2619
sup,A887,A341
sup,A887,A2158
sup,A887,A462
sup,A887,A189
sup,A887,A1042
sup,A887,A1915
sup,A887,A205
sup,A887,A1694
sup,A887,A1321
sup,A887,A2035
sup,A887,A1252
sup,A887,A446
sup,A887,A1665
sup,A888,A233
sup,A888,A2666
sup,A888,A925
sup,A888,A1085
sup,A888,A2005
sup,A888,A2660
sup,A888,A2161
sup,A888,A416
sup,A888,A2727
sup,A888,A1850
sup,A888,A871
sup,A888,A1020
sup,A888,A89
sup,A888,A1879
sup,A888,A2187
sup,A888,A479
sup,A888,A1311
sup,A888,A2522
sup,A888,A641
sup,A888,A976
sup,A888,A1425
sup,A888,A2668
sup,A888,A2277
sup,A888,A2407
sup,A888,A1434
sup,A888,A833
sup,A888,A186
sup,A888,A493
sup,A889,A1981
sup,A889,A301
sup,A889,A1316
sup,A889,A858
sup,A889,A467
sup,A889,A2514
sup,A889,A1731
sup,A889,A1033
sup,A889,A227
sup,A889,A937
sup,A889,A1799
sup,A889,A1222
sup,A889,A659
sup,A889,A2523
sup,A889,A5
sup,A889,A1646
sup,A889,A493
sup,A889,A190
sup,A889,A567
sup,A889,A1695
sup,A889,A2568
sup,A889,A1066
sup,A890,A611
sup,A890,A2434
sup,A890,A516
sup,A890,A1337
sup,A890,A1476
sup,A890,A977
sup,A890,A2317
sup,A890,A82
sup,A890,A275
sup,A891,A199
sup,A891,A1362
sup,A891,A830
sup,A891,A1128
sup,A891,A1722
sup,A891,A1149
sup,A891,A2039
sup,A891,A1151
sup,A891,A2797
sup,A891,A2734
sup,A891,A172
sup,A891,A1625
sup,A891,A1749
sup,A891,A1542
sup,A891,A1232
sup,A891,A795
sup,A891,A2161
sup,A891,A600
sup,A891,A1090
sup,A891,A352
sup,A891,A666
sup,A891,A2049
sup,A891,A1148
sup,A893,A1633
sup,A893,A605
sup,A893,A1295
sup,A893,A1798
sup,A893,A2176
sup,A893,A2536
sup,A893,A1579
sup,A893,A1614
sup,A893,A2028
sup,A896,A1907
sup,A896,A221
sup,A896,A764
sup,A896,A2572
sup,A896,A110
sup,A896,A807
sup,A896,A1262
sup,A896,A2580
sup,A896,A1682
sup,A896,A1931
sup,A896,A2059
sup,A896,A1099
sup,A896,A452
sup,A896,A1208
sup,A896,A261
sup,A897,A1563
sup,A897,A2107
sup,A897,A821
sup,A897,A1738
sup,A897,A1011
sup,A897,A1868
sup,A897,A708
sup,A897,A2347
sup,A897,A1118
sup,A897,A2559
sup,A897,A866
sup,A897,A2522
sup,A897,A1885
sup,A897,A984
sup,A897,A2217
sup,A897,A589
sup,A897,A250
sup,A897,A877
sup,A897,A1218
sup,A897,A1452
sup,A897,A735
sup,A897,A2436
sup,A897,A2328
sup,A899,A1737
sup,A899,A1512
sup,A899,A2586
sup,A899,A420
sup,A899,A682
sup,A899,A2706
sup,A899,A1949
sup,A899,A2353
sup,A899,A2752
sup,A899,A2277
sup,A899,A357
sup,A899,A468
sup,A899,A1020
sup,A899,A572
sup,A899,A890
sup,A899,A493
sup,A901,A517
sup,A901,A1444
sup,A901,A732
sup,A901,A1059
sup,A901,A1463
sup,A901,A2596
sup,A901,A1599
sup,A901,A494
sup,A901,A2636
sup,A901,A1003
sup,A903,A2656
sup,A903,A820
sup,A903,A172
sup,A903,A2792
sup,A903,A1213
sup,A903,A985
sup,A903,A1055
sup,A903,A803
sup,A903,A587
sup,A903,A938
sup,A903,A906
sup,A903,A42
sup,A903,A1635
sup,A903,A2062
sup,A903,A190
sup,A903,A2016
sup,A903,A1364
sup,A903,A345
sup,A903,A2571
sup,A903,A1106
sup,A903,A2648
sup,A903,A1838
sup,A903,A440
sup,A903,A1913
sup,A903,A2085
sup,A903,A2731
sup,A903,A1797
sup,A903,A1262
sup,A903,A387
sup,A903,A289
sup,A905,A1404
sup,A905,A1295
sup,A905,A1813
sup,A905,A2762
sup,A905,A505
sup,A905,A2293
sup,A905,A420
sup,A905,A2307
sup,A905,A1466
sup,A905,A879
sup,A905,A88
sup,A905,A2725
sup,A905,A1967
sup,A905,A1581
sup,A905,A2780
sup,A905,A2096
sup,A905,A1793
sup,A905,A624
sup,A905,A842
sup,A907,A777
sup,A907,A543
sup,A907,A1597
sup,A907,A282
sup,A907,A1608
sup,A907,A1805
sup,A907,A2322
sup,A907,A887
sup,A907,A1887
sup,A907,A2705
sup,A907,A661
sup,A907,A597
sup,A907,A1067
sup,A907,A1613
sup,A907,A2471
sup,A907,A325
sup,A907,A2058
sup,A907,A616
sup,A907,A2751
sup,A908,A479
sup,A908,A1095
sup,A908,A2308
sup,A908,A2225
sup,A908,A1476
sup,A908,A572
sup,A908,A999
sup,A908,A1687
sup,A908,A1108
sup,A908,A2187
sup,A908,A2227
sup,A908,A1472
sup,A908,A2783
sup,A908,A1650
sup,A908,A2669
sup,A908,A2170
sup,A910,A1753
sup,A910,A956
sup,A910,A135
sup,A910,A113
sup,A910,A1072
sup,A919,A1319
sup,A919,A256
sup,A919,A612
sup,A919,A2134
sup,A919,A951
sup,A919,A1261
sup,A919,A1056
sup,A919,A1182
sup,A919,A2194
sup,A919,A1724
sup,A919,A1586
sup,A919,A2548
sup,A919,A1888
sup,A919,A1452
sup,A919,A440
sup,A919,A2472
sup,A919,A395
sup,A919,A291
sup,A919,A863
sup,A919,A2603
sup,A919,A274
sup,A919,A668
sup,A919,A867
sup,A919,A1900
sup,A920,A2670
sup,A920,A2693
sup,A920,A1744
sup,A920,A1436
sup,A920,A1008
sup,A920,A1454
sup,A920,A1944
sup,A920,A1068
sup,A920,A868
sup,A920,A492
sup,A920,A364
sup,A920,A1322
sup,A920,A628
sup,A920,A445
sup,A920,A386
sup,A920,A2446
sup,A920,A645
sup,A920,A331
sup,A920,A1777
sup,A920,A2117
sup,A920,A1316
sup,A920,A775
sup,A920,A1859
sup,A920,A1145
sup,A920,A1061
sup,A920,A914
sup,A920,A1919
sup,A921,A2766
sup,A921,A2435
sup,A921,A2518
sup,A921,A1416
sup,A921,A2517
sup,A921,A2443
sup,A921,A762
sup,A921,A2260
sup,A921,A1232
sup,A921,A1176
sup,A921,A1877
sup,A921,A1039
sup,A921,A205
sup,A921,A1671
sup,A921,A524
sup,A921,A2273
sup,A921,A1524
sup,A921,A652
sup,A921,A1151
sup,A921,A467
sup,A923,A1641
sup,A923,A2624
sup,A923,A2335
sup,A923,A270
sup,A923,A2097
sup,A923,A2401
sup,A923,A349
sup,A923,A1502
sup,A923,A800
sup,A923,A2191
sup,A923,A563
sup,A923,A1159
sup,A923,A1371
sup,A924,A1974
sup,A924,A2297
sup,A924,A105
sup,A924,A1731
sup,A924,A812
sup,A924,A1217
sup,A925,A2217
sup,A925,A1766
sup,A925,A1260
sup,A925,A664
sup,A925,A2267
sup,A925,A1268
sup,A925,A176
sup,A926,A2465
sup,A926,A10
sup,A926,A1134
sup,A926,A2417
sup,A926,A847
sup,A926,A2352
sup,A926,A725
sup,A926,A1581
sup,A926,A365
sup,A926,A1412
sup,A926,A302
sup,A926,A2503
sup,A926,A288
sup,A926,A2542
sup,A926,A241
sup,A926,A1597
sup,A926,A1392
sup,A927,A618
sup,A927,A572
sup,A927,A1533
sup,A927,A330
sup,A927,A2116
sup,A927,A2396
sup,A927,A2265
sup,A927,A1335
sup,A927,A227
sup,A927,A2163
sup,A927,A1636
sup,A927,A2226
sup,A928,A727
sup,A928,A1372
sup,A928,A2092
sup,A928,A1620
sup,A928,A2746
sup,A928,A748
sup,A928,A820
sup,A928,A223
sup,A928,A405
sup,A928,A840
sup,A928,A616
sup,A928,A372
sup,A928,A434
sup,A928,A672
sup,A928,A2650
sup,A928,A2244
sup,A928,A831
sup,A928,A1338
sup,A928,A2349
sup,A928,A2178
sup,A928,A1843
sup,A930,A2036
sup,A930,A264
sup,A930,A1396
sup,A930,A533
sup,A930,A2477
sup,A930,A2452
sup,A930,A1166
sup,A930,A1667
sup,A930,A1975
sup,A930,A100
sup,A930,A2162
sup,A930,A2440
sup,A930,A717
sup,A930,A2121
sup,A930,A466
sup,A930,A2449
sup,A931,A2006
sup,A931,A2276
sup,A931,A1659
sup,A931,A1795
sup,A931,A2204
sup,A931,A2049
sup,A931,A308
sup,A931,A1194
sup,A931,A2168
sup,A931,A2362
sup,A931,A1933
sup,A931,A2571
sup,A931,A316
sup,A931,A2496
sup,A931,A2421
sup,A931,A1465
sup,A931,A919
sup,A931,A2380
sup,A931,A79
sup,A931,A1862
sup,A931,A1140
sup,A931,A1454
sup,A932,A814
sup,A932,A868
sup,A932,A2371
sup,A932,A520
sup,A932,A2572
sup,A932,A143
sup,A932,A1713
sup,A932,A2257
sup,A932,A2680
sup,A932,A201
sup,A932,A1408
sup,A932,A1767
sup,A932,A29
sup,A932,A697
sup,A932,A204
sup,A932,A1550
sup,A932,A2286
sup,A932,A822
sup,A932,A33
sup,A932,A704
sup,A932,A14
sup,A932,A1533
sup,A932,A1385
sup,A934,A1226
sup,A934,A1447
sup,A935,A1247
sup,A935,A1877
sup,A935,A2768
sup,A935,A1896
sup,A935,A1880
sup,A935,A2684
sup,A935,A333
sup,A938,A1254
sup,A938,A1455
sup,A938,A2736
sup,A938,A1834
sup,A938,A31
sup,A938,A1520
sup,A943,A1579
sup,A943,A2714
sup,A943,A1973
sup,A943,A795
sup,A943,A1698
sup,A943,A2432
sup,A943,A2231
sup,A943,A1556
sup,A943,A2605
sup,A945,A914
sup,A945,A2538
sup,A945,A874
sup,A945,A1311
sup,A945,A2527
sup,A945,A681
sup,A945,A1480
sup,A945,A598
sup,A945,A1706
sup,A945,A2432
sup,A945,A271
sup,A945,A2525
sup,A945,A1098
sup,A945,A1427
sup,A945,A2217
sup,A945,A1337
sup,A945,A810
sup,A945,A2700
sup,A945,A735
sup,A945,A1321
sup,A945,A1973
sup,A945,A206
sup,A945,A692
sup,A945,A790
sup,A945,A232
sup,A945,A1502
sup,A945,A1573
sup,A945,A529
sup,A945,A1240
sup,A946,A283
sup,A946,A536
sup,A946,A572
sup,A946,A2704
sup,A946,A2787
sup,A946,A938
sup,A946,A2292
sup,A946,A1445
sup,A946,A2197
sup,A946,A190
sup,A946,A258
sup,A946,A2355
sup,A946,A1210
sup,A946,A1430
sup,A946,A2544
sup,A946,A1450
sup,A946,A867
sup,A946,A2741
sup,A946,A1038
sup,A946,A1339
sup,A946,A1820
sup,A948,A187
sup,A948,A2578
sup,A948,A216
sup,A948,A1718
sup,A948,A864
sup,A948,A51
sup,A948,A298
sup,A948,A2218
sup,A948,A2297
sup,A948,A2518
sup,A948,A2066
sup,A948,A2427
sup,A948,A2524
sup,A948,A2451
sup,A948,A1783
sup,A948,A433
sup,A948,A1788
sup,A950,A1269
sup,A950,A1617
sup,A950,A1684
sup,A950,A2205
sup,A950,A858
sup,A950,A849
sup,A950,A1824
sup,A950,A2514
sup,A950,A1405
sup,A950,A53
sup,A950,A222
sup,A950,A2185
sup,A950,A181
sup,A950,A2642
sup,A950,A1789
sup,A950,A2527
sup,A950,A2796
sup,A950,A2650
sup,A951,A2510
sup,A951,A495
sup,A951,A1256
sup,A951,A377
sup,A951,A2416
sup,A951,A1417
sup,A951,A2666
sup,A951,A1571
sup,A951,A64
sup,A951,A689
sup,A951,A1745
sup,A951,A1205
sup,A951,A308
sup,A951,A2710
sup,A951,A2036
sup,A951,A1128
sup,A951,A623
sup,A951,A134
sup,A951,A1502
sup,A951,A1901
sup,A951,A2674
sup,A951,A2532
sup,A951,A548
sup,A951,A1552
sup,A951,A2330
sup,A951,A1806
sup,A952,A1085
sup,A952,A2526
sup,A952,A771
sup,A952,A1354
sup,A952,A2617
sup,A952,A2477
sup,A952,A1740
sup,A952,A2752
sup,A952,A2074
sup,A952,A1618
sup,A952,A560
sup,A952,A2765
sup,A952,A1889
sup,A952,A1517
sup,A952,A2586
sup,A952,A2600
sup,A952,A2538
sup,A952,A1804
sup,A952,A1649
sup,A952,A1518
sup,A952,A1925
sup,A952,A428
sup,A952,A1385
sup,A952,A1853
sup,A952,A134
sup,A952,A1767
sup,A952,A1226
sup,A952,A133
sup,A954,A1483
sup,A954,A2505
sup,A954,A1906
sup,A954,A2612
sup,A954,A571
sup,A954,A304
sup,A954,A584
sup,A954,A2227
sup,A954,A1394
sup,A954,A1126
sup,A954,A2126
sup,A954,A364
sup,A954,A1934
sup,A954,A1927
sup,A954,A1811
sup,A954,A948
sup,A954,A1271
sup,A954,A2085
sup,A954,A96
sup,A954,A2688
sup,A955,A1198
sup,A955,A2479
sup,A955,A2349
sup,A955,A1506
sup,A955,A1720
sup,A955,A404
sup,A955,A1966
sup,A955,A71
sup,A955,A2350
sup,A955,A2523
sup,A955,A2644
sup,A955,A480
sup,A955,A1209
sup,A955,A1884
sup,A955,A2145
sup,A955,A1665
sup,A955,A2723
sup,A955,A2452
sup,A955,A32
sup,A955,A1334
sup,A955,A806
sup,A956,A1265
sup,A956,A651
sup,A956,A112
sup,A956,A2534
sup,A956,A2233
sup,A956,A260
sup,A956,A978
sup,A956,A515
sup,A956,A2492
sup,A956,A223
sup,A956,A2720
sup,A956,A2255
sup,A956,A1027
sup,A956,A666
sup,A956,A1911
sup,A958,A1953
sup,A958,A1084
sup,A958,A1764
sup,A959,A1149
sup,A959,A1430
sup,A959,A110
sup,A959,A2651
sup,A959,A426
sup,A959,A1717
sup,A959,A2371
sup,A959,A463
sup,A959,A683
sup,A959,A1475
sup,A959,A2297
sup,A959,A652
sup,A959,A1868
sup,A959,A1045
sup,A959,A1929
sup,A959,A1863
sup,A959,A26
sup,A959,A35
sup,A959,A699
sup,A959,A30
sup,A959,A2594
sup,A959,A244
sup,A959,A1645
sup,A959,A218
sup,A963,A767
sup,A963,A1300
sup,A963,A349
sup,A963,A1221
sup,A963,A125
sup,A963,A61
sup,A963,A2436
sup,A963,A2340
sup,A963,A2171
sup,A963,A2726
sup,A963,A1299
sup,A963,A2564
sup,A963,A2480
sup,A963,A1561
sup,A963,A656
sup,A963,A2478
sup,A963,A2737
sup,A963,A428
sup,A963,A1888
sup,A963,A906
sup,A963,A651
sup,A963,A2434
sup,A963,A1374
sup,A963,A1740
sup,A963,A1904
sup,A963,A654
sup,A963,A1968
sup,A963,A2280
sup,A964,A925
sup,A964,A2415
sup,A964,A122
sup,A964,A482
sup,A964,A351
sup,A964,A92
sup,A964,A256
sup,A964,A2062
sup,A964,A832
sup,A964,A4
sup,A965,A2281
sup,A965,A1567
sup,A965,A783
sup,A965,A102
sup,A965,A1569
sup,A965,A909
sup,A965,A715
sup,A965,A2471
sup,A966,A2316
sup,A966,A1595
sup,A966,A972
sup,A966,A1758
sup,A966,A1393
sup,A966,A1221
sup,A966,A808
sup,A966,A2457
sup,A966,A1572
sup,A966,A394
sup,A966,A1831
sup,A966,A305
sup,A966,A272
sup,A966,A670
sup,A966,A1125
sup,A966,A1370
sup,A966,A734
sup,A966,A268
sup,A966,A1557
sup,A966,A459
sup,A966,A2656
sup,A966,A2564
sup,A967,A1238
sup,A967,A2586
sup,A967,A448
sup,A967,A953
sup,A967,A2181
sup,A967,A932
sup,A967,A2772
sup,A967,A2189
sup,A967,A1658
sup,A967,A1104
sup,A967,A2521
sup,A967,A355
sup,A967,A1592
sup,A967,A860
sup,A971,A2092
sup,A971,A1586
sup,A971,A1064
sup,A971,A1400
sup,A971,A935
sup,A972,A1838
sup,A972,A383
sup,A972,A2273
sup,A972,A546
sup,A972,A1555
sup,A972,A2495
sup,A972,A2212
sup,A972,A2404
sup,A972,A766
sup,A972,A1509
sup,A972,A825
sup,A972,A2222
sup,A972,A2643
sup,A972,A1515
sup,A972,A517
sup,A972,A425
sup,A972,A701
sup,A972,A1745
sup,A973,A494
sup,A973,A595
sup,A973,A283
sup,A973,A1853
sup,A973,A1760
sup,A973,A377
sup,A973,A50
sup,A973,A2485
sup,A973,A931
sup,A973,A733
sup,A973,A1827
sup,A973,A1454
sup,A973,A646
sup,A973,A1945
sup,A973,A2684
sup,A973,A55
sup,A974,A2106
sup,A974,A38
sup,A974,A2423
sup,A974,A636
sup,A974,A1138
sup,A974,A2703
sup,A974,A1764
sup,A974,A635
sup,A974,A1018
sup,A975,A820
sup,A975,A2693
sup,A975,A539
sup,A975,A1381
sup,A975,A734
sup,A975,A477
sup,A975,A1836
sup,A976,A2194
sup,A976,A2376
sup,A976,A667
sup,A976,A269
sup,A976,A180
sup,A976,A1302
sup,A976,A357
sup,A976,A1577
sup,A976,A534
sup,A976,A1814
sup,A976,A2107
sup,A976,A946
sup,A976,A2767
sup,A976,A301
sup,A976,A1464
sup,A976,A2774
sup,A976,A2612
sup,A976,A2377
sup,A976,A1989
sup,A976,A865
sup,A976,A1783
sup,A976,A220
sup,A976,A1776
sup,A976,A1635
sup,A976,A2344
sup,A976,A2785
sup,A976,A1366
sup,A976,A555
sup,A976,A1062
sup,A976,A409
sup,A977,A384
sup,A977,A1347
sup,A977,A138
sup,A977,A2351
sup,A977,A43
sup,A977,A208
sup,A979,A795
sup,A979,A1068
sup,A979,A2627
sup,A979,A98
sup,A979,A633
sup,A979,A1304
sup,A979,A2380
sup,A979,A2639
sup,A979,A1565
sup,A979,A939
sup,A979,A810
sup,A979,A2584
sup,A981,A48
sup,A981,A628
sup,A981,A1696
sup,A981,A680
sup,A981,A1140
sup,A981,A2421
sup,A981,A2792
sup,A983,A1411
sup,A983,A1341
sup,A983,A2554
sup,A983,A922
sup,A983,A2634
sup,A983,A1337
sup,A983,A2628
sup,A983,A2077
sup,A983,A150
sup,A983,A1485
sup,A983,A1976
sup,A983,A423
sup,A983,A255
sup,A983,A2285
sup,A983,A1969
sup,A983,A189
sup,A984,A2389
sup,A984,A793
sup,A985,A1360
sup,A985,A2229
sup,A985,A116
sup,A985,A652
sup,A985,A2467
sup,A985,A824
sup,A985,A1733
sup,A985,A2104
sup,A985,A2137
sup,A985,A13
sup,A985,A2151
sup,A985,A1045
sup,A985,A544
sup,A985,A1185
sup,A985,A1615
sup,A985,A1914
sup,A985,A1079
sup,A985,A136
sup,A985,A1537
sup,A985,A1217
sup,A985,A2436
sup,A985,A1519
sup,A985,A1841
sup,A986,A1888
sup,A986,A2395
sup,A986,A575
sup,A986,A1206
sup,A986,A2523
sup,A986,A2797
sup,A986,A231
sup,A986,A1491
sup,A986,A1935
sup,A986,A794
sup,A986,A2044
sup,A986,A2522
sup,A986,A1893
sup,A986,A1986
sup,A986,A534
sup,A986,A2461
sup,A986,A1853
sup,A986,A620
sup,A986,A2013
sup,A986,A41
sup,A986,A1007
sup,A986,A1529
sup,A986,A1017
sup,A986,A1652
sup,A986,A4
sup,A987,A545
sup,A987,A1317
sup,A987,A566
sup,A987,A1065
sup,A987,A2648
sup,A987,A2227
sup,A987,A793
sup,A987,A821
sup,A987,A443
sup,A987,A151
sup,A987,A2413
sup,A987,A2734
sup,A987,A1323
sup,A987,A2410
sup,A987,A1074
sup,A987,A261
sup,A987,A559
sup,A987,A2193
sup,A987,A1992
sup,A987,A462
sup,A987,A1367
sup,A987,A1428
sup,A987,A2747
sup,A987,A2345
sup,A987,A375
sup,A988,A361
sup,A988,A2137
sup,A988,A1915
sup,A988,A1612
sup,A990,A1367
sup,A990,A263
sup,A990,A1162
sup,A990,A2556
sup,A990,A225
sup,A990,A1219
sup,A990,A1752
sup,A990,A2541
sup,A990,A2043
sup,A990,A2033
sup,A990,A327
sup,A990,A2171
sup,A990,A1213
sup,A990,A1593
sup,A990,A1771
sup,A990,A1417
sup,A990,A1962
sup,A990,A2574
sup,A990,A1530
sup,A990,A1202
sup,A990,A2658
sup,A990,A1310
sup,A990,A2656
sup,A990,A1386
sup,A990,A1258
sup,A990,A2740
sup,A991,A1443
sup,A991,A2575
sup,A991,A532
sup,A991,A2411
sup,A991,A437
sup,A995,A1788
sup,A995,A1850
sup,A995,A1865
sup,A995,A1898
sup,A995,A1288
sup,A995,A552
sup,A995,A353
sup,A995,A629
sup,A995,A542
sup,A995,A2789
sup,A995,A953
sup,A995,A2693
sup,A995,A2286
sup,A996,A1415
sup,A996,A2473
sup,A996,A1052
sup,A996,A219
sup,A996,A1166
sup,A996,A2600
sup,A996,A888
sup,A996,A973
sup,A996,A1992
sup,A999,A699
sup,A999,A1913
sup,A999,A2551
sup,A999,A153
sup,A999,A2563
sup,A999,A1978
sup,A999,A473
sup,A999,A2160
sup,A1001,A1494
sup,A1001,A2598
sup,A1001,A207
sup,A1001,A166
sup,A1001,A796
sup,A1001,A1185
sup,A1001,A2760
sup,A1001,A485
sup,A1001,A532
sup,A1001,A312
sup,A1002,A33
sup,A1002,A673
sup,A1002,A1826
sup,A1002,A1174
sup,A1002,A1991
sup,A1002,A2780
sup,A1002,A2470
sup,A1002,A2744
sup,A1002,A235
sup,A1002,A1807
sup,A1002,A815
sup,A1002,A1194
sup,A1002,A821
sup,A1002,A2456
sup,A1002,A1349
sup,A1002,A1628
sup,A1002,A2237
sup,A1002,A100
sup,A1002,A1250
sup,A1002,A2020
sup,A1002,A1673
sup,A1002,A2570
sup,A1002,A1129
sup,A1007,A2344
sup,A1007,A480
sup,A1007,A2786
sup,A1007,A479
sup,A1007,A910
sup,A1007,A353
sup,A1007,A38
sup,A1007,A378
sup,A1007,A1047
sup,A1007,A2214
sup,A1007,A1968
sup,A1007,A1014
sup,A1009,A634
sup,A1009,A2761
sup,A1009,A1222
sup,A1009,A2346
sup,A1009,A1954
sup,A1012,A616
sup,A1012,A206
sup,A1012,A1269
sup,A1012,A2527
sup,A1012,A1436
sup,A1012,A1070
sup,A1012,A1638
sup,A1012,A2497
sup,A1012,A1671
sup,A1012,A1007
sup,A1012,A1458
sup,A1012,A149
sup,A1012,A2740
sup,A1012,A2552
sup,A1013,A2413
sup,A1013,A258
sup,A1013,A513
sup,A1013,A680
sup,A1013,A2640
sup,A1013,A2210
sup,A1014,A1602
sup,A1014,A1076
sup,A1014,A690
sup,A1014,A1706
sup,A1014,A2786
sup,A1014,A2635
sup,A1014,A536
sup,A1014,A1187
sup,A1014,A2064
sup,A1014,A1221
sup,A1014,A644
sup,A1014,A432
sup,A1014,A2690
sup,A1014,A1234
sup,A1014,A1444
sup,A1014,A1156
sup,A1014,A450
sup,A1014,A2668
sup,A1014,A2567
sup,A1017,A822
sup,A1017,A2516
sup,A1017,A2343
sup,A1017,A392
sup,A1017,A120
sup,A1020,A45
sup,A1020,A2444
sup,A1020,A742
sup,A1020,A422
sup,A1020,A1071
sup,A1020,A1922
sup,A1020,A242
sup,A1020,A818
sup,A1020,A1717
sup,A1020,A2459
sup,A1020,A697
sup,A1020,A2462
sup,A1020,A1154
sup,A1020,A2550
sup,A1020,A20
sup,A1020,A1330
sup,A1020,A2188
sup,A1020,A2234
sup,A1025,A118
sup,A1025,A683
sup,A1025,A1326
sup,A1025,A1119
sup,A1025,A2543
sup,A1025,A453
sup,A1025,A1684
sup,A1025,A994
sup,A1025,A1360
sup,A1025,A1340
sup,A1025,A1290
sup,A1025,A2434
sup,A1025,A2715
sup,A1025,A1134
sup,A1025,A1853
sup,A1025,A2244
sup,A1025,A832
sup,A1025,A2523
sup,A1025,A1802
sup,A1025,A2064
sup,A1025,A1805
sup,A1025,A1745
sup,A1025,A744
sup,A1025,A1325
sup,A1025,A2156
sup,A1025,A373
sup,A1025,A2632
sup,A1025,A2439
sup,A1025,A2250
sup,A1026,A912
sup,A1026,A1774
sup,A1026,A1579
sup,A1026,A551
sup,A1026,A562
sup,A1026,A2408
sup,A1026,A2735
sup,A1026,A1669
sup,A1026,A2049
sup,A1026,A1256
sup,A1026,A2586
sup,A1026,A2628
sup,A1026,A2647
sup,A1026,A1791
sup,A1026,A2135
sup,A1026,A1581
sup,A1026,A1189
sup,A1026,A1514
sup,A1026,A2329
sup,A1027,A1832
sup,A1029,A522
sup,A1029,A1532
sup,A1029,A2738
sup,A1029,A883
sup,A1029,A1135
sup,A1029,A1082
sup,A1029,A2138
sup,A1029,A477
sup,A1029,A24
sup,A1029,A2620
sup,A1029,A1394
sup,A1029,A1681
sup,A1029,A1099
sup,A1029,A896
sup,A1029,A2799
sup,A1029,A1489
sup,A1029,A797
sup,A1029,A1313
sup,A1029,A1519
sup,A1030,A1293
sup,A1030,A2563
sup,A1030,A812
sup,A1030,A507
sup,A1030,A1585
sup,A1030,A1294
sup,A1030,A484
sup,A1030,A884
sup,A1030,A1857
sup,A1030,A2479
sup,A1030,A18
sup,A1030,A1397
sup,A1030,A2361
sup,A1030,A979
sup,A1030,A751
sup,A1030,A2304
sup,A1030,A1253
sup,A1030,A735
sup,A1030,A75
sup,A1030,A668
sup,A1030,A1353
sup,A1031,A441
sup,A1031,A479
sup,A1031,A913
sup,A1031,A1229
sup,A1031,A748
sup,A1031,A2386
sup,A1031,A123
sup,A1031,A2652
sup,A1031,A55
sup,A1033,A1410
sup,A1033,A2255
sup,A1033,A1243
sup,A1033,A1213
sup,A1033,A1822
sup,A1033,A121
sup,A1033,A638
sup,A1033,A2336
sup,A1033,A2516
sup,A1033,A589
sup,A1033,A2638
sup,A1033,A741
sup,A1033,A187
sup,A1033,A748
sup,A1033,A1599
sup,A1033,A949
sup,A1033,A2779
sup,A1033,A1935
sup,A1033,A1395
sup,A1033,A224
sup,A1033,A1883
sup,A1037,A341
sup,A1037,A470
sup,A1037,A300
sup,A1037,A882
sup,A1037,A2068
sup,A1037,A780
sup,A1037,A2163
sup,A1037,A2730
sup,A1037,A314
sup,A1037,A968
sup,A1037,A2050
sup,A1037,A460
sup,A1037,A2537
sup,A1037,A2376
sup,A1037,A640
sup,A1037,A2713
sup,A1037,A1358
sup,A1037,A561
sup,A1037,A1186
sup,A1037,A785
sup,A1038,A2086
sup,A1038,A1431
sup,A1038,A632
sup,A1041,A2175
sup,A1041,A901
sup,A1041,A1419
sup,A1041,A12
sup,A1041,A1660
sup,A1041,A830
sup,A1043,A260
sup,A1043,A1310
sup,A1043,A861
sup,A1043,A1327
sup,A1043,A2521
sup,A1043,A1433
sup,A1043,A2255
sup,A1044,A2294
sup,A1044,A455
sup,A1044,A350
sup,A1044,A915
sup,A1044,A520
sup,A1044,A1852
sup,A1046,A1111
sup,A1046,A201
sup,A1046,A986
sup,A1046,A1744
sup,A1046,A16
sup,A1046,A46
sup,A1046,A1822
sup,A1046,A1854
sup,A1046,A2443
sup,A1046,A1722
sup,A1046,A2700
sup,A1046,A2631
sup,A1046,A2585
sup,A1046,A1284
sup,A1046,A2486
sup,A1046,A240
sup,A1046,A1079
sup,A1046,A628
sup,A1048,A2335
sup,A1048,A2613
sup,A1048,A22
sup,A1048,A525
sup,A1048,A9
sup,A1048,A2319
sup,A1048,A1051
sup,A1048,A651
sup,A1048,A2642
sup,A1048,A541
sup,A1048,A421
sup,A1048,A305
sup,A1048,A940
sup,A1048,A802
sup,A1048,A1254
sup,A1052,A2295
sup,A1052,A2492
sup,A1052,A2504
sup,A1052,A611
sup,A1052,A1956
sup,A1052,A1875
sup,A1052,A1816
sup,A1052,A299
sup,A1052,A2418
sup,A1052,A1532
sup,A1052,A1763
sup,A1052,A2794
sup,A1052,A629
sup,A1052,A78
sup,A1052,A2697
sup,A1052,A2073
sup,A1052,A2367
sup,A1052,A1233
sup,A1055,A1811
sup,A1055,A2166
sup,A1056,A1058
sup,A1056,A1578
sup,A1056,A2106
sup,A1056,A2023
sup,A1056,A1982
sup,A1058,A155
sup,A1058,A1187
sup,A1058,A76
sup,A1058,A423
sup,A1058,A845
sup,A1058,A2703
sup,A1058,A2346
sup,A1058,A921
sup,A1058,A2390
sup,A1058,A818
sup,A1058,A1213
sup,A1058,A27
sup,A1058,A533
sup,A1058,A245
sup,A1058,A1678
sup,A1058,A2676
sup,A1058,A2246
sup,A1059,A1959
sup,A1059,A2622
sup,A1064,A528
sup,A1064,A1202
sup,A1064,A2158
sup,A1064,A2376
sup,A1064,A435
sup,A1064,A2748
sup,A1064,A1244
sup,A1064,A2752
sup,A1064,A787
sup,A1064,A1282
sup,A1064,A610
sup,A1064,A876
sup,A1064,A2755
sup,A1064,A1435
sup,A1064,A372
sup,A1064,A1377
sup,A1064,A921
sup,A1064,A587
sup,A1064,A710
sup,A1064,A1062
sup,A1065,A1047
sup,A1065,A1032
sup,A1065,A1886
sup,A1065,A1331
sup,A1065,A2469
sup,A1065,A1635
sup,A1065,A82
sup,A1065,A508
sup,A1065,A2202
sup,A1065,A780
sup,A1065,A1239
sup,A1065,A1335
sup,A1065,A132
sup,A1065,A2458
sup,A1065,A834
sup,A1065,A159
sup,A1065,A518
sup,A1065,A123
sup,A1065,A2666
sup,A1065,A1215
sup,A1065,A1179
sup,A1065,A2518
sup,A1065,A218
sup,A1065,A1450
sup,A1065,A1082
sup,A1065,A1042
sup,A1065,A19
sup,A1067,A2732
sup,A1067,A1852
sup,A1067,A1730
sup,A1067,A2093
sup,A1067,A747
sup,A1067,A2615
sup,A1067,A479
sup,A1067,A948
sup,A1067,A900
sup,A1067,A2209
sup,A1067,A1060
sup,A1067,A500
sup,A1069,A1432
sup,A1069,A937
sup,A1069,A1612
sup,A1069,A2417
sup,A1069,A1614
sup,A1069,A770
sup,A1069,A2770
sup,A1069,A1504
sup,A1069,A1495
sup,A1069,A2408
sup,A1069,A2190
sup,A1069,A2049
sup,A1069,A2538
sup,A1070,A900
sup,A1070,A2055
sup,A1070,A2720
sup,A1070,A2312
sup,A1070,A434
sup,A1070,A1988
sup,A1070,A1548
sup,A1070,A2487
sup,A1070,A957
sup,A1070,A1790
sup,A1070,A2765
sup,A1070,A527
sup,A1070,A102
sup,A1070,A58
sup,A1070,A1204
sup,A1070,A1590
sup,A1070,A1241
sup,A1070,A2148
sup,A1070,A1213
sup,A1070,A1788
sup,A1070,A80
sup,A1070,A2712
sup,A1070,A176
sup,A1070,A501
sup,A1083,A1413
sup,A1083,A2104
sup,A1083,A1644
sup,A1083,A730
sup,A1083,A1257
sup,A1083,A2136
sup,A1083,A61
sup,A1083,A1292
sup,A1083,A1403
sup,A1083,A669
sup,A1083,A571
sup,A1083,A2796
sup,A1084,A2447
sup,A1084,A766
sup,A1084,A2255
sup,A1084,A1124
sup,A1084,A2403
sup,A1084,A1828
sup,A1084,A2509
sup,A1084,A329
sup,A1084,A2681
sup,A1084,A310
sup,A1084,A1353
sup,A1084,A260
sup,A1085,A2231
sup,A1085,A538
sup,A1085,A77
sup,A1085,A149
sup,A1085,A521
sup,A1085,A924
sup,A1085,A1733
sup,A1085,A906
sup,A1085,A1424
sup,A1085,A1768
sup,A1085,A22
sup,A1085,A1912
sup,A1088,A2268
sup,A1088,A1950
sup,A1088,A2372
sup,A1088,A663
sup,A1088,A531
sup,A1088,A2434
sup,A1088,A569
sup,A1088,A2466
sup,A1088,A172
sup,A1088,A1985
sup,A1088,A1316
sup,A1088,A457
sup,A1088,A1768
sup,A1088,A1548
sup,A1088,A1092
sup,A1088,A1912
sup,A1088,A1891
sup,A1088,A1460
sup,A1088,A8
sup,A1088,A2412
sup,A1088,A1364
sup,A1090,A304
sup,A1090,A101
sup,A1090,A2699
sup,A1090,A1287
sup,A1090,A2446
sup,A1090,A1714
sup,A1090,A1512
sup,A1090,A194
sup,A1090,A849
sup,A1090,A925
sup,A1090,A883
sup,A1090,A812
sup,A1090,A1139
sup,A1090,A1404
sup,A1090,A808
sup,A1090,A1052
sup,A1090,A674
sup,A1091,A1203
sup,A1091,A924
sup,A1091,A521
sup,A1091,A1146
sup,A1092,A1831
sup,A1093,A2436
sup,A1093,A1679
sup,A1095,A1283
sup,A1095,A2534
sup,A1095,A1672
sup,A1095,A2491
sup,A1095,A2414
sup,A1095,A169
sup,A1095,A2531
sup,A1095,A1147
sup,A1095,A98
sup,A1096,A2736
sup,A1096,A1756
sup,A1096,A141
sup,A1096,A1578
sup,A1096,A990
sup,A1098,A2413
sup,A1098,A2452
sup,A1098,A2028
sup,A1098,A78
sup,A1098,A1557
sup,A1098,A639
sup,A1098,A815
sup,A1098,A2364
sup,A1098,A1686
sup,A1098,A781
sup,A1098,A2703
sup,A1098,A2417
sup,A1098,A2282
sup,A1098,A1149
sup,A1098,A2076
sup,A1098,A2136
sup,A1102,A2419
sup,A1102,A1438
sup,A1102,A1146
sup,A1102,A2429
sup,A1102,A920
sup,A1105,A1802
sup,A1105,A1689
sup,A1105,A1551
sup,A1105,A2004
sup,A1105,A307
sup,A1105,A600
sup,A1105,A143
sup,A1105,A1573
sup,A1107,A2577
sup,A1107,A1383
sup,A1107,A2799
sup,A1107,A1085
sup,A1107,A753
sup,A1107,A613
sup,A1107,A950
sup,A1107,A2699
sup,A1107,A2538
sup,A1107,A944
sup,A1107,A2103
sup,A1107,A1430
sup,A1107,A1825
sup,A1107,A433
sup,A1115,A2479
sup,A1115,A2162
sup,A1115,A1351
sup,A1115,A1117
sup,A1115,A490
sup,A1115,A2278
sup,A1115,A2150
sup,A1115,A1613
sup,A1115,A460
sup,A1116,A896
sup,A1116,A877
sup,A1116,A2719
sup,A1119,A2641
sup,A1119,A78
sup,A1119,A140
sup,A1119,A1777
sup,A1119,A1139
sup,A1119,A711
sup,A1119,A496
sup,A1119,A2452
sup,A1119,A2242
sup,A1119,A509
sup,A1119,A425
sup,A1119,A2044
sup,A1119,A1851
sup,A1119,A2074
sup,A1119,A528
sup,A1119,A2013
sup,A1119,A1127
sup,A1119,A1977
sup,A1119,A644
sup,A1119,A1562
sup,A1119,A956
sup,A1121,A2744
sup,A1121,A2537
sup,A1121,A2399
sup,A1121,A1335
sup,A1121,A1359
sup,A1121,A491
sup,A1121,A919
sup,A1121,A1428
sup,A1121,A1187
sup,A1121,A2787
sup,A1121,A5
sup,A1121,A24
sup,A1121,A1975
sup,A1121,A81
sup,A1121,A2094
sup,A1121,A2636
sup,A1121,A1946
sup,A1121,A2384
sup,A1121,A2208
sup,A1121,A792
sup,A1121,A1933
sup,A1121,A2228
sup,A1121,A2492
sup,A1122,A1522
sup,A1125,A310
sup,A1125,A1158
sup,A1125,A2251
sup,A1125,A1313
sup,A1125,A1410
sup,A1125,A1161
sup,A1125,A647
sup,A1125,A1928
sup,A1126,A1075
sup,A1126,A251
sup,A1126,A610
sup,A1128,A1184
sup,A1128,A2328
sup,A1128,A366
sup,A1128,A2297
sup,A1128,A1056
sup,A1128,A1820
sup,A1128,A119
sup,A1128,A640
sup,A1128,A279
sup,A1128,A2747
sup,A1128,A290
sup,A1128,A200
sup,A1128,A1398
sup,A1128,A1005
sup,A1128,A2347
sup,A1128,A1255
sup,A1128,A1937
sup,A1128,A311
sup,A1128,A107
sup,A1128,A2245
sup,A1131,A1122
sup,A1131,A97
sup,A1131,A1119
sup,A1131,A913
sup,A1131,A76
sup,A1132,A977
sup,A1132,A764
sup,A1132,A355
sup,A1133,A590
sup,A1133,A2417
sup,A1133,A211
sup,A1133,A1709
sup,A1133,A622
sup,A1133,A2587
sup,A1133,A606
sup,A1138,A1368
sup,A1138,A425
sup,A1138,A2563
sup,A1138,A1308
sup,A1138,A2395
sup,A1138,A1622
sup,A1138,A570
sup,A1138,A2759
sup,A1138,A37
sup,A1138,A242
sup,A1138,A1258
sup,A1138,A1987
sup,A1138,A2542
sup,A1138,A1949
sup,A1138,A1274
sup,A1139,A2576
sup,A1139,A375
sup,A1139,A75
sup,A1139,A1107
sup,A1139,A2551
sup,A1139,A1552
sup,A1141,A2312
sup,A1141,A1683
sup,A1141,A1406
sup,A1141,A449
sup,A1141,A1551
sup,A1141,A968
sup,A1141,A300
sup,A1141,A464
sup,A1141,A1479
sup,A1141,A2185
sup,A1141,A539
sup,A1141,A1156
sup,A1141,A981
sup,A1143,A1372
sup,A1143,A1103
sup,A1143,A1721
sup,A1143,A1829
sup,A1143,A1574
sup,A1143,A1182
sup,A1143,A1210
sup,A1143,A491
sup,A1143,A1799
sup,A1143,A1705
sup,A1143,A2353
sup,A1143,A1507
sup,A1143,A552
sup,A1145,A1399
sup,A1145,A447
sup,A1145,A245
sup,A1145,A426
sup,A1145,A2758
sup,A1145,A1950
sup,A1145,A584
sup,A1145,A2622
sup,A1145,A502
sup,A1145,A443
sup,A1145,A277
sup,A1146,A2121
sup,A1146,A2763
sup,A1146,A2593
sup,A1146,A1803
sup,A1146,A1300
sup,A1146,A1250
sup,A1146,A2462
sup,A1146,A147
sup,A1146,A1992
sup,A1146,A2279
sup,A1146,A2199
sup,A1146,A1005
sup,A1146,A1549
sup,A1146,A2507
sup,A1148,A1015
sup,A1148,A1472
sup,A1148,A1907
sup,A1148,A1221
sup,A1148,A2064
sup,A1148,A116
sup,A1148,A1196
sup,A1148,A2314
sup,A1148,A1323
sup,A1148,A1343
sup,A1148,A2431
sup,A1148,A607
sup,A1148,A638
sup,A1148,A1367
sup,A1148,A2592
sup,A1148,A61
sup,A1148,A652
sup,A1150,A288
sup,A1150,A2387
sup,A1150,A1510
sup,A1150,A2345
sup,A1150,A959
sup,A1150,A2098
sup,A1150,A2255
sup,A1150,A447
sup,A1150,A732
sup,A1150,A264
sup,A1150,A1888
sup,A1150,A1644
sup,A1150,A1839
sup,A1150,A1771
sup,A1152,A618
sup,A1152,A286
sup,A1152,A2549
sup,A1152,A547
sup,A1152,A885
sup,A1152,A788
sup,A1152,A1758
sup,A1152,A2107
sup,A1152,A2517
sup,A1152,A1381
sup,A1152,A1248
sup,A1152,A494
sup,A1152,A1669
sup,A1152,A1751
sup,A1152,A1151
sup,A1152,A880
sup,A1152,A185
sup,A1152,A1265
sup,A1152,A1875
sup,A1152,A321
sup,A1152,A50
sup,A1152,A508
sup,A1152,A413
sup,A1152,A607
sup,A1156,A1524
sup,A1156,A2194
sup,A1157,A667
sup,A1157,A1884
sup,A1157,A94
sup,A1158,A501
sup,A1158,A177
sup,A1158,A1096
sup,A1158,A1907
sup,A1158,A28
sup,A1158,A695
sup,A1158,A844
sup,A1158,A385
sup,A1158,A109
sup,A1158,A1805
sup,A1158,A699
sup,A1158,A1788
sup,A1158,A2786
sup,A1158,A2424
sup,A1158,A2466
sup,A1158,A345
sup,A1158,A1164
sup,A1158,A18
sup,A1158,A710
sup,A1158,A2044
sup,A1158,A2579
sup,A1158,A2684
sup,A1158,A2759
sup,A1158,A134
sup,A1158,A1425
sup,A1158,A39
sup,A1159,A1535
sup,A1159,A1765
sup,A1159,A57
sup,A1159,A965
sup,A1159,A820
sup,A1159,A1199
sup,A1159,A1993
sup,A1159,A727
sup,A1159,A1727
sup,A1159,A48
sup,A1159,A1775
sup,A1159,A2108
sup,A1161,A73
sup,A1161,A241
sup,A1161,A747
sup,A1161,A693
sup,A1161,A686
sup,A1161,A772
sup,A1161,A1893
sup,A1161,A2197
sup,A1161,A1225
sup,A1161,A2411
sup,A1162,A208
sup,A1162,A2057
sup,A1162,A1324
sup,A1162,A2298
sup,A1162,A1505
sup,A1162,A1775
sup,A1162,A2792
sup,A1162,A2557
sup,A1162,A2027
sup,A1162,A1197
sup,A1162,A1910
sup,A1162,A760
sup,A1162,A2238
sup,A1162,A2293
sup,A1162,A1623
sup,A1162,A1975
sup,A1164,A1865
sup,A1164,A2225
sup,A1164,A2678
sup,A1164,A363
sup,A1164,A1961
sup,A1164,A1905
sup,A1164,A521
sup,A1164,A2497
sup,A1164,A2659
sup,A1164,A2391
sup,A1164,A27
sup,A1164,A2284
sup,A1164,A388
sup,A1164,A2117
sup,A1164,A2696
sup,A1164,A673
sup,A1164,A1538
sup,A1164,A2753
sup,A1164,A977
sup,A1164,A562
sup,A1165,A89
sup,A1165,A1369
sup,A1165,A579
sup,A1165,A2150
sup,A1165,A714
sup,A1165,A804
sup,A1165,A1451
sup,A1165,A225
sup,A1165,A514
sup,A1165,A1934
sup,A1165,A1960
sup,A1165,A740
sup,A1165,A1782
sup,A1165,A1500
sup,A1165,A861
sup,A1167,A1288
sup,A1167,A1667
sup,A1167,A2709
sup,A1167,A2600
sup,A1167,A2781
sup,A1167,A956
sup,A1167,A1769
sup,A1167,A2177
sup,A1167,A2203
sup,A1167,A2491
sup,A1167,A2149
sup,A1167,A2761
sup,A1167,A337
sup,A1167,A2443
sup,A1167,A728
sup,A1167,A2629
sup,A1167,A2418
sup,A1167,A1116
sup,A1167,A256
sup,A1167,A2566
sup,A1167,A2693
sup,A1167,A278
sup,A1167,A355
sup,A1167,A2299
sup,A1168,A1709
sup,A1169,A864
sup,A1169,A1390
sup,A1169,A2642
sup,A1169,A1218
sup,A1169,A1503
sup,A1169,A1523
sup,A1169,A1243
sup,A1169,A1915
sup,A1169,A2756
sup,A1169,A846
sup,A1169,A2358
sup,A1169,A1276
sup,A1169,A1264
sup,A1169,A54
sup,A1169,A2190
sup,A1169,A811
sup,A1169,A1664
sup,A1169,A2398
sup,A1169,A1068
sup,A1169,A97
sup,A1169,A2598
sup,A1169,A1152
sup,A1169,A418
sup,A1179,A973
sup,A1179,A690
sup,A1179,A1444
sup,A1179,A1135
sup,A1179,A2716
sup,A1179,A1472
sup,A1179,A2494
sup,A1179,A1525
sup,A1179,A548
sup,A1179,A391
sup,A1179,A2450
sup,A1179,A1605
sup,A1179,A224
sup,A1180,A1715
sup,A1180,A666
sup,A1180,A1316
sup,A1180,A472
sup,A1180,A1369
sup,A1180,A1273
sup,A1180,A733
sup,A1180,A925
sup,A1180,A129
sup,A1180,A565
sup,A1180,A676
sup,A1180,A2138
sup,A1180,A1898
sup,A1180,A15
sup,A1180,A752
sup,A1180,A706
sup,A1181,A2287
sup,A1181,A2647
sup,A1181,A2111
sup,A1181,A1280
sup,A1181,A1563
sup,A1181,A2219
sup,A1181,A2438
sup,A1181,A1318
sup,A1182,A1477
sup,A1182,A144
sup,A1182,A938
sup,A1182,A159
sup,A1182,A644
sup,A1183,A140
sup,A1183,A2384
sup,A1185,A758
sup,A1185,A474
sup,A1185,A2128
sup,A1185,A1797
sup,A1185,A2526
sup,A1185,A2013
sup,A1185,A1331
sup,A1185,A897
sup,A1185,A340
sup,A1185,A1807
sup,A1185,A1573
sup,A1185,A1167
sup,A1185,A111
sup,A1185,A2763
sup,A1185,A1811
sup,A1185,A958
sup,A1185,A117
sup,A1185,A655
sup,A1185,A487
sup,A1185,A2551
sup,A1185,A219
sup,A1185,A780
sup,A1187,A274
sup,A1187,A1891
sup,A1187,A1787
sup,A1187,A2535
sup,A1187,A2431
sup,A1187,A129
sup,A1187,A1461
sup,A1187,A258
sup,A1187,A164
sup,A1187,A228
sup,A1187,A11
sup,A1187,A1352
sup,A1187,A163
sup,A1187,A1851
sup,A1188,A1606
sup,A1188,A1290
sup,A1188,A1366
sup,A1188,A1385
sup,A1188,A16
sup,A1188,A1283
sup,A1189,A1008
sup,A1189,A2646
sup,A1189,A251
sup,A1189,A2203
sup,A1189,A757
sup,A1189,A601
sup,A1189,A2110
sup,A1189,A2005
sup,A1189,A1014
sup,A1189,A79
sup,A1189,A1383
sup,A1189,A1977
sup,A1189,A1982
sup,A1189,A2447
sup,A1189,A2748
sup,A1189,A265
sup,A1189,A1071
sup,A1189,A2381
sup,A1189,A2785
sup,A1189,A783
sup,A1189,A2367
sup,A1189,A124
sup,A1189,A353
sup,A1189,A284
sup,A1189,A2521
sup,A1189,A336
sup,A1192,A51
sup,A1192,A43
sup,A1192,A2738
sup,A1192,A1252
sup,A1192,A101
sup,A1192,A2776
sup,A1192,A1677
sup,A1192,A2497
sup,A1192,A1148
sup,A1192,A2488
sup,A1192,A780
sup,A1193,A682
sup,A1193,A2548
sup,A1193,A362
sup,A1193,A805
sup,A1193,A448
sup,A1193,A2310
sup,A1193,A798
sup,A1193,A846
sup,A1193,A2239
sup,A1193,A2133
sup,A1193,A100
sup,A1195,A907
sup,A1195,A492
sup,A1195,A1759
sup,A1195,A2622
sup,A1195,A2553
sup,A1195,A126
sup,A1195,A2735
sup,A1195,A662
sup,A1195,A524
sup,A1195,A1225
sup,A1195,A2329
sup,A1195,A2131
sup,A1195,A153
sup,A1195,A1749
sup,A1195,A875
sup,A1195,A1528
sup,A1195,A1765
sup,A1195,A2079
sup,A1195,A2687
sup,A1195,A2298
sup,A1195,A2727
sup,A1195,A2680
sup,A1195,A2428
sup,A1196,A818
sup,A1196,A172
sup,A1196,A1430
sup,A1196,A2302
sup,A1196,A1698
sup,A1196,A1001
sup,A1196,A2697
sup,A1196,A1741
sup,A1196,A2570
sup,A1196,A1400
sup,A1196,A590
sup,A1196,A215
sup,A1196,A831
sup,A1196,A1866
sup,A1196,A748
sup,A1196,A1639
sup,A1196,A1909
sup,A1196,A349
sup,A1196,A714
sup,A1196,A977
sup,A1196,A1579
sup,A1196,A910
sup,A1196,A422
sup,A1196,A1648
sup,A1198,A882
sup,A1198,A2641
sup,A1198,A1360
sup,A1198,A1410
sup,A1198,A773
sup,A1198,A2794
sup,A1198,A1978
sup,A1198,A2429
sup,A1198,A539
sup,A1198,A974
sup,A1198,A1489
sup,A1198,A1050
sup,A1198,A1009
sup,A1198,A415
sup,A1198,A1407
sup,A1198,A2461
sup,A1198,A297
sup,A1198,A2778
sup,A1198,A1745
sup,A1198,A545
sup,A1198,A379
sup,A1198,A588
sup,A1198,A1555
sup,A1198,A533
sup,A1200,A481
sup,A1200,A1865
sup,A1200,A1504
sup,A1200,A268
sup,A1200,A1442
sup,A1200,A736
sup,A1200,A1602
sup,A1200,A524
sup,A1200,A2702
sup,A1200,A2176
sup,A1200,A1044
sup,A1200,A2326
sup,A1200,A1907
sup,A1200,A2365
sup,A1200,A2631
sup,A1200,A238
sup,A1200,A856
sup,A1200,A379
sup,A1200,A2247
sup,A1200,A2742
sup,A1200,A1990
sup,A1200,A929
sup,A1200,A621
sup,A1200,A43
sup,A1202,A700
sup,A1202,A518
sup,A1202,A2400
sup,A1202,A552
sup,A1202,A259
sup,A1202,A1689
sup,A1202,A1597
sup,A1202,A280
sup,A1202,A1776
sup,A1202,A1225
sup,A1202,A1331
sup,A1202,A2525
sup,A1202,A221
sup,A1202,A702
sup,A1202,A1161
sup,A1202,A1275
sup,A1202,A1404
sup,A1202,A1150
sup,A1202,A798
sup,A1202,A2662
sup,A1202,A840
sup,A1202,A1353
sup,A1203,A990
sup,A1203,A1735
sup,A1203,A442
sup,A1203,A206
sup,A1203,A356
sup,A1203,A936
sup,A1203,A1269
sup,A1203,A740
sup,A1203,A2740
sup,A1203,A1110
sup,A1203,A327
sup,A1203,A2028
sup,A1203,A2095
sup,A1203,A509
sup,A1204,A2279
sup,A1204,A2139
sup,A1204,A1395
sup,A1204,A470
sup,A1204,A56
sup,A1205,A2348
sup,A1205,A311
sup,A1205,A1882
sup,A1205,A1560
sup,A1205,A87
sup,A1205,A2199
sup,A1205,A1170
sup,A1205,A140
sup,A1205,A564
sup,A1207,A1174
sup,A1208,A2781
sup,A1208,A615
sup,A1208,A2624
sup,A1208,A2411
sup,A1208,A690
sup,A1208,A911
sup,A1208,A951
sup,A1208,A2297
sup,A1208,A114
sup,A1209,A2295
sup,A1209,A521
sup,A1209,A2639
sup,A1209,A86
sup,A1209,A336
sup,A1209,A867
sup,A1209,A2432
sup,A1209,A1120
sup,A1209,A801
sup,A1209,A937
sup,A1209,A281
sup,A1209,A1621
sup,A1209,A1346
sup,A1209,A463
sup,A1209,A1110
sup,A1209,A1925
sup,A1209,A1556
sup,A1209,A2231
sup,A1209,A2642
sup,A1209,A1808
sup,A1209,A406
sup,A1209,A2717
sup,A1209,A1349
sup,A1212,A1161
sup,A1212,A2165
sup,A1212,A872
sup,A1212,A428
sup,A1212,A448
sup,A1212,A667
sup,A1212,A2443
sup,A1212,A2436
sup,A1214,A2707
sup,A1214,A2086
sup,A1214,A2732
sup,A1214,A1183
sup,A1214,A2776
sup,A1214,A768
sup,A1214,A713
sup,A1214,A1614
sup,A1214,A2362
sup,A1214,A2127
sup,A1214,A289
sup,A1214,A1261
sup,A1214,A1322
sup,A1214,A2457
sup,A1214,A2508
sup,A1214,A2219
sup,A1214,A668
sup,A1214,A1912
sup,A1214,A2709
sup,A1214,A214
sup,A1214,A2109
sup,A1214,A1485
sup,A1214,A2639
sup,A1214,A2243
sup,A1214,A1833
sup,A1214,A1014
sup,A1214,A958
sup,A1216,A2141
sup,A1217,A2703
sup,A1217,A1453
sup,A1218,A1710
sup,A1218,A37
sup,A1218,A2731
sup,A1218,A262
sup,A1218,A56
sup,A1218,A1541
sup,A1218,A249
sup,A1218,A549
sup,A1218,A531
sup,A1218,A1860
sup,A1218,A2761
sup,A1220,A2795
sup,A1220,A1034
sup,A1220,A1072
sup,A1220,A2635
sup,A1220,A964
sup,A1220,A346
sup,A1220,A1172
sup,A1220,A2111
sup,A1220,A894
sup,A1220,A1719
sup,A1220,A13
sup,A1220,A2265
sup,A1220,A672
sup,A1220,A270
sup,A1220,A537
sup,A1220,A336
sup,A1220,A216
sup,A1220,A1453
sup,A1220,A2672
sup,A1221,A1124
sup,A1221,A883
sup,A1221,A225
sup,A1221,A900
sup,A1221,A1549
sup,A1221,A2302
sup,A1222,A1196
sup,A1222,A1694
sup,A1222,A418
sup,A1222,A817
sup,A1222,A2358
sup,A1222,A872
sup,A1222,A950
sup,A1222,A67
sup,A1222,A394
sup,A1222,A1158
sup,A1222,A1534
sup,A1222,A287
sup,A1222,A2530
sup,A1222,A1395
sup,A1222,A1796
sup,A1222,A1623
sup,A1222,A2221
sup,A1222,A1645
sup,A1223,A2162
sup,A1223,A2207
sup,A1223,A1960
sup,A1223,A1662
sup,A1223,A629
sup,A1223,A1874
sup,A1223,A1067
sup,A1223,A1660
sup,A1223,A2323
sup,A1223,A1875
sup,A1223,A630
sup,A1223,A535
sup,A1223,A637
sup,A1223,A1263
sup,A1223,A876
sup,A1223,A2707
sup,A1223,A3
sup,A1223,A2722
sup,A1223,A2696
sup,A1223,A1641
sup,A1224,A1609
sup,A1224,A1320
sup,A1224,A419
sup,A1224,A2313
sup,A1224,A148
sup,A1224,A2126
sup,A1224,A2295
sup,A1224,A2122
sup,A1224,A2226
sup,A1224,A116
sup,A1224,A511
sup,A1224,A224
sup,A1224,A707
sup,A1224,A1957
sup,A1224,A2008
sup,A1224,A1246
sup,A1224,A834
sup,A1224,A797
sup,A1224,A1897
sup,A1224,A1833
sup,A1224,A1153
sup,A1224,A1087
sup,A1224,A922
sup,A1224,A2700
sup,A1224,A1749
sup,A1224,A775
sup,A1224,A2278
sup,A1225,A839
sup,A1227,A1253
sup,A1227,A2260
sup,A1227,A1487
sup,A1227,A233
sup,A1227,A1294
sup,A1227,A1233
sup,A1227,A13
sup,A1227,A2569
sup,A1227,A2774
sup,A1227,A628
sup,A1227,A2679
sup,A1227,A2127
sup,A1227,A1166
sup,A1227,A1130
sup,A1227,A1028
sup,A1227,A2152
sup,A1227,A391
sup,A1227,A2737
sup,A1227,A383
sup,A1227,A2202
sup,A1227,A2050
sup,A1227,A1986
sup,A1227,A1176
sup,A1227,A2185
sup,A1227,A110
sup,A1231,A637
sup,A1231,A1591
sup,A1231,A1606
sup,A1231,A1605
sup,A1231,A983
sup,A1231,A2402
sup,A1231,A1931
sup,A1231,A2394
sup,A1231,A1773
sup,A1231,A2763
sup,A1231,A724
sup,A1231,A538
sup,A1231,A779
sup,A1231,A1985
sup,A1231,A997
sup,A1231,A2337
sup,A1231,A371
sup,A1231,A2785
sup,A1231,A1961
sup,A1231,A2338
sup,A1231,A1413
sup,A1231,A954
sup,A1231,A797
sup,A1231,A750
sup,A1231,A2032
sup,A1231,A1714
sup,A1231,A186
sup,A1232,A1972
sup,A1232,A877
sup,A1232,A1414
sup,A1232,A724
sup,A1232,A299
sup,A1232,A916
sup,A1232,A810
sup,A1232,A930
sup,A1232,A1080
sup,A1232,A1594
sup,A1232,A2580
sup,A1233,A1323
sup,A1233,A695
sup,A1233,A722
sup,A1233,A2395
sup,A1233,A802
sup,A1233,A2583
sup,A1233,A2354
sup,A1233,A1909
sup,A1233,A1061
sup,A1233,A583
sup,A1233,A986
sup,A1233,A133
sup,A1233,A887
sup,A1233,A385
sup,A1233,A2403
sup,A1233,A131
sup,A1233,A173
sup,A1233,A2478
sup,A1233,A763
sup,A1233,A2288
sup,A1233,A1292
sup,A1233,A433
sup,A1233,A1574
sup,A1233,A363
sup,A1233,A1175
sup,A1235,A674
sup,A1235,A2577
sup,A1235,A2319
sup,A1235,A565
sup,A1235,A645
sup,A1235,A1214
sup,A1235,A146
sup,A1235,A1765
sup,A1235,A582
sup,A1235,A2135
sup,A1235,A1311
sup,A1235,A1887
sup,A1235,A2156
sup,A1235,A1743
sup,A1235,A1152
sup,A1235,A349
sup,A1235,A2210
sup,A1235,A2686
sup,A1235,A2062
sup,A1235,A1418
sup,A1235,A1270
sup,A1235,A1071
sup,A1235,A28
sup,A1235,A271
sup,A1235,A2302
sup,A1235,A758
sup,A1235,A538
sup,A1235,A982
sup,A1235,A18
sup,A1235,A2015
sup,A1236,A1530
sup,A1236,A1130
sup,A1236,A1611
sup,A1236,A1736
sup,A1236,A1525
sup,A1236,A976
sup,A1236,A1564
sup,A1236,A1790
sup,A1236,A1490
sup,A1236,A678
sup,A1236,A1457
sup,A1237,A1941
sup,A1237,A1915
sup,A1237,A2074
sup,A1237,A763
sup,A1237,A1472
sup,A1237,A668
sup,A1237,A2219
sup,A1237,A2153
sup,A1237,A2559
sup,A1237,A1374
sup,A1237,A1165
sup,A1238,A1010
sup,A1238,A187
sup,A1238,A2214
sup,A1238,A2081
sup,A1238,A728
sup,A1238,A621
sup,A1238,A556
sup,A1238,A1775
sup,A1238,A859
sup,A1238,A1222
sup,A1238,A1301
sup,A1238,A1257
sup,A1238,A2488
sup,A1238,A126
sup,A1238,A2261
sup,A1239,A1566
sup,A1239,A1761
sup,A1239,A2798
sup,A1239,A391
sup,A1239,A1281
sup,A1239,A2015
sup,A1239,A1584
sup,A1239,A1580
sup,A1239,A1642
sup,A1239,A512
sup,A1239,A1741
sup,A1239,A755
sup,A1239,A2047
sup,A1239,A683
sup,A1239,A1605
sup,A1239,A1891
sup,A1239,A1413
sup,A1239,A880
sup,A1239,A1649
sup,A1239,A276
sup,A1240,A1390
sup,A1240,A1571
sup,A1241,A351
sup,A1241,A799
sup,A1241,A1534
sup,A1241,A2475
sup,A1249,A1537
sup,A1249,A1033
sup,A1252,A2259
sup,A1252,A388
sup,A1252,A1293
sup,A1252,A490
sup,A1252,A1976
sup,A1252,A309
sup,A1252,A1082
sup,A1252,A516
sup,A1252,A2346
sup,A1252,A1217
sup,A1252,A1394
sup,A1252,A1775
sup,A1252,A1443
sup,A1252,A1844
sup,A1252,A1663
sup,A1252,A1829
sup,A1254,A1795
sup,A1254,A250
sup,A1254,A966
sup,A1254,A481
sup,A1254,A2072
sup,A1254,A2612
sup,A1254,A1905
sup,A1254,A2573
sup,A1254,A2393
sup,A1254,A2431
sup,A1254,A1664
sup,A1254,A1953
sup,A1254,A1010
sup,A1254,A1986
sup,A1254,A2238
sup,A1254,A477
sup,A1254,A490
sup,A1254,A1483
sup,A1254,A171
sup,A1254,A1791
sup,A1254,A1984
sup,A1254,A2180
sup,A1255,A956
sup,A1255,A989
sup,A1255,A1361
sup,A1255,A1665
sup,A1255,A1586
sup,A1255,A1463
sup,A1255,A1575
sup,A1255,A2252
sup,A1255,A1476
sup,A1255,A1780
sup,A1255,A2182
sup,A1256,A1852
sup,A1256,A497
sup,A1256,A1474
sup,A1260,A1441
sup,A1260,A209
sup,A1260,A1984
sup,A1260,A2366
sup,A1261,A520
sup,A1261,A1683
sup,A1261,A2435
sup,A1261,A1007
sup,A1262,A808
sup,A1262,A323
sup,A1262,A2419
sup,A1262,A1035
sup,A1262,A1562
sup,A1262,A219
sup,A1262,A14
sup,A1262,A1932
sup,A1262,A2188
sup,A1262,A1959
sup,A1262,A2049
sup,A1262,A768
sup,A1263,A1801
sup,A1263,A117
sup,A1263,A2643
sup,A1263,A1953
sup,A1263,A1576
sup,A1263,A591
sup,A1263,A2188
sup,A1263,A692
sup,A1263,A119
sup,A1263,A1601
sup,A1263,A2051
sup,A1263,A292
sup,A1263,A355
sup,A1263,A1271
sup,A1263,A83
sup,A1263,A2234
sup,A1263,A787
sup,A1263,A604
sup,A1263,A984
sup,A1263,A1448
sup,A1263,A1816
sup,A1263,A1007
sup,A1263,A638
sup,A1266,A176
sup,A1266,A248
sup,A1266,A1597
sup,A1266,A2613
sup,A1266,A1737
sup,A1266,A333
sup,A1266,A729
sup,A1266,A882
sup,A1266,A2326
sup,A1266,A448
sup,A1266,A1761
sup,A1266,A493
sup,A1266,A999
sup,A1266,A2259
sup,A1266,A1774
sup,A1266,A589
sup,A1266,A2481
sup,A1266,A1131
sup,A1266,A1940
sup,A1266,A1448
sup,A1266,A2035
sup,A1266,A787
sup,A1266,A2416
sup,A1266,A1129
sup,A1266,A368
sup,A1266,A1506
sup,A1266,A1144
sup,A1267,A2349
sup,A1267,A84
sup,A1267,A341
sup,A1267,A409
sup,A1267,A687
sup,A1267,A2403
sup,A1267,A1694
sup,A1267,A1999
sup,A1267,A289
sup,A1267,A2420
sup,A1267,A1279
sup,A1267,A2622
sup,A1267,A408
sup,A1267,A2798
sup,A1267,A1728
sup,A1267,A1001
sup,A1267,A1888
sup,A1267,A396
sup,A1267,A213
sup,A1267,A586
sup,A1268,A2247
sup,A1268,A1263
sup,A1268,A995
sup,A1268,A2011
sup,A1268,A1595
sup,A1268,A2339
sup,A1268,A579
sup,A1268,A2728
sup,A1268,A2005
sup,A1268,A729
sup,A1268,A2059
sup,A1268,A1249
sup,A1268,A2397
sup,A1268,A790
sup,A1268,A745
sup,A1268,A792
sup,A1268,A2759
sup,A1268,A868
sup,A1268,A538
sup,A1270,A2146
sup,A1270,A1065
sup,A1270,A1730
sup,A1270,A2178
sup,A1270,A2716
sup,A1270,A1300
sup,A1270,A611
sup,A1270,A2384
sup,A1270,A262
sup,A1270,A2545
sup,A1270,A581
sup,A1270,A286
sup,A1270,A1033
sup,A1270,A1934
sup,A1270,A1298
sup,A1270,A637
sup,A1270,A1639
sup,A1270,A666
sup,A1270,A2579
sup,A1272,A1200
sup,A1272,A140
sup,A1272,A425
sup,A1272,A1471
sup,A1272,A552
sup,A1272,A1584
sup,A1272,A652
sup,A1272,A1156
sup,A1272,A2464
sup,A1272,A2163
sup,A1272,A1585
sup,A1272,A2680
sup,A1272,A426
sup,A1273,A2483
sup,A1273,A2446
sup,A1273,A1353
sup,A1273,A1397
sup,A1273,A1660
sup,A1273,A1336
sup,A1273,A2258
sup,A1273,A158
sup,A1273,A696
sup,A1273,A524
sup,A1273,A237
sup,A1275,A1782
sup,A1275,A1086
sup,A1275,A2321
sup,A1275,A786
sup,A1275,A673
sup,A1275,A1942
sup,A1275,A463
sup,A1275,A272
sup,A1275,A1844
sup,A1275,A1742
sup,A1275,A480
sup,A1275,A116
sup,A1275,A2730
sup,A1275,A1074
sup,A1275,A655
sup,A1275,A2546
sup,A1275,A1161
sup,A1275,A1763
sup,A1275,A2572
sup,A1275,A1527
sup,A1276,A1343
sup,A1276,A2792
sup,A1276,A50
sup,A1276,A2423
sup,A1276,A2448
sup,A1276,A1889
sup,A1276,A2139
sup,A1276,A2276
sup,A1276,A2542
sup,A1276,A135
sup,A1276,A1209
sup,A1276,A2002
sup,A1276,A2762
sup,A1276,A1774
sup,A1276,A480
sup,A1276,A111
sup,A1276,A696
sup,A1276,A1913
sup,A1276,A1353
sup,A1279,A1203
sup,A1279,A541
sup,A1279,A2617
sup,A1280,A2016
sup,A1280,A2685
sup,A1281,A2590
sup,A1281,A2406
sup,A1281,A2529
sup,A1281,A1075
sup,A1281,A665
sup,A1281,A636
sup,A1281,A2731
sup,A1281,A1851
sup,A1281,A384
sup,A1281,A2331
sup,A1281,A772
sup,A1281,A2578
sup,A1281,A771
sup,A1283,A582
sup,A1283,A555
sup,A1283,A917
sup,A1283,A947
sup,A1283,A906
sup,A1283,A1781
sup,A1283,A1130
sup,A1283,A478
sup,A1283,A421
sup,A1283,A1538
sup,A1286,A2166
sup,A1286,A1893
sup,A1286,A1930
sup,A1286,A1782
sup,A1286,A2403
sup,A1286,A1075
sup,A1286,A1836
sup,A1286,A125
sup,A1286,A230
sup,A1286,A2720
sup,A1286,A1733
sup,A1286,A728
sup,A1286,A946
sup,A1286,A33
sup,A1286,A1651
sup,A1286,A2623
sup,A1286,A2460
sup,A1286,A342
sup,A1286,A48
sup,A1286,A6
sup,A1286,A922
sup,A1286,A2195
sup,A1286,A618
sup,A1286,A319
sup,A1286,A928
sup,A1286,A1121
sup,A1286,A1737
sup,A1286,A216
sup,A1286,A2316
sup,A1286,A2512
sup,A1286,A2340
sup,A1286,A365
sup,A1287,A2128
sup,A1287,A2322
sup,A1287,A414
sup,A1287,A502
sup,A1287,A729
sup,A1287,A385
sup,A1287,A225
sup,A1287,A1612
sup,A1287,A2365
sup,A1287,A591
sup,A1287,A1596
sup,A1287,A2637
sup,A1287,A1278
sup,A1287,A2765
sup,A1287,A750
sup,A1287,A1891
sup,A1287,A1686
sup,A1287,A1104
sup,A1288,A815
sup,A1288,A709
sup,A1288,A2730
sup,A1288,A632
sup,A1288,A314
sup,A1288,A1933
sup,A1289,A1050
sup,A1289,A1983
sup,A1289,A2564
sup,A1289,A738
sup,A1289,A288
sup,A1289,A2333
sup,A1289,A832
sup,A1289,A997
sup,A1289,A744
sup,A1289,A2566
sup,A1289,A2183
sup,A1289,A1168
sup,A1289,A172
sup,A1289,A379
sup,A1290,A2432
sup,A1290,A1576
sup,A1290,A2665
sup,A1290,A1492
sup,A1290,A297
sup,A1290,A653
sup,A1290,A749
sup,A1290,A508
sup,A1290,A1156
sup,A1290,A846
sup,A1290,A657
sup,A1290,A921
sup,A1290,A1372
sup,A1290,A905
sup,A1290,A1618
sup,A1290,A1554
sup,A1290,A1577
sup,A1290,A2130
sup,A1290,A1688
sup,A1290,A2023
sup,A1290,A971
sup,A1294,A2220
sup,A1294,A1539
sup,A1294,A58
sup,A1294,A55
sup,A1294,A948
sup,A1294,A2308
sup,A1294,A26
sup,A1294,A2651
sup,A1294,A2626
sup,A1294,A428
sup,A1294,A475
sup,A1294,A101
sup,A1294,A2615
sup,A1294,A2171
sup,A1294,A382
sup,A1294,A850
sup,A1294,A1630
sup,A1294,A5
sup,A1294,A706
sup,A1294,A2108
sup,A1294,A63
sup,A1294,A1202
sup,A1296,A2043
sup,A1296,A654
sup,A1296,A1025
sup,A1296,A1019
sup,A1297,A2031
sup,A1297,A2660
sup,A1297,A1048
sup,A1297,A159
sup,A1298,A969
sup,A1298,A2544
sup,A1298,A358
sup,A1298,A2558
sup,A1298,A212
sup,A1298,A965
sup,A1298,A1999
sup,A1298,A590
sup,A1298,A1485
sup,A1298,A898
sup,A1298,A2464
sup,A1299,A1280
sup,A1301,A1814
sup,A1301,A1411
sup,A1301,A1657
sup,A1301,A2599
sup,A1301,A443
sup,A1301,A1603
sup,A1301,A2101
sup,A1301,A1245
sup,A1301,A482
sup,A1301,A967
sup,A1301,A2783
sup,A1301,A2003
sup,A1301,A2685
sup,A1301,A1397
sup,A1301,A2246
sup,A1301,A363
sup,A1301,A1575
sup,A1301,A1564
sup,A1301,A2717
sup,A1303,A660
sup,A1303,A1003
sup,A1303,A606
sup,A1303,A2032
sup,A1303,A1771
sup,A1303,A2011
sup,A1303,A318
sup,A1303,A2328
sup,A1303,A1016
sup,A1303,A829
sup,A1303,A94
sup,A1303,A1405
sup,A1303,A1507
sup,A1304,A435
sup,A1304,A406
sup,A1304,A264
sup,A1304,A2787
sup,A1304,A1442
sup,A1304,A744
sup,A1304,A609
sup,A1304,A1598
sup,A1304,A911
sup,A1304,A1389
sup,A1304,A2381
sup,A1304,A1455
sup,A1304,A786
sup,A1304,A859
sup,A1304,A116
sup,A1304,A2214
sup,A1304,A2743
sup,A1305,A2294
sup,A1305,A1713
sup,A1305,A2702
sup,A1305,A401
sup,A1306,A376
sup,A1306,A73
sup,A1308,A2206
sup,A1308,A525
sup,A1308,A956
sup,A1308,A2422
sup,A1308,A166
sup,A1308,A458
sup,A1309,A646
sup,A1309,A221
sup,A1309,A2105
sup,A1309,A2456
sup,A1309,A648
sup,A1309,A1743
sup,A1309,A2259
sup,A1309,A1971
sup,A1309,A2755
sup,A1309,A227
sup,A1309,A1955
sup,A1309,A1519
sup,A1309,A2685
sup,A1309,A2494
sup,A1309,A1627
sup,A1309,A2578
sup,A1309,A1651
sup,A1309,A1951
sup,A1309,A2602
sup,A1312,A626
sup,A1312,A2299
sup,A1312,A2351
sup,A1312,A793
sup,A1312,A1141
sup,A1312,A540
sup,A1314,A1656
sup,A1314,A2563
sup,A1314,A1367
sup,A1314,A1064
sup,A1314,A103
sup,A1314,A239
sup,A1314,A816
sup,A1314,A1126
sup,A1314,A1588
sup,A1314,A209
sup,A1314,A1085
sup,A1314,A358
sup,A1314,A2444
sup,A1314,A771
sup,A1314,A814
sup,A1314,A1772
sup,A1314,A2209
sup,A1315,A433
sup,A1315,A2211
sup,A1315,A1291
sup,A1315,A1159
sup,A1315,A2701
sup,A1315,A1814
sup,A1315,A2366
sup,A1315,A843
sup,A1315,A315
sup,A1315,A2738
sup,A1315,A2478
sup,A1315,A2298
sup,A1315,A1961
sup,A1315,A576
sup,A1315,A2721
sup,A1315,A565
sup,A1325,A377
sup,A1325,A1956
sup,A1326,A1360
sup,A1326,A214
sup,A1326,A863
sup,A1326,A2404
sup,A1326,A2479
sup,A1326,A1252
sup,A1326,A904
sup,A1326,A2741
sup,A1326,A1058
sup,A1326,A1401
sup,A1326,A1960
sup,A1326,A752
sup,A1326,A1328
sup,A1326,A160
sup,A1328,A760
sup,A1328,A651
sup,A1328,A1618
sup,A1328,A685
sup,A1329,A317
sup,A1329,A2603
sup,A1329,A1193
sup,A1329,A1770
sup,A1329,A391
sup,A1329,A1958
sup,A1329,A2440
sup,A1329,A153
sup,A1329,A2008
sup,A1329,A2660
sup,A1329,A797
sup,A1330,A1323
sup,A1330,A281
sup,A1330,A181
sup,A1330,A2384
sup,A1330,A96
sup,A1330,A669
sup,A1330,A942
sup,A1330,A2002
sup,A1330,A2540
sup,A1330,A1814
sup,A1330,A1764
sup,A1330,A166
sup,A1332,A2221
sup,A1332,A1681
sup,A1334,A2067
sup,A1334,A453
sup,A1334,A1133
sup,A1334,A502
sup,A1334,A2403
sup,A1334,A2495
sup,A1334,A1854
sup,A1334,A2297
sup,A1334,A2124
sup,A1334,A1684
sup,A1334,A2090
sup,A1335,A159
sup,A1335,A591
sup,A1335,A1410
sup,A1339,A939
sup,A1339,A333
sup,A1339,A2017
sup,A1339,A179
sup,A1339,A2487
sup,A1339,A1144
sup,A1339,A1910
sup,A1339,A1450
sup,A1339,A745
sup,A1339,A1787
sup,A1339,A2331
sup,A1339,A182
sup,A1339,A1895
sup,A1339,A1737
sup,A1339,A62
sup,A1339,A1172
sup,A1339,A500
sup,A1339,A1661
sup,A1339,A1673
sup,A1339,A1832
sup,A1339,A637
sup,A1339,A956
sup,A1339,A2051
sup,A1339,A2727
sup,A1339,A2255
sup,A1339,A2130
sup,A1339,A2495
sup,A1339,A2594
sup,A1339,A5
sup,A1341,A1665
sup,A1341,A1587
sup,A1341,A1724
sup,A1341,A454
sup,A1341,A1506
sup,A1341,A396
sup,A1341,A1518
sup,A1341,A2251
sup,A1341,A1285
sup,A1343,A12
sup,A1343,A2454
sup,A1343,A1860
sup,A1343,A576
sup,A1343,A188
sup,A1343,A205
sup,A1343,A1295
sup,A1343,A306
sup,A1343,A1162
sup,A1343,A2504
sup,A1343,A1733
sup,A1343,A292
sup,A1343,A991
sup,A1343,A28
sup,A1343,A1185
sup,A1343,A2692
sup,A1343,A2779
sup,A1343,A129
sup,A1343,A2777
sup,A1343,A1563
sup,A1343,A668
sup,A1343,A2758
sup,A1343,A2753
sup,A1343,A1245
sup,A1343,A860
sup,A1343,A2687
sup,A1344,A1670
sup,A1344,A2750
sup,A1344,A1267
sup,A1344,A2150
sup,A1344,A2194
sup,A1344,A947
sup,A1344,A1728
sup,A1344,A750
sup,A1344,A1130
sup,A1344,A1461
sup,A1346,A1427
sup,A1346,A2153
sup,A1346,A1217
sup,A1346,A1124
sup,A1346,A2268
sup,A1346,A1422
sup,A1346,A470
sup,A1346,A1554
sup,A1346,A2347
sup,A1346,A1857
sup,A1346,A2321
sup,A1346,A404
sup,A1346,A1638
sup,A1346,A66
sup,A1346,A1968
sup,A1346,A439
sup,A1346,A2356
sup,A1346,A1503
sup,A1346,A878
sup,A1346,A747
sup,A1346,A1098
sup,A1346,A2070
sup,A1346,A1215
sup,A1347,A1862
sup,A1347,A20
sup,A1347,A917
sup,A1347,A999
sup,A1350,A1868
sup,A1350,A1153
sup,A1350,A79
sup,A1350,A275
sup,A1350,A2349
sup,A1350,A164
sup,A1350,A1367
sup,A1350,A286
sup,A1350,A201
sup,A1350,A1300
sup,A1350,A1580
sup,A1350,A493
sup,A1350,A277
sup,A1350,A2225
sup,A1350,A1117
sup,A1350,A1000
sup,A1350,A2234
sup,A1350,A2620
sup,A1350,A1658
sup,A1350,A1815
sup,A1350,A1302
sup,A1350,A2413
sup,A1350,A768
sup,A1350,A1257
sup,A1354,A1838
sup,A1354,A2449
sup,A1354,A2292
sup,A1354,A1681
sup,A1354,A1656
sup,A1354,A2151
sup,A1354,A300
sup,A1354,A1734
sup,A1354,A1123
sup,A1354,A2735
sup,A1354,A2685
sup,A1356,A2206
sup,A1356,A2047
sup,A1356,A2757
sup,A1356,A550
sup,A1356,A2774
sup,A1356,A557
sup,A1356,A1080
sup,A1356,A2457
sup,A1356,A984
sup,A1356,A2166
sup,A1356,A2574
sup,A1356,A2210
sup,A1356,A1857
sup,A1356,A2581
sup,A1356,A786
sup,A1356,A2612
sup,A1356,A134
sup,A1356,A1540
sup,A1356,A2006
sup,A1356,A2072
sup,A1357,A2575
sup,A1357,A987
sup,A1357,A1805
sup,A1357,A1603
sup,A1357,A194
sup,A1357,A600
sup,A1357,A310
sup,A1357,A64
sup,A1357,A616
sup,A1357,A381
sup,A1357,A2203
sup,A1357,A1887
sup,A1360,A187
sup,A1360,A1685
sup,A1360,A2563
sup,A1360,A2351
sup,A1360,A1210
sup,A1360,A1465
sup,A1360,A24
sup,A1360,A569
sup,A1360,A1128
sup,A1360,A2008
sup,A1360,A1296
sup,A1360,A817
sup,A1360,A733
sup,A1360,A560
sup,A1362,A751
sup,A1362,A2473
sup,A1362,A772
sup,A1362,A1882
sup,A1362,A1813
sup,A1362,A2626
sup,A1362,A698
sup,A1362,A2254
sup,A1362,A1909
sup,A1362,A29
sup,A1362,A290
sup,A1362,A1547
sup,A1362,A2084
sup,A1364,A218
sup,A1364,A1806
sup,A1364,A542
sup,A1364,A492
sup,A1364,A455
sup,A1364,A1402
sup,A1365,A798
sup,A1365,A1056
sup,A1365,A1130
sup,A1365,A85
sup,A1365,A1481
sup,A1365,A1295
sup,A1365,A2167
sup,A1365,A1444
sup,A1365,A1067
sup,A1365,A664
sup,A1365,A135
sup,A1365,A164
sup,A1365,A301
sup,A1365,A182
sup,A1365,A1156
sup,A1365,A1151
sup,A1365,A1992
sup,A1365,A1795
sup,A1365,A45
sup,A1365,A849
sup,A1365,A2771
sup,A1366,A534
sup,A1366,A2486
sup,A1366,A2239
sup,A1366,A1994
sup,A1366,A2744
sup,A1366,A1775
sup,A1366,A942
sup,A1366,A892
sup,A1366,A2080
sup,A1366,A2141
sup,A1366,A1644
sup,A1366,A2380
sup,A1366,A2521
sup,A1366,A1494
sup,A1367,A1182
sup,A1367,A1291
sup,A1367,A1020
sup,A1367,A1788
sup,A1367,A888
sup,A1367,A938
sup,A1367,A1453
sup,A1367,A1855
sup,A1367,A1008
sup,A1368,A1403
sup,A1368,A2539
sup,A1368,A858
sup,A1369,A930
sup,A1369,A2347
sup,A1369,A2718
sup,A1369,A2017
sup,A1369,A344
sup,A1369,A2530
sup,A1370,A231
sup,A1370,A2472
sup,A1370,A1173
sup,A1370,A752
sup,A1370,A1905
sup,A1370,A566
sup,A1372,A2539
sup,A1372,A2268
sup,A1372,A2791
sup,A1372,A669
sup,A1372,A2671
sup,A1372,A2042
sup,A1372,A938
sup,A1372,A313
sup,A1372,A801
sup,A1372,A1683
sup,A1372,A854
sup,A1372,A977
sup,A1372,A510
sup,A1372,A552
sup,A1372,A1883
sup,A1377,A56
sup,A1377,A554
sup,A1377,A1488
sup,A1377,A2118
sup,A1377,A117
sup,A1377,A2780
sup,A1377,A351
sup,A1377,A2640
sup,A1377,A2045
sup,A1377,A1093
sup,A1377,A526
sup,A1377,A2406
sup,A1378,A1209
sup,A1378,A192
sup,A1378,A1458
sup,A1378,A1435
sup,A1378,A896
sup,A1378,A961
sup,A1378,A1708
sup,A1378,A2146
sup,A1378,A934
sup,A1378,A2093
sup,A1378,A2163
sup,A1378,A114
sup,A1378,A2604
sup,A1378,A800
sup,A1378,A1914
sup,A1378,A2535
sup,A1378,A2087
sup,A1378,A1574
sup,A1378,A146
sup,A1378,A1091
sup,A1378,A2277
sup,A1378,A2034
sup,A1378,A30
sup,A1378,A544
sup,A1378,A1503
sup,A1378,A1386
sup,A1378,A1765
sup,A1378,A318
sup,A1378,A2290
sup,A1379,A2184
sup,A1380,A379
sup,A1380,A1253
sup,A1380,A2591
sup,A1380,A96
sup,A1383,A1053
sup,A1383,A1562
sup,A1383,A1880
sup,A1383,A1647
sup,A1383,A1418
sup,A1383,A1591
sup,A1383,A2787
sup,A1383,A164
sup,A1383,A786
sup,A1383,A575
sup,A1383,A1484
sup,A1383,A2151
sup,A1383,A1505
sup,A1383,A2631
sup,A1383,A442
sup,A1383,A2079
sup,A1383,A376
sup,A1383,A1293
sup,A1383,A1747
sup,A1383,A1416
sup,A1383,A2433
sup,A1383,A2131
sup,A1383,A2024
sup,A1383,A2468
sup,A1383,A1809
sup,A1383,A1847
sup,A1383,A352
sup,A1384,A406
sup,A1384,A948
sup,A1387,A127
sup,A1387,A428
sup,A1387,A164
sup,A1387,A2022
sup,A1387,A1251
sup,A1387,A932
sup,A1387,A2755
sup,A1387,A1993
sup,A1387,A2214
sup,A1387,A2314
sup,A1387,A2769
sup,A1387,A548
sup,A1387,A2672
sup,A1387,A414
sup,A1387,A596
sup,A1387,A1507
sup,A1387,A569
sup,A1387,A2272
sup,A1388,A457
sup,A1390,A2684
sup,A1390,A1218
sup,A1390,A1627
sup,A1390,A2020
sup,A1390,A1986
sup,A1390,A1696
sup,A1390,A1845
sup,A1390,A904
sup,A1390,A1403
sup,A1390,A1387
sup,A1390,A273
sup,A1390,A2599
sup,A1390,A1440
sup,A1390,A1060
sup,A1390,A1567
sup,A1390,A1411
sup,A1390,A42
sup,A1390,A2068
sup,A1390,A445
sup,A1390,A1454
sup,A1390,A914
sup,A1390,A429
sup,A1390,A2252
sup,A1393,A626
sup,A1393,A2146
sup,A1393,A1573
sup,A1393,A2458
sup,A1393,A2516
sup,A1393,A1238
sup,A1393,A1288
sup,A1393,A900
sup,A1393,A2451
sup,A1393,A184
sup,A1393,A2676
sup,A1393,A635
sup,A1393,A119
sup,A1393,A1530
sup,A1393,A1909
sup,A1393,A2376
sup,A1394,A352
sup,A1394,A428
sup,A1394,A1133
sup,A1394,A1103
sup,A1394,A1579
sup,A1394,A838
sup,A1394,A641
sup,A1394,A2398
sup,A1394,A390
sup,A1394,A2044
sup,A1394,A2258
sup,A1394,A1408
sup,A1394,A669
sup,A1394,A2233
sup,A1394,A1433
sup,A1394,A1378
sup,A1395,A1197
sup,A1395,A1379
sup,A1395,A2596
sup,A1395,A411
sup,A1395,A1772
sup,A1395,A2095
sup,A1395,A1472
sup,A1395,A1280
sup,A1395,A2624
sup,A1395,A1984
sup,A1395,A1926
sup,A1395,A2078
sup,A1395,A1542
sup,A1395,A1553
sup,A1395,A24
sup,A1395,A2202
sup,A1395,A1088
sup,A1395,A727
sup,A1396,A2760
sup,A1396,A719
sup,A1396,A2352
sup,A1396,A404
sup,A1396,A2362
sup,A1396,A1707
sup,A1396,A536
sup,A1396,A953
sup,A1396,A2152
sup,A1396,A299
sup,A1396,A1006
sup,A1396,A1987
sup,A1396,A2274
sup,A1396,A751
sup,A1396,A2472
sup,A1396,A1435
sup,A1396,A969
sup,A1396,A2620
sup,A1396,A1424
sup,A1396,A1110
sup,A1396,A2035
sup,A1396,A760
sup,A1396,A128
sup,A1396,A232
sup,A1396,A36
sup,A1396,A254
sup,A1397,A1588
sup,A1397,A1771
sup,A1397,A2609
sup,A1397,A2157
sup,A1397,A2423
sup,A1397,A738
sup,A1397,A2204
sup,A1397,A381
sup,A1397,A2491
sup,A1397,A2356
sup,A1397,A526
sup,A1397,A2534
sup,A1399,A2288
sup,A1399,A1257
sup,A1399,A1342
sup,A1399,A2127
sup,A1399,A1634
sup,A1399,A2694
sup,A1399,A1020
sup,A1400,A1565
sup,A1400,A2343
sup,A1400,A160
sup,A1400,A1348
sup,A1400,A829
sup,A1400,A1695
sup,A1400,A2352
sup,A1400,A1084
sup,A1400,A2753
sup,A1400,A704
sup,A1400,A81
sup,A1400,A2470
sup,A1400,A1194
sup,A1400,A2614
sup,A1400,A2755
sup,A1400,A78
sup,A1400,A1328
sup,A1400,A1480
sup,A1400,A2115
sup,A1400,A1368
sup,A1400,A524
sup,A1400,A1180
sup,A1400,A2153
sup,A1400,A417
sup,A1403,A2251
sup,A1403,A2781
sup,A1403,A1162
sup,A1403,A1596
sup,A1403,A2651
sup,A1403,A2431
sup,A1403,A1184
sup,A1403,A63
sup,A1403,A946
sup,A1403,A1523
sup,A1406,A897
sup,A1406,A598
sup,A1406,A752
sup,A1406,A1982
sup,A1406,A726
sup,A1406,A706
sup,A1406,A847
sup,A1406,A2634
sup,A1406,A2134
sup,A1406,A2646
sup,A1406,A1307
sup,A1406,A2032
sup,A1408,A1906
sup,A1408,A881
sup,A1408,A1696
sup,A1408,A2744
sup,A1408,A786
sup,A1408,A981
sup,A1408,A551
sup,A1408,A904
sup,A1408,A795
sup,A1408,A896
sup,A1408,A997
sup,A1408,A1850
sup,A1408,A1331
sup,A1408,A243
sup,A1409,A2222
sup,A1409,A268
sup,A1409,A2706
sup,A1409,A2307
sup,A1409,A88
sup,A1409,A113
sup,A1409,A1897
sup,A1409,A984
sup,A1409,A2699
sup,A1409,A136
sup,A1409,A880
sup,A1409,A2580
sup,A1409,A2392
sup,A1409,A1853
sup,A1412,A730
sup,A1412,A577
sup,A1412,A2403
sup,A1414,A1407
sup,A1414,A1457
sup,A1414,A317
sup,A1414,A1369
sup,A1414,A2322
sup,A1414,A1289
sup,A1414,A2517
sup,A1414,A1612
sup,A1414,A629
sup,A1416,A2670
sup,A1416,A2017
sup,A1416,A2613
sup,A1416,A960
sup,A1416,A844
sup,A1416,A777
sup,A1416,A2536
sup,A1416,A1052
sup,A1416,A2288
sup,A1417,A1589
sup,A1417,A1132
sup,A1417,A826
sup,A1417,A45
sup,A1417,A213
sup,A1417,A1125
sup,A1417,A1469
sup,A1418,A2431
sup,A1418,A2766
sup,A1418,A2019
sup,A1418,A1643
sup,A1418,A1406
sup,A1418,A682
sup,A1418,A2441
sup,A1418,A343
sup,A1418,A596
sup,A1418,A1346
sup,A1418,A2486
sup,A1418,A879
sup,A1419,A1054
sup,A1419,A1042
sup,A1419,A1716
sup,A1419,A618
sup,A1419,A951
sup,A1419,A1677
sup,A1419,A497
sup,A1419,A1290
sup,A1419,A1273
sup,A1419,A2645
sup,A1419,A1931
sup,A1419,A809
sup,A1419,A2549
sup,A1419,A1655
sup,A1419,A1797
sup,A1419,A928
sup,A1419,A416
sup,A1419,A1392
sup,A1420,A2261
sup,A1420,A324
sup,A1420,A2698
sup,A1420,A1900
sup,A1420,A822
sup,A1420,A2043
sup,A1420,A1367
sup,A1420,A2060
sup,A1420,A2149
sup,A1420,A2115
sup,A1420,A2521
sup,A1420,A1165
sup,A1420,A1304
sup,A1420,A743
sup,A1420,A485
sup,A1420,A720
sup,A1420,A1211
sup,A1420,A2508
sup,A1420,A2774
sup,A1420,A1727
sup,A1420,A244
sup,A1421,A1097
sup,A1421,A739
sup,A1421,A744
sup,A1421,A2168
sup,A1421,A2688
sup,A1421,A216
sup,A1421,A913
sup,A1421,A989
sup,A1421,A1866
sup,A1421,A1750
sup,A1421,A2094
sup,A1421,A518
sup,A1421,A2378
sup,A1421,A1116
sup,A1421,A1
sup,A1421,A1559
sup,A1421,A2692
sup,A1421,A1782
sup,A1421,A2590
sup,A1421,A565
sup,A1423,A1014
sup,A1426,A2407
sup,A1426,A994
sup,A1426,A1663
sup,A1426,A1919
sup,A1426,A1037
sup,A1426,A798
sup,A1426,A2556
sup,A1426,A1763
sup,A1426,A53
sup,A1426,A2256
sup,A1426,A1832
sup,A1426,A2374
sup,A1426,A636
sup,A1433,A1759
sup,A1433,A240
sup,A1433,A1224
sup,A1433,A2688
sup,A1433,A118
sup,A1433,A1537
sup,A1433,A1728
sup,A1442,A1054
sup,A1442,A580
sup,A1442,A2252
sup,A1442,A486
sup,A1442,A1568
sup,A1442,A1767
sup,A1442,A2286
sup,A1442,A1503
sup,A1442,A2161
sup,A1442,A72
sup,A1442,A1301
sup,A1442,A375
sup,A1442,A2399
sup,A1442,A2669
sup,A1442,A1237
sup,A1442,A961
sup,A1442,A1465
sup,A1442,A2216
sup,A1444,A405
sup,A1444,A2052
sup,A1444,A1005
sup,A1444,A2795
sup,A1444,A693
sup,A1444,A2350
sup,A1444,A449
sup,A1444,A1485
sup,A1444,A1329
sup,A1444,A1969
sup,A1444,A1276
sup,A1444,A2546
sup,A1444,A2356
sup,A1444,A2736
sup,A1444,A478
sup,A1444,A205
sup,A1444,A1415
sup,A1444,A2538
sup,A1444,A670
sup,A1444,A612
sup,A1444,A1656
sup,A1445,A538
sup,A1445,A897
sup,A1445,A1860
sup,A1445,A844
sup,A1445,A1770
sup,A1446,A826
sup,A1446,A1690
sup,A1446,A1418
sup,A1446,A277
sup,A1446,A2412
sup,A1446,A2764
sup,A1446,A106
sup,A1446,A1192
sup,A1446,A1238
sup,A1446,A105
sup,A1447,A1563
sup,A1447,A910
sup,A1447,A2214
sup,A1448,A74
sup,A1448,A1093
sup,A1448,A1351
sup,A1448,A2479
sup,A1448,A927
sup,A1448,A91
sup,A1448,A1559
sup,A1448,A2172
sup,A1448,A1746
sup,A1448,A803
sup,A1448,A539
sup,A1448,A933
sup,A1448,A1991
sup,A1448,A2102
sup,A1448,A2258
sup,A1448,A1633
sup,A1448,A0
sup,A1448,A2377
sup,A1448,A1766
sup,A1448,A1291
sup,A1451,A2668
sup,A1451,A1911
sup,A1451,A2342
sup,A1452,A2316
sup,A1452,A493
sup,A1452,A1815
sup,A1452,A800
sup,A1452,A1027
sup,A1452,A307
sup,A1452,A2642
sup,A1452,A323
sup,A1452,A975
sup,A1452,A2765
sup,A1452,A1665
sup,A1452,A1008
sup,A1455,A1669
sup,A1455,A1868
sup,A1455,A529
sup,A1455,A596
sup,A1455,A275
sup,A1455,A1744
sup,A1455,A165
sup,A1455,A986
sup,A1455,A1089
sup,A1455,A454
sup,A1455,A2425
sup,A1455,A480
sup,A1455,A518
sup,A1455,A1838
sup,A1455,A796
sup,A1455,A1488
sup,A1455,A1637
sup,A1455,A2727
sup,A1459,A1299
sup,A1459,A356
sup,A1459,A2623
sup,A1459,A1188
sup,A1459,A489
sup,A1459,A1406
sup,A1459,A307
sup,A1460,A61
sup,A1460,A1531
sup,A1460,A1598
sup,A1460,A2225
sup,A1460,A1597
sup,A1460,A522
sup,A1460,A156
sup,A1460,A16
sup,A1460,A589
sup,A1460,A2758
sup,A1460,A581
sup,A1460,A2637
sup,A1461,A2050
sup,A1461,A1422
sup,A1461,A613
sup,A1461,A2502
sup,A1461,A1443
sup,A1461,A1194
sup,A1461,A2672
sup,A1461,A1976
sup,A1461,A1986
sup,A1461,A2642
sup,A1461,A1657
sup,A1461,A705
sup,A1461,A1337
sup,A1461,A1177
sup,A1461,A811
sup,A1461,A661
sup,A1461,A278
sup,A1461,A658
sup,A1462,A1478
sup,A1462,A2789
sup,A1462,A237
sup,A1462,A2772
sup,A1462,A1997
sup,A1462,A920
sup,A1462,A1584
sup,A1462,A622
sup,A1462,A1492
sup,A1462,A1906
sup,A1462,A245
sup,A1462,A1417
sup,A1462,A1772
sup,A1462,A2031
sup,A1462,A2439
sup,A1462,A585
sup,A1464,A2110
sup,A1464,A1697
sup,A1464,A1456
sup,A1464,A2497
sup,A1464,A2308
sup,A1464,A2135
sup,A1464,A964
sup,A1464,A2784
sup,A1464,A773
sup,A1465,A2298
sup,A1465,A1627
sup,A1465,A493
sup,A1465,A960
sup,A1465,A1547
sup,A1465,A2259
sup,A1465,A1927
sup,A1465,A1678
sup,A1465,A1007
sup,A1465,A2368
sup,A1465,A1227
sup,A1465,A2192
sup,A1465,A382
sup,A1465,A733
sup,A1465,A975
sup,A1465,A90
sup,A1465,A1077
sup,A1465,A2660
sup,A1465,A1149
sup,A1465,A830
sup,A1466,A2206
sup,A1466,A960
sup,A1466,A1514
sup,A1467,A807
sup,A1467,A401
sup,A1467,A1330
sup,A1467,A1837
sup,A1467,A2192
sup,A1467,A2093
sup,A1467,A1082
sup,A1467,A59
sup,A1467,A1547
sup,A1467,A1733
sup,A1467,A114
sup,A1467,A2267
sup,A1467,A1436
sup,A1467,A2177
sup,A1467,A604
sup,A1467,A6
sup,A1469,A601
sup,A1469,A1862
sup,A1469,A661
sup,A1469,A31
sup,A1469,A1776
sup,A1470,A2239
sup,A1470,A52
sup,A1470,A312
sup,A1470,A1370
sup,A1470,A405
sup,A1470,A394
sup,A1470,A1487
sup,A1470,A2135
sup,A1470,A659
sup,A1470,A1615
sup,A1470,A188
sup,A1470,A101
sup,A1470,A1198
sup,A1470,A2460
sup,A1470,A1062
sup,A1470,A1979
sup,A1470,A1317
sup,A1471,A179
sup,A1471,A2795
sup,A1471,A955
sup,A1471,A2280
sup,A1471,A574
sup,A1471,A748
sup,A1471,A2034
sup,A1471,A30
sup,A1471,A1104
sup,A1471,A1940
sup,A1471,A1012
sup,A1471,A306
sup,A1471,A1773
sup,A1471,A2408
sup,A1471,A1560
sup,A1471,A1975
sup,A1471,A1094
sup,A1471,A2047
sup,A1475,A1010
sup,A1475,A1828
sup,A1475,A2763
sup,A1475,A1178
sup,A1475,A42
sup,A1475,A745
sup,A1475,A970
sup,A1475,A2741
sup,A1475,A2681
sup,A1475,A2170
sup,A1475,A414
sup,A1475,A1848
sup,A1475,A2145
sup,A1475,A2166
sup,A1475,A682
sup,A1475,A2621
sup,A1475,A2156
sup,A1476,A2385
sup,A1476,A1045
sup,A1476,A2417
sup,A1476,A433
sup,A1476,A1909
sup,A1476,A1444
sup,A1476,A2460
sup,A1476,A1398
sup,A1476,A293
sup,A1476,A1927
sup,A1476,A1280
sup,A1476,A1095
sup,A1476,A2097
sup,A1476,A1389
sup,A1476,A969
sup,A1477,A2512
sup,A1477,A977
sup,A1477,A1661
sup,A1477,A720
sup,A1477,A776
sup,A1477,A2497
sup,A1477,A2396
sup,A1477,A2071
sup,A1477,A435
sup,A1477,A152
sup,A1477,A503
sup,A1477,A224
sup,A1479,A451
sup,A1479,A246
sup,A1479,A1469
sup,A1479,A785
sup,A1479,A2410
sup,A1479,A1345
sup,A1479,A31
sup,A1479,A1482
sup,A1479,A165
sup,A1479,A1236
sup,A1479,A1002
sup,A1479,A483
sup,A1479,A1005
sup,A1479,A1176
sup,A1479,A1970
sup,A1479,A487
sup,A1479,A2098
sup,A1479,A173
sup,A1479,A998
sup,A1479,A1040
sup,A1479,A1923
sup,A1479,A2728
sup,A1479,A1893
sup,A1479,A2199
sup,A1479,A1619
sup,A1479,A160
sup,A1479,A353
sup,A1480,A1555
sup,A1480,A4
sup,A1480,A416
sup,A1480,A1296
sup,A1480,A2579
sup,A1480,A1106
sup,A1480,A2294
sup,A1480,A1404
sup,A1480,A1611
sup,A1480,A350
sup,A1480,A685
sup,A1481,A2166
sup,A1481,A217
sup,A1481,A204
sup,A1481,A241
sup,A1481,A949
sup,A1481,A1920
sup,A1481,A2455
sup,A1481,A2604
sup,A1481,A383
sup,A1481,A2629
sup,A1481,A2234
sup,A1481,A1364
sup,A1481,A219
sup,A1481,A1585
sup,A1481,A993
sup,A1481,A2735
sup,A1481,A1449
sup,A1481,A810
sup,A1481,A353
sup,A1482,A1710
sup,A1482,A2096
sup,A1482,A1543
sup,A1482,A1848
sup,A1482,A1942
sup,A1482,A385
sup,A1482,A2668
sup,A1482,A1939
sup,A1482,A2478
sup,A1482,A1733
sup,A1482,A1456
sup,A1482,A1028
sup,A1482,A2497
sup,A1482,A1220
sup,A1482,A2565
sup,A1482,A1807
sup,A1482,A328
sup,A1482,A269
sup,A1482,A2633
sup,A1482,A2596
sup,A1482,A2689
sup,A1482,A1967
sup,A1482,A1243
sup,A1482,A835
sup,A1482,A1700
sup,A1482,A648
sup,A1482,A492
sup,A1482,A711
sup,A1483,A208
sup,A1483,A1546
sup,A1483,A810
sup,A1483,A1815
sup,A1483,A2563
sup,A1483,A2079
sup,A1483,A702
sup,A1483,A1697
sup,A1483,A2281
sup,A1483,A1819
sup,A1483,A1259
sup,A1483,A2102
sup,A1483,A1595
sup,A1483,A2718
sup,A1483,A385
sup,A1483,A388
sup,A1484,A126
sup,A1484,A1084
sup,A1484,A2584
sup,A1484,A396
sup,A1484,A1240
sup,A1484,A2695
sup,A1484,A823
sup,A1484,A648
sup,A1484,A2543
sup,A1484,A2382
sup,A1484,A1999
sup,A1484,A1823
sup,A1484,A1217
sup,A1484,A471
sup,A1484,A2152
sup,A1484,A1459
sup,A1484,A1172
sup,A1484,A2620
sup,A1484,A712
sup,A1485,A1476
sup,A1485,A2191
sup,A1485,A2503
sup,A1485,A1996
sup,A1485,A467
sup,A1485,A528
sup,A1487,A1030
sup,A1487,A2075
sup,A1487,A1125
sup,A1487,A378
sup,A1487,A200
sup,A1487,A661
sup,A1487,A568
sup,A1487,A2403
sup,A1487,A1841
sup,A1487,A2701
sup,A1487,A2425
sup,A1487,A0
sup,A1487,A82
sup,A1487,A1225
sup,A1487,A1041
sup,A1487,A973
sup,A1487,A785
sup,A1487,A977
sup,A1487,A560
sup,A1489,A2357
sup,A1489,A1325
sup,A1489,A943
sup,A1489,A1843
sup,A1489,A1663
sup,A1489,A253
sup,A1489,A1977
sup,A1489,A198
sup,A1489,A2786
sup,A1489,A893
sup,A1489,A5
sup,A1489,A2235
sup,A1489,A172
sup,A1489,A1395
sup,A1489,A342
sup,A1489,A2687
sup,A1489,A1144
sup,A1489,A2348
sup,A1489,A2103
sup,A1489,A51
sup,A1489,A1763
sup,A1489,A29
sup,A1489,A2477
sup,A1494,A967
sup,A1494,A1648
sup,A1494,A551
sup,A1494,A1762
sup,A1494,A228
sup,A1494,A1634
sup,A1494,A1226
sup,A1494,A1417
sup,A1494,A2100
sup,A1494,A487
sup,A1494,A2133
sup,A1494,A1657
sup,A1494,A2589
sup,A1494,A2447
sup,A1494,A1954
sup,A1494,A1690
sup,A1494,A2313
sup,A1494,A2376
sup,A1494,A1316
sup,A1496,A1172
sup,A1496,A76
sup,A1496,A142
sup,A1496,A1526
sup,A1496,A1472
sup,A1496,A1523
sup,A1496,A593
sup,A1496,A1670
sup,A1496,A987
sup,A1496,A782
sup,A1496,A1918
sup,A1496,A413
sup,A1496,A2230
sup,A1496,A1108
sup,A1496,A2646
sup,A1496,A235
sup,A1496,A432
sup,A1496,A111
sup,A1496,A1858
sup,A1496,A1056
sup,A1496,A2056
sup,A1496,A1981
sup,A1496,A296
sup,A1496,A1742
sup,A1496,A1295
sup,A1496,A2529
sup,A1496,A218
sup,A1496,A1409
sup,A1496,A1677
sup,A1496,A53
sup,A1496,A385
sup,A1496,A2507
sup,A1496,A938
sup,A1496,A1281
sup,A1501,A1313
sup,A1501,A1545
sup,A1501,A2270
sup,A1501,A668
sup,A1501,A1547
sup,A1501,A2425
sup,A1501,A1061
sup,A1501,A569
sup,A1501,A1260
sup,A1501,A58
sup,A1503,A1788
sup,A1503,A2435
sup,A1503,A1220
sup,A1503,A2058
sup,A1506,A900
sup,A1506,A1
sup,A1506,A2109
sup,A1506,A1012
sup,A1506,A2
sup,A1506,A1032
sup,A1506,A1052
sup,A1506,A1341
sup,A1506,A1657
sup,A1506,A2079
sup,A1506,A300
sup,A1506,A2371
sup,A1506,A598
sup,A1506,A2099
sup,A1506,A2205
sup,A1506,A1355
sup,A1508,A1917
sup,A1508,A1190
sup,A1508,A1565
sup,A1509,A639
sup,A1509,A1822
sup,A1509,A274
sup,A1509,A2028
sup,A1509,A389
sup,A1509,A2535
sup,A1509,A1291
sup,A1509,A480
sup,A1509,A2519
sup,A1509,A722
sup,A1509,A2362
sup,A1509,A2797
sup,A1509,A2203
sup,A1509,A919
sup,A1509,A2020
sup,A1509,A863
sup,A1509,A268
sup,A1509,A1400
sup,A1509,A1792
sup,A1509,A572
sup,A1509,A2708
sup,A1509,A1887
sup,A1509,A193
sup,A1509,A782
sup,A1509,A662
sup,A1510,A178
sup,A1510,A1547
sup,A1510,A1168
sup,A1510,A1333
sup,A1510,A1970
sup,A1510,A2258
sup,A1510,A471
sup,A1510,A1346
sup,A1510,A1653
sup,A1510,A1441
sup,A1510,A1698
sup,A1510,A1610
sup,A1510,A2741
sup,A1510,A2785
sup,A1510,A638
sup,A1510,A2433
sup,A1510,A1134
sup,A1511,A1227
sup,A1511,A206
sup,A1511,A3
sup,A1511,A591
sup,A1511,A856
sup,A1511,A596
sup,A1511,A1405
sup,A1511,A2310
sup,A1511,A2120
sup,A1511,A1191
sup,A1511,A824
sup,A1511,A1913
sup,A1511,A2608
sup,A1511,A789
sup,A1511,A636
sup,A1511,A2484
sup,A1511,A200
sup,A1511,A759
sup,A1511,A727
sup,A1511,A2578
sup,A1511,A368
sup,A1511,A387
sup,A1511,A936
sup,A1511,A1595
sup,A1513,A1242
sup,A1513,A406
sup,A1513,A255
sup,A1513,A507
sup,A1513,A735
sup,A1513,A1814
sup,A1513,A910
sup,A1513,A860
sup,A1513,A1678
sup,A1513,A2394
sup,A1513,A94
sup,A1513,A875
sup,A1513,A2350
sup,A1513,A2016
sup,A1514,A1318
sup,A1514,A1677
sup,A1514,A844
sup,A1514,A954
sup,A1514,A1386
sup,A1514,A2777
sup,A1514,A1804
sup,A1514,A795
sup,A1515,A1931
sup,A1515,A1929
sup,A1515,A507
sup,A1516,A1020
sup,A1516,A1542
sup,A1516,A1476
sup,A1516,A2122
sup,A1516,A2015
sup,A1516,A1879
sup,A1516,A979
sup,A1516,A2502
sup,A1516,A1947
sup,A1516,A525
sup,A1518,A1120
sup,A1518,A261
sup,A1518,A797
sup,A1518,A1547
sup,A1518,A2154
sup,A1518,A1598
sup,A1518,A1343
sup,A1518,A2683
sup,A1518,A1031
sup,A1518,A1113
sup,A1518,A933
sup,A1518,A119
sup,A1519,A1801
sup,A1519,A1614
sup,A1519,A778
sup,A1519,A1374
sup,A1519,A1446
sup,A1519,A2515
sup,A1519,A2428
sup,A1519,A1075
sup,A1519,A2396
sup,A1519,A1038
sup,A1519,A549
sup,A1519,A2080
sup,A1519,A1086
sup,A1519,A1181
sup,A1519,A57
sup,A1519,A2272
sup,A1520,A1226
sup,A1520,A662
sup,A1520,A1884
sup,A1520,A2370
sup,A1520,A1436
sup,A1520,A389
sup,A1520,A2549
sup,A1520,A1579
sup,A1521,A69
sup,A1521,A1098
sup,A1521,A1409
sup,A1521,A84
sup,A1521,A2470
sup,A1521,A2359
sup,A1523,A398
sup,A1523,A517
sup,A1524,A403
sup,A1524,A2338
sup,A1524,A2055
sup,A1524,A79
sup,A1524,A1757
sup,A1524,A348
sup,A1524,A2187
sup,A1524,A1762
sup,A1524,A2654
sup,A1524,A925
sup,A1524,A2400
sup,A1524,A973
sup,A1524,A2370
sup,A1526,A706
sup,A1526,A2105
sup,A1526,A69
sup,A1526,A886
sup,A1526,A1038
sup,A1526,A122
sup,A1526,A219
sup,A1526,A338
sup,A1526,A479
sup,A1526,A71
sup,A1526,A1307
sup,A1526,A2499
sup,A1526,A1123
sup,A1526,A1865
sup,A1526,A1221
sup,A1526,A277
sup,A1526,A1196
sup,A1529,A572
sup,A1529,A735
sup,A1529,A1905
sup,A1529,A911
sup,A1529,A2046
sup,A1529,A2012
sup,A1529,A1122
sup,A1529,A2339
sup,A1529,A239
sup,A1529,A1321
sup,A1529,A2395
sup,A1529,A1982
sup,A1529,A964
sup,A1529,A533
sup,A1529,A1281
sup,A1529,A607
sup,A1529,A781
sup,A1529,A397
sup,A1529,A2001
sup,A1534,A2477
sup,A1534,A156
sup,A1534,A413
sup,A1534,A2023
sup,A1534,A383
sup,A1534,A1508
sup,A1534,A1218
sup,A1534,A1139
sup,A1534,A329
sup,A1534,A315
sup,A1534,A986
sup,A1534,A198
sup,A1534,A2402
sup,A1534,A2283
sup,A1534,A1108
sup,A1534,A1932
sup,A1534,A174
sup,A1534,A919
sup,A1534,A2301
sup,A1534,A49
sup,A1534,A1260
sup,A1534,A1174
sup,A1534,A1294
sup,A1534,A2029
sup,A1534,A154
sup,A1534,A41
sup,A1534,A2312
sup,A1534,A1413
sup,A1534,A1622
sup,A1535,A848
sup,A1535,A1485
sup,A1535,A1961
sup,A1535,A487
sup,A1537,A2188
sup,A1537,A403
sup,A1537,A1104
sup,A1541,A364
sup,A1541,A2723
sup,A1541,A1660
sup,A1541,A1935
sup,A1541,A502
sup,A1541,A854
sup,A1541,A1760
sup,A1541,A1142
sup,A1541,A2281
sup,A1541,A2576
sup,A1541,A2674
sup,A1541,A1297
sup,A1541,A41
sup,A1541,A942
sup,A1542,A248
sup,A1542,A592
sup,A1542,A2411
sup,A1542,A1914
sup,A1542,A2161
sup,A1542,A1421
sup,A1542,A1554
sup,A1542,A137
sup,A1542,A1795
sup,A1542,A527
sup,A1542,A1171
sup,A1542,A2137
sup,A1542,A696
sup,A1542,A837
sup,A1543,A31
sup,A1543,A2558
sup,A1543,A1491
sup,A1543,A901
sup,A1543,A1691
sup,A1543,A1802
sup,A1543,A2582
sup,A1543,A137
sup,A1543,A2248
sup,A1543,A1236
sup,A1543,A14
sup,A1543,A379
sup,A1543,A128
sup,A1543,A2662
sup,A1543,A2451
sup,A1543,A411
sup,A1543,A2308
sup,A1543,A1016
sup,A1544,A2554
sup,A1544,A343
sup,A1544,A545
sup,A1544,A604
sup,A1544,A1591
sup,A1544,A125
sup,A1544,A237
sup,A1544,A2652
sup,A1544,A1908
sup,A1544,A1924
sup,A1544,A141
sup,A1544,A1926
sup,A1544,A2188
sup,A1544,A836
sup,A1544,A2435
sup,A1544,A2453
sup,A1544,A2496
sup,A1544,A1288
sup,A1546,A2304
sup,A1546,A138
sup,A1546,A1979
sup,A1546,A970
sup,A1546,A1724
sup,A1546,A561
sup,A1546,A330
sup,A1546,A391
sup,A1546,A1620
sup,A1546,A1976
sup,A1546,A1871
sup,A1546,A1249
sup,A1546,A616
sup,A1546,A1622
sup,A1546,A2345
sup,A1546,A1631
sup,A1546,A1619
sup,A1546,A665
sup,A1546,A1383
sup,A1546,A491
sup,A1546,A2480
sup,A1546,A1378
sup,A1546,A2745
sup,A1546,A2708
sup,A1546,A2339
sup,A1546,A1434
sup,A1546,A68
sup,A1548,A1129
sup,A1548,A2548
sup,A1548,A2749
sup,A1548,A764
sup,A1548,A968
sup,A1548,A896
sup,A1548,A133
sup,A1548,A1535
sup,A1548,A455
sup,A1548,A2065
sup,A1548,A1791
sup,A1548,A2755
sup,A1548,A1534
sup,A1548,A2131
sup,A1550,A1866
sup,A1550,A1381
sup,A1550,A447
sup,A1550,A888
sup,A1550,A960
sup,A1550,A1719
sup,A1550,A1194
sup,A1552,A14
sup,A1552,A1338
sup,A1552,A1796
sup,A1552,A2560
sup,A1552,A1175
sup,A1552,A459
sup,A1555,A2068
sup,A1555,A1167
sup,A1555,A1580
sup,A1555,A1971
sup,A1555,A74
sup,A1555,A853
sup,A1555,A1690
sup,A1559,A2480
sup,A1559,A2050
sup,A1559,A1405
sup,A1559,A2190
sup,A1559,A2246
sup,A1559,A637
sup,A1560,A2269
sup,A1560,A733
sup,A1560,A235
sup,A1560,A743
sup,A1560,A2384
sup,A1560,A2046
sup,A1560,A1362
sup,A1560,A708
sup,A1560,A1545
sup,A1560,A2499
sup,A1560,A1587
sup,A1560,A2128
sup,A1560,A2652
sup,A1560,A191
sup,A1560,A1844
sup,A1560,A2593
sup,A1560,A1442
sup,A1566,A2525
sup,A1566,A728
sup,A1566,A1717
sup,A1566,A2656
sup,A1566,A2764
sup,A1566,A883
sup,A1566,A2243
sup,A1566,A583
sup,A1566,A1665
sup,A1566,A2389
sup,A1566,A1832
sup,A1566,A29
sup,A1566,A1226
sup,A1566,A2144
sup,A1566,A431
sup,A1566,A793
sup,A1566,A2668
sup,A1566,A2102
sup,A1566,A1795
sup,A1567,A2234
sup,A1567,A1541
sup,A1567,A784
sup,A1567,A1204
sup,A1567,A84
sup,A1567,A1444
sup,A1567,A587
sup,A1567,A611
sup,A1567,A992
sup,A1567,A2548
sup,A1567,A940
sup,A1567,A1156
sup,A1567,A1052
sup,A1567,A752
sup,A1571,A2632
sup,A1571,A643
sup,A1571,A2107
sup,A1571,A818
sup,A1571,A1086
sup,A1571,A2180
sup,A1571,A2560
sup,A1571,A109
sup,A1571,A287
sup,A1571,A97
sup,A1571,A2138
sup,A1571,A143
sup,A1571,A0
sup,A1572,A993
sup,A1572,A295
sup,A1572,A1004
sup,A1572,A577
sup,A1572,A84
sup,A1572,A433
sup,A1572,A1743
sup,A1572,A2088
sup,A1574,A350
sup,A1574,A2764
sup,A1574,A747
sup,A1574,A2057
sup,A1574,A1207
sup,A1574,A70
sup,A1574,A1657
sup,A1574,A706
sup,A1574,A1836
sup,A1574,A683
sup,A1574,A15
sup,A1574,A960
sup,A1574,A1289
sup,A1574,A1274
sup,A1574,A2551
sup,A1574,A2403
sup,A1574,A1774
sup,A1574,A2315
sup,A1574,A67
sup,A1574,A1255
sup,A1574,A2243
sup,A1575,A708
sup,A1575,A1665
sup,A1575,A2200
sup,A1575,A1242
sup,A1575,A1939
sup,A1575,A2686
sup,A1575,A1006
sup,A1575,A2402
sup,A1575,A2296
sup,A1575,A267
sup,A1575,A1717
sup,A1575,A2395
sup,A1575,A277
sup,A1575,A1404
sup,A1575,A2329
sup,A1575,A826
sup,A1575,A421
sup,A1575,A2780
sup,A1575,A30
sup,A1575,A2637
sup,A1575,A786
sup,A1575,A922
sup,A1576,A1668
sup,A1576,A2430
sup,A1576,A1183
sup,A1576,A2202
sup,A1576,A1728
sup,A1576,A2736
sup,A1577,A2105
sup,A1577,A2561
sup,A1577,A868
sup,A1577,A80
sup,A1581,A2646
sup,A1581,A848
sup,A1581,A94
sup,A1581,A2423
sup,A1581,A1529
sup,A1581,A1275
sup,A1581,A2114
sup,A1581,A2258
sup,A1581,A1442
sup,A1581,A1849
sup,A1581,A1441
sup,A1581,A734
sup,A1583,A2614
sup,A1583,A1024
sup,A1583,A979
sup,A1583,A2565
sup,A1585,A641
sup,A1586,A20
sup,A1586,A1122
sup,A1586,A2193
sup,A1586,A1030
sup,A1586,A1422
sup,A1586,A2618
sup,A1586,A1103
sup,A1586,A2325
sup,A1586,A81
sup,A1586,A1593
sup,A1586,A1934
sup,A1586,A561
sup,A1586,A46
sup,A1586,A1089
sup,A1586,A1329
sup,A1586,A370
sup,A1586,A2700
sup,A1586,A1336
sup,A1586,A2507
sup,A1586,A1634
sup,A1586,A627
sup,A1586,A2599
sup,A1586,A1612
sup,A1586,A530
sup,A1586,A166
sup,A1586,A343
sup,A1586,A2798
sup,A1586,A2544
sup,A1587,A1189
sup,A1587,A1292
sup,A1587,A2040
sup,A1587,A848
sup,A1587,A2631
sup,A1587,A74
sup,A1587,A2328
sup,A1587,A262
sup,A1587,A722
sup,A1587,A1251
sup,A1587,A2287
sup,A1587,A2547
sup,A1587,A1123
sup,A1587,A1261
sup,A1587,A670
sup,A1587,A2642
sup,A1587,A2705
sup,A1587,A1879
sup,A1589,A1079
sup,A1589,A1463
sup,A1589,A1303
sup,A1589,A2110
sup,A1589,A1110
sup,A1589,A2403
sup,A1589,A2076
sup,A1589,A492
sup,A1589,A673
sup,A1589,A434
sup,A1589,A1692
sup,A1589,A849
sup,A1592,A327
sup,A1592,A902
sup,A1592,A43
sup,A1592,A1542
sup,A1592,A1134
sup,A1592,A1733
sup,A1592,A1548
sup,A1592,A2200
sup,A1592,A261
sup,A1592,A131
sup,A1592,A1629
sup,A1592,A625
sup,A1592,A2713
sup,A1592,A83
sup,A1592,A1149
sup,A1592,A611
sup,A1592,A489
sup,A1592,A1716
sup,A1592,A757
sup,A1592,A717
sup,A1592,A88
sup,A1592,A2418
sup,A1592,A2537
sup,A1592,A367
sup,A1592,A2301
sup,A1594,A2273
sup,A1594,A1346
sup,A1594,A2772
sup,A1594,A2142
sup,A1594,A691
sup,A1594,A187
sup,A1594,A2238
sup,A1594,A1103
sup,A1594,A1190
sup,A1594,A1838
sup,A1594,A45
sup,A1594,A1274
sup,A1594,A1729
sup,A1594,A2114
sup,A1594,A1273
sup,A1594,A1746
sup,A1596,A2549
sup,A1596,A2401
sup,A1596,A579
sup,A1596,A625
sup,A1596,A1175
sup,A1596,A79
sup,A1596,A588
sup,A1596,A26
sup,A1596,A108
sup,A1596,A2264
sup,A1596,A1206
sup,A1596,A1318
sup,A1596,A1369
sup,A1596,A1173
sup,A1596,A2105
sup,A1596,A1611
sup,A1596,A17
sup,A1596,A1441
sup,A1596,A2357
sup,A1597,A2435
sup,A1597,A810
sup,A1597,A1340
sup,A1597,A1425
sup,A1597,A549
sup,A1597,A2244
sup,A1597,A736
sup,A1599,A998
sup,A1599,A2050
sup,A1599,A1789
sup,A1599,A2247
sup,A1599,A2433
sup,A1599,A546
sup,A1599,A247
sup,A1599,A924
sup,A1599,A569
sup,A1599,A1446
sup,A1599,A2336
sup,A1599,A1406
sup,A1599,A1158
sup,A1599,A1769
sup,A1599,A80
sup,A1604,A543
sup,A1604,A1457
sup,A1604,A1451
sup,A1604,A391
sup,A1604,A2334
sup,A1604,A864
sup,A1604,A1555
sup,A1604,A893
sup,A1604,A1218
sup,A1604,A2555
sup,A1604,A2717
sup,A1604,A1595
sup,A1604,A794
sup,A1604,A751
sup,A1604,A43
sup,A1604,A1242
sup,A1605,A2020
sup,A1605,A1139
sup,A1605,A1295
sup,A1605,A372
sup,A1607,A394
sup,A1607,A694
sup,A1607,A1399
sup,A1607,A2597
sup,A1607,A1945
sup,A1607,A258
sup,A1607,A653
sup,A1607,A2721
sup,A1607,A2366
sup,A1607,A329
sup,A1607,A1695
sup,A1607,A2299
sup,A1607,A2690
sup,A1607,A2172
sup,A1607,A481
sup,A1607,A127
sup,A1608,A621
sup,A1608,A1998
sup,A1608,A117
sup,A1608,A1116
sup,A1608,A750
sup,A1608,A734
sup,A1608,A1237
sup,A1608,A916
sup,A1608,A975
sup,A1612,A1
sup,A1612,A2224
sup,A1612,A1197
sup,A1612,A1597
sup,A1612,A786
sup,A1612,A1455
sup,A1612,A2547
sup,A1612,A1950
sup,A1612,A559
sup,A1612,A1789
sup,A1612,A355
sup,A1612,A1645
sup,A1612,A55
sup,A1612,A743
sup,A1612,A588
sup,A1612,A2516
sup,A1612,A594
sup,A1612,A2381
sup,A1612,A2723
sup,A1613,A1722
sup,A1613,A1793
sup,A1613,A2304
sup,A1613,A2260
sup,A1613,A2071
sup,A1613,A618
sup,A1613,A2179
sup,A1615,A1036
sup,A1615,A2685
sup,A1615,A1468
sup,A1615,A1524
sup,A1615,A28
sup,A1615,A1338
sup,A1615,A2531
sup,A1615,A1027
sup,A1615,A244
sup,A1615,A1111
sup,A1615,A285
sup,A1615,A817
sup,A1615,A635
sup,A1615,A1622
sup,A1615,A888
sup,A1615,A259
sup,A1615,A1031
sup,A1615,A1494
sup,A1615,A741
sup,A1615,A1309
sup,A1615,A1659
sup,A1615,A2649
sup,A1615,A209
sup,A1615,A290
sup,A1623,A1131
sup,A1623,A1260
sup,A1623,A915
sup,A1623,A402
sup,A1623,A1971
sup,A1623,A1648
sup,A1623,A2603
sup,A1623,A1487
sup,A1623,A2207
sup,A1623,A1265
sup,A1623,A128
sup,A1623,A215
sup,A1623,A566
sup,A1623,A1741
sup,A1623,A1407
sup,A1623,A1698
sup,A1623,A1243
sup,A1623,A1545
sup,A1630,A2374
sup,A1630,A2120
sup,A1630,A1051
sup,A1630,A2235
sup,A1630,A230
sup,A1630,A548
sup,A1630,A1381
sup,A1631,A171
sup,A1631,A2737
sup,A1631,A574
sup,A1631,A330
sup,A1631,A511
sup,A1631,A2581
sup,A1631,A403
sup,A1631,A35
sup,A1631,A1067
sup,A1631,A49
sup,A1631,A2546
sup,A1632,A479
sup,A1632,A1506
sup,A1632,A880
sup,A1632,A1833
sup,A1632,A2123
sup,A1632,A2715
sup,A1632,A2171
sup,A1632,A2705
sup,A1632,A741
sup,A1632,A1042
sup,A1632,A1080
sup,A1632,A1202
sup,A1632,A110
sup,A1632,A1408
sup,A1632,A367
sup,A1632,A1855
sup,A1632,A27
sup,A1632,A1782
sup,A1632,A1349
sup,A1632,A1394
sup,A1632,A1243
sup,A1634,A269
sup,A1634,A2282
sup,A1634,A2501
sup,A1634,A1934
sup,A1634,A1085
sup,A1634,A2466
sup,A1634,A599
sup,A1634,A2099
sup,A1634,A776
sup,A1634,A48
sup,A1634,A1074
sup,A1634,A2492
sup,A1634,A2746
sup,A1634,A993
sup,A1634,A1049
sup,A1634,A2627
sup,A1634,A2435
sup,A1634,A166
sup,A1634,A1145
sup,A1634,A1516
sup,A1634,A1909
sup,A1634,A2089
sup,A1634,A576
sup,A1635,A1590
sup,A1635,A34
sup,A1635,A2590
sup,A1635,A1841
sup,A1635,A1377
sup,A1635,A1375
sup,A1635,A2121
sup,A1635,A256
sup,A1635,A452
sup,A1635,A1497
sup,A1635,A1437
sup,A1635,A1280
sup,A1635,A1637
sup,A1635,A2058
sup,A1635,A1352
sup,A1635,A1032
sup,A1635,A110
sup,A1635,A1795
sup,A1635,A2193
sup,A1635,A2224
sup,A1635,A414
sup,A1636,A2633
sup,A1636,A689
sup,A1636,A1282
sup,A1636,A967
sup,A1636,A148
sup,A1637,A1789
sup,A1637,A1267
sup,A1637,A1413
sup,A1637,A454
sup,A1637,A439
sup,A1637,A571
sup,A1637,A1875
sup,A1637,A1647
sup,A1637,A2205
sup,A1637,A2124
sup,A1637,A808
sup,A1637,A678
sup,A1637,A2073
sup,A1637,A1611
sup,A1637,A1029
sup,A1638,A2650
sup,A1638,A1442
sup,A1638,A1597
sup,A1638,A806
sup,A1638,A506
sup,A1638,A780
sup,A1638,A217
sup,A1638,A1500
sup,A1638,A1371
sup,A1638,A560
sup,A1638,A722
sup,A1638,A921
sup,A1638,A1208
sup,A1638,A1178
sup,A1638,A410
sup,A1638,A1721
sup,A1638,A1362
sup,A1638,A913
sup,A1639,A878
sup,A1639,A941
sup,A1639,A2770
sup,A1639,A1457
sup,A1639,A609
sup,A1639,A1822
sup,A1639,A2027
sup,A1640,A2241
sup,A1640,A213
sup,A1640,A706
sup,A1640,A1892
sup,A1640,A2633
sup,A1640,A2484
sup,A1640,A1633
sup,A1640,A385
sup,A1640,A463
sup,A1640,A2202
sup,A1640,A1131
sup,A1640,A674
sup,A1640,A609
sup,A1640,A724
sup,A1640,A207
sup,A1640,A2746
sup,A1640,A1604
sup,A1640,A444
sup,A1640,A1298
sup,A1641,A351
sup,A1641,A148
sup,A1641,A2551
sup,A1641,A1732
sup,A1641,A1455
sup,A1641,A306
sup,A1641,A2276
sup,A1641,A145
sup,A1641,A508
sup,A1641,A1487
sup,A1641,A939
sup,A1641,A1485
sup,A1641,A481
sup,A1641,A970
sup,A1641,A2512
sup,A1641,A1585
sup,A1641,A1120
sup,A1641,A1121
sup,A1641,A2547
sup,A1642,A763
sup,A1642,A369
sup,A1642,A1693
sup,A1643,A1764
sup,A1643,A2651
sup,A1644,A2635
sup,A1644,A1380
sup,A1644,A2171
sup,A1644,A2163
sup,A1644,A2714
sup,A1644,A449
sup,A1644,A1678
sup,A1644,A396
sup,A1649,A2168
sup,A1649,A2745
sup,A1649,A1124
sup,A1649,A2263
sup,A1649,A281
sup,A1650,A110
sup,A1650,A440
sup,A1650,A1286
sup,A1650,A481
sup,A1650,A1066
sup,A1650,A2748
sup,A1650,A2581
sup,A1650,A2478
sup,A1650,A1680
sup,A1650,A763
sup,A1650,A206
sup,A1650,A182
sup,A1650,A1710
sup,A1650,A2010
sup,A1650,A848
sup,A1650,A1586
sup,A1650,A2233
sup,A1650,A45
sup,A1650,A2576
sup,A1650,A302
sup,A1650,A464
sup,A1650,A1551
sup,A1650,A1914
sup,A1650,A677
sup,A1650,A989
sup,A1650,A2213
sup,A1650,A2453
sup,A1651,A503
sup,A1651,A1715
sup,A1651,A355
sup,A1651,A2682
sup,A1651,A282
sup,A1651,A1393
sup,A1651,A962
sup,A1651,A1419
sup,A1651,A441
sup,A1651,A1489
sup,A1651,A289
sup,A1651,A2774
sup,A1651,A1170
sup,A1654,A2162
sup,A1654,A1326
sup,A1654,A2245
sup,A1654,A950
sup,A1654,A1807
sup,A1654,A1251
sup,A1654,A2450
sup,A1654,A2373
sup,A1654,A2519
sup,A1654,A804
sup,A1654,A1157
sup,A1654,A487
sup,A1654,A787
sup,A1654,A1646
sup,A1654,A2655
sup,A1655,A1776
sup,A1655,A2271
sup,A1655,A475
sup,A1655,A2712
sup,A1655,A1554
sup,A1655,A2711
sup,A1655,A2480
sup,A1655,A1173
sup,A1655,A1660
sup,A1655,A2452
sup,A1655,A140
sup,A1657,A695
sup,A1657,A1986
sup,A1657,A878
sup,A1657,A593
sup,A1657,A1289
sup,A1657,A374
sup,A1657,A1247
sup,A1658,A2160
sup,A1658,A2245
sup,A1659,A939
sup,A1659,A1414
sup,A1659,A675
sup,A1659,A810
sup,A1659,A2208
sup,A1659,A1459
sup,A1659,A1136
sup,A1659,A2379
sup,A1659,A1938
sup,A1659,A920
sup,A1660,A390
sup,A1660,A1665
sup,A1660,A1798
sup,A1660,A944
sup,A1660,A2280
sup,A1660,A1540
sup,A1660,A269
sup,A1660,A1392
sup,A1660,A114
sup,A1660,A1478
sup,A1660,A1273
sup,A1660,A2525
sup,A1660,A2182
sup,A1660,A1355
sup,A1660,A2138
sup,A1660,A2777
sup,A1660,A2497
sup,A1660,A1024
sup,A1660,A1393
sup,A1660,A2612
sup,A1660,A1168
sup,A1660,A2567
sup,A1660,A1403
sup,A1660,A740
sup,A1660,A2061
sup,A1660,A35
sup,A1664,A1683
sup,A1664,A2440
sup,A1664,A933
sup,A1664,A2717
sup,A1664,A827
sup,A1664,A2262
sup,A1664,A1183
sup,A1664,A671
sup,A1664,A1533
sup,A1664,A2662
sup,A1665,A954
sup,A1665,A2298
sup,A1665,A2404
sup,A1665,A2096
sup,A1665,A2359
sup,A1665,A1120
sup,A1665,A487
sup,A1665,A1610
sup,A1665,A677
sup,A1665,A2668
sup,A1665,A762
sup,A1665,A82
sup,A1665,A1013
sup,A1665,A366
sup,A1665,A413
sup,A1665,A1701
sup,A1665,A2129
sup,A1665,A1486
sup,A1665,A1702
sup,A1665,A2428
sup,A1665,A330
sup,A1665,A2454
sup,A1665,A614
sup,A1665,A2593
sup,A1665,A2579
sup,A1665,A2148
sup,A1665,A1395
sup,A1665,A654
sup,A1665,A2561
sup,A1665,A1628
sup,A1666,A1956
sup,A1666,A270
sup,A1666,A1565
sup,A1666,A319
sup,A1666,A2255
sup,A1666,A355
sup,A1666,A2502
sup,A1666,A1561
sup,A1666,A1136
sup,A1666,A397
sup,A1666,A2257
sup,A1666,A2543
sup,A1666,A499
sup,A1666,A2673
sup,A1666,A200
sup,A1666,A2473
sup,A1666,A938
sup,A1666,A2352
sup,A1666,A1478
sup,A1666,A542
sup,A1666,A2493
sup,A1666,A1259
sup,A1668,A1001
sup,A1668,A2633
sup,A1668,A1977
sup,A1668,A1763
sup,A1668,A2105
sup,A1671,A875
sup,A1671,A959
sup,A1671,A2235
sup,A1671,A1224
sup,A1671,A2678
sup,A1671,A574
sup,A1671,A2073
sup,A1676,A1461
sup,A1676,A1414
sup,A1676,A2310
sup,A1676,A140
sup,A1676,A2151
sup,A1676,A1175
sup,A1676,A151
sup,A1676,A2540
sup,A1676,A554
sup,A1676,A2032
sup,A1676,A368
sup,A1676,A2100
sup,A1676,A120
sup,A1676,A1441
sup,A1676,A1686
sup,A1676,A1077
sup,A1676,A204
sup,A1676,A839
sup,A1677,A2143
sup,A1677,A248
sup,A1677,A490
sup,A1678,A1020
sup,A1678,A2238
sup,A1678,A1216
sup,A1678,A1990
sup,A1679,A2222
sup,A1679,A1002
sup,A1679,A696
sup,A1679,A1269
sup,A1679,A1561
sup,A1681,A1810
sup,A1681,A1965
sup,A1681,A1074
sup,A1681,A1854
sup,A1681,A1499
sup,A1681,A2642
sup,A1681,A1430
sup,A1681,A1179
sup,A1681,A37
sup,A1681,A1920
sup,A1681,A2430
sup,A1682,A238
sup,A1682,A1669
sup,A1682,A815
sup,A1682,A2718
sup,A1682,A1917
sup,A1682,A1483
sup,A1682,A1748
sup,A1682,A2274
sup,A1682,A2437
sup,A1682,A2514
sup,A1682,A1673
sup,A1682,A143
sup,A1682,A627
sup,A1682,A579
sup,A1682,A1864
sup,A1682,A2371
sup,A1683,A1485
sup,A1683,A2530
sup,A1683,A241
sup,A1683,A200
sup,A1687,A885
sup,A1687,A492
sup,A1687,A887
sup,A1687,A2499
sup,A1687,A2649
sup,A1687,A2220
sup,A1687,A2487
sup,A1687,A2015
sup,A1687,A1564
sup,A1687,A2228
sup,A1687,A344
sup,A1687,A2625
sup,A1687,A185
sup,A1687,A2376
sup,A1687,A2614
sup,A1687,A574
sup,A1690,A2431
sup,A1690,A1654
sup,A1690,A1449
sup,A1691,A865
sup,A1691,A361
sup,A1691,A1675
sup,A1691,A1268
sup,A1691,A1242
sup,A1691,A2088
sup,A1692,A216
sup,A1692,A2045
sup,A1692,A1564
sup,A1692,A1476
sup,A1692,A457
sup,A1692,A2543
sup,A1692,A2150
sup,A1692,A2754
sup,A1692,A2528
sup,A1692,A1555
sup,A1692,A52
sup,A1692,A2137
sup,A1692,A607
sup,A1692,A2253
sup,A1692,A1517
sup,A1692,A404
sup,A1692,A1752
sup,A1692,A1309
sup,A1692,A2679
sup,A1692,A357
sup,A1692,A2494
sup,A1692,A542
sup,A1692,A617
sup,A1692,A2077
sup,A1692,A524
sup,A1693,A1234
sup,A1696,A1855
sup,A1696,A2531
sup,A1696,A1073
sup,A1696,A2072
sup,A1696,A2570
sup,A1696,A1039
sup,A1696,A791
sup,A1696,A968
sup,A1696,A1701
sup,A1696,A1822
sup,A1696,A1732
sup,A1696,A1246
sup,A1696,A2421
sup,A1696,A2037
sup,A1696,A2203
sup,A1696,A397
sup,A1696,A483
sup,A1696,A1967
sup,A1696,A2789
sup,A1696,A2741
sup,A1697,A726
sup,A1697,A623
sup,A1697,A1747
sup,A1697,A2651
sup,A1697,A832
sup,A1702,A234
sup,A1702,A1473
sup,A1702,A1701
sup,A1702,A2616
sup,A1702,A293
sup,A1702,A2600
sup,A1702,A864
sup,A1702,A428
sup,A1702,A455
sup,A1702,A876
sup,A1702,A472
sup,A1702,A319
sup,A1702,A1420
sup,A1702,A852
sup,A1702,A674
sup,A1702,A1552
sup,A1702,A1438
sup,A1702,A560
sup,A1702,A1814
sup,A1702,A2471
sup,A1702,A2673
sup,A1702,A496
sup,A1702,A1921
sup,A1703,A815
sup,A1703,A533
sup,A1703,A1045
sup,A1703,A1185
sup,A1703,A1469
sup,A1703,A311
sup,A1703,A830
sup,A1703,A2189
sup,A1703,A2595
sup,A1703,A1281
sup,A1703,A1231
sup,A1703,A920
sup,A1703,A1163
sup,A1703,A186
sup,A1703,A2240
sup,A1703,A2011
sup,A1703,A2018
sup,A1703,A1815
sup,A1703,A25
sup,A1703,A418
sup,A1703,A1442
sup,A1703,A2104
sup,A1703,A2527
sup,A1703,A2686
sup,A1703,A812
sup,A1706,A2148
sup,A1706,A2024
sup,A1706,A273
sup,A1706,A835
sup,A1706,A2426
sup,A1706,A1066
sup,A1706,A2634
sup,A1706,A1466
sup,A1707,A2624
sup,A1707,A217
sup,A1707,A2656
sup,A1707,A2627
sup,A1707,A2614
sup,A1707,A942
sup,A1707,A740
sup,A1707,A2793
sup,A1707,A505
sup,A1707,A495
sup,A1707,A319
sup,A1707,A1167
sup,A1707,A1910
sup,A1710,A80
sup,A1710,A1805
sup,A1710,A1935
sup,A1710,A127
sup,A1710,A2456
sup,A1710,A145
sup,A1710,A1906
sup,A1710,A1859
sup,A1710,A2308
sup,A1710,A2298
sup,A1710,A662
sup,A1710,A635
sup,A1710,A1091
sup,A1710,A1797
sup,A1710,A2264
sup,A1710,A1701
sup,A1710,A586
sup,A1710,A1239
sup,A1711,A1768
sup,A1711,A2148
sup,A1711,A796
sup,A1711,A1500
sup,A1713,A1392
sup,A1713,A857
sup,A1713,A624
sup,A1713,A2588
sup,A1713,A2690
sup,A1713,A1750
sup,A1713,A1443
sup,A1713,A2012
sup,A1713,A395
sup,A1713,A819
sup,A1713,A2152
sup,A1713,A1612
sup,A1713,A2173
sup,A1713,A1960
sup,A1713,A196
sup,A1713,A1663
sup,A1713,A2393
sup,A1713,A2665
sup,A1713,A851
sup,A1713,A2791
sup,A1713,A2704
sup,A1713,A728
sup,A1713,A1266
sup,A1713,A2516
sup,A1713,A1132
sup,A1713,A1860
sup,A1713,A2347
sup,A1713,A2768
sup,A1713,A2549
sup,A1715,A23
sup,A1715,A582
sup,A1715,A1447
sup,A1715,A2309
sup,A1715,A544
sup,A1716,A967
sup,A1716,A2178
sup,A1716,A983
sup,A1716,A640
sup,A1721,A1346
sup,A1721,A2785
sup,A1721,A2100
sup,A1721,A857
sup,A1721,A1590
sup,A1721,A106
sup,A1721,A1066
sup,A1721,A936
sup,A1721,A1287
sup,A1721,A1805
sup,A1721,A2330
sup,A1721,A866
sup,A1721,A2159
sup,A1721,A203
sup,A1721,A1122
sup,A1721,A1328
sup,A1721,A1307
sup,A1721,A2023
sup,A1721,A2518
sup,A1721,A18
sup,A1721,A2185
sup,A1721,A1254
sup,A1722,A862
sup,A1722,A1654
sup,A1722,A2315
sup,A1722,A1626
sup,A1722,A577
sup,A1722,A774
sup,A1722,A2271
sup,A1722,A980
sup,A1722,A299
sup,A1722,A1122
sup,A1722,A1091
sup,A1722,A2154
sup,A1722,A2099
sup,A1722,A1716
sup,A1722,A475
sup,A1722,A1186
sup,A1722,A2067
sup,A1722,A528
sup,A1723,A1639
sup,A1723,A1548
sup,A1723,A2413
sup,A1723,A1694
sup,A1723,A1543
sup,A1723,A1959
sup,A1723,A464
sup,A1723,A359
sup,A1723,A2056
sup,A1723,A1578
sup,A1723,A265
sup,A1723,A2163
sup,A1723,A1492
sup,A1723,A1435
sup,A1723,A1569
sup,A1723,A790
sup,A1723,A167
sup,A1723,A1253
sup,A1723,A1137
sup,A1723,A1113
sup,A1724,A618
sup,A1724,A447
sup,A1724,A467
sup,A1724,A875
sup,A1724,A947
sup,A1724,A188
sup,A1724,A2679
sup,A1724,A739
sup,A1724,A697
sup,A1724,A1410
sup,A1724,A2672
sup,A1724,A2596
sup,A1724,A2071
sup,A1724,A416
sup,A1724,A1961
sup,A1724,A899
sup,A1724,A644
sup,A1724,A2224
sup,A1724,A2088
sup,A1724,A2150
sup,A1729,A2304
sup,A1729,A1484
sup,A1729,A962
sup,A1729,A1447
sup,A1729,A868
sup,A1729,A2293
sup,A1729,A2567
sup,A1729,A1132
sup,A1729,A1093
sup,A1729,A2455
sup,A1729,A594
sup,A1729,A2105
sup,A1729,A668
sup,A1729,A2389
sup,A1729,A1254
sup,A1729,A2266
sup,A1729,A1551
sup,A1729,A857
sup,A1729,A2360
sup,A1729,A2249
sup,A1729,A1553
sup,A1729,A1030
sup,A1729,A1338
sup,A1729,A2751
sup,A1731,A903
sup,A1731,A2507
sup,A1731,A828
sup,A1731,A1220
sup,A1731,A2129
sup,A1731,A1876
sup,A1731,A911
sup,A1731,A1885
sup,A1731,A609
sup,A1731,A2069
sup,A1731,A1759
sup,A1731,A60
sup,A1731,A1326
sup,A1731,A612
sup,A1731,A1161
sup,A1731,A197
sup,A1731,A1722
sup,A1731,A2322
sup,A1731,A763
sup,A1731,A1358
sup,A1731,A293
sup,A1731,A1950
sup,A1731,A41
sup,A1731,A1690
sup,A1731,A2288
sup,A1731,A499
sup,A1732,A211
sup,A1732,A304
sup,A1732,A637
sup,A1732,A617
sup,A1732,A2664
sup,A1732,A1275
sup,A1732,A1519
sup,A1735,A2143
sup,A1735,A30
sup,A1735,A1030
sup,A1737,A496
sup,A1737,A1639
sup,A1737,A875
sup,A1737,A2173
sup,A1737,A321
sup,A1737,A239
sup,A1737,A754
sup,A1743,A1216
sup,A1743,A997
sup,A1743,A2094
sup,A1743,A2604
sup,A1743,A350
sup,A1743,A1399
sup,A1743,A2304
sup,A1744,A268
sup,A1744,A288
sup,A1745,A873
sup,A1745,A274
sup,A1745,A570
sup,A1745,A997
sup,A1745,A1244
sup,A1745,A2398
sup,A1745,A267
sup,A1745,A1521
sup,A1745,A623
sup,A1745,A148
sup,A1745,A1198
sup,A1745,A1973
sup,A1745,A1299
sup,A1745,A898
sup,A1746,A2162
sup,A1746,A611
sup,A1746,A571
sup,A1746,A425
sup,A1746,A1630
sup,A1746,A783
sup,A1746,A525
sup,A1746,A1960
sup,A1746,A1119
sup,A1746,A1055
sup,A1746,A259
sup,A1746,A2255
sup,A1746,A1649
sup,A1750,A80
sup,A1750,A1427
sup,A1752,A1157
sup,A1752,A571
sup,A1752,A1266
sup,A1752,A2144
sup,A1752,A1495
sup,A1752,A2401
sup,A1752,A792
sup,A1752,A1193
sup,A1752,A2513
sup,A1752,A1396
sup,A1752,A2189
sup,A1752,A819
sup,A1752,A440
sup,A1752,A2708
sup,A1752,A2186
sup,A1752,A750
sup,A1752,A1211
sup,A1752,A1486
sup,A1752,A215
sup,A1754,A564
sup,A1754,A2160
sup,A1754,A1222
sup,A1754,A1617
sup,A1754,A1264
sup,A1754,A724
sup,A1754,A2151
sup,A1754,A1402
sup,A1754,A2396
sup,A1754,A2351
sup,A1754,A467
sup,A1754,A2661
sup,A1754,A931
sup,A1754,A858
sup,A1754,A599
sup,A1758,A993
sup,A1758,A294
sup,A1758,A206
sup,A1758,A1285
sup,A1758,A1496
sup,A1758,A1795
sup,A1758,A783
sup,A1758,A1224
sup,A1758,A2327
sup,A1758,A2487
sup,A1758,A2276
sup,A1758,A2133
sup,A1758,A2619
sup,A1758,A1844
sup,A1758,A1799
sup,A1759,A2319
sup,A1759,A2164
sup,A1759,A958
sup,A1759,A1106
sup,A1759,A2266
sup,A1759,A442
sup,A1762,A1003
sup,A1762,A1940
sup,A1762,A653
sup,A1762,A456
sup,A1762,A2302
sup,A1762,A2299
sup,A1762,A2755
sup,A1762,A2105
sup,A1762,A2305
sup,A1762,A2058
sup,A1762,A896
sup,A1762,A892
sup,A1762,A1789
sup,A1762,A1822
sup,A1762,A427
sup,A1762,A1755
sup,A1762,A2219
sup,A1762,A364
sup,A1762,A796
sup,A1762,A924
sup,A1762,A1600
sup,A1762,A256
sup,A1762,A2431
sup,A1762,A429
sup,A1762,A1195
sup,A1762,A2666
sup,A1762,A1035
sup,A1762,A1920
sup,A1762,A2490
sup,A1764,A1441
sup,A1764,A5
sup,A1764,A310
sup,A1765,A108
sup,A1765,A1077
sup,A1765,A98
sup,A1765,A2230
sup,A1765,A1701
sup,A1765,A825
sup,A1765,A2053
sup,A1765,A791
sup,A1765,A1505
sup,A1765,A132
sup,A1765,A1485
sup,A1765,A849
sup,A1765,A376
sup,A1765,A1388
sup,A1765,A2106
sup,A1765,A2728
sup,A1765,A1251
sup,A1765,A2144
sup,A1765,A2374
sup,A1765,A2395
sup,A1765,A2782
sup,A1765,A2358
sup,A1766,A2229
sup,A1766,A203
sup,A1766,A1569
sup,A1766,A54
sup,A1766,A1350
sup,A1766,A536
sup,A1766,A1970
sup,A1766,A1751
sup,A1766,A1149
sup,A1768,A2267
sup,A1768,A2020
sup,A1768,A618
sup,A1770,A2439
sup,A1770,A450
sup,A1770,A1146
sup,A1770,A1254
sup,A1771,A551
sup,A1771,A2398
sup,A1771,A1830
sup,A1771,A841
sup,A1771,A139
sup,A1771,A2189
sup,A1771,A1923
sup,A1771,A2538
sup,A1771,A1577
sup,A1771,A1395
sup,A1771,A1050
sup,A1771,A19
sup,A1771,A871
sup,A1771,A2107
sup,A1771,A2302
sup,A1771,A2168
sup,A1771,A765
sup,A1771,A1299
sup,A1771,A584
sup,A1771,A1563
sup,A1771,A38
sup,A1771,A239
sup,A1776,A471
sup,A1776,A913
sup,A1776,A1310
sup,A1776,A1705
sup,A1776,A91
sup,A1776,A2052
sup,A1777,A2638
sup,A1777,A2274
sup,A1777,A458
sup,A1777,A511
sup,A1777,A2221
sup,A1777,A2563
sup,A1777,A640
sup,A1777,A994
sup,A1777,A235
sup,A1779,A2496
sup,A1779,A997
sup,A1779,A452
sup,A1779,A116
sup,A1779,A731
sup,A1779,A1838
sup,A1779,A339
sup,A1779,A2473
sup,A1779,A149
sup,A1779,A2545
sup,A1779,A496
sup,A1779,A1250
sup,A1779,A357
sup,A1779,A804
sup,A1781,A2189
sup,A1781,A416
sup,A1781,A2057
sup,A1781,A377
sup,A1781,A474
sup,A1783,A368
sup,A1783,A494
sup,A1783,A505
sup,A1783,A1327
sup,A1783,A2482
sup,A1783,A696
sup,A1783,A2402
sup,A1783,A2334
sup,A1783,A2025
sup,A1783,A1786
sup,A1783,A1265
sup,A1783,A947
sup,A1783,A860
sup,A1783,A1684
sup,A1783,A2227
sup,A1783,A644
sup,A1785,A1856
sup,A1785,A1444
sup,A1785,A581
sup,A1786,A2481
sup,A1786,A1887
sup,A1786,A2179
sup,A1786,A1314
sup,A1786,A139
sup,A1786,A1732
sup,A1786,A1436
sup,A1786,A243
sup,A1786,A1490
sup,A1786,A2739
sup,A1786,A557
sup,A1786,A1639
sup,A1786,A2372
sup,A1786,A246
sup,A1786,A404
sup,A1786,A540
sup,A1786,A1930
sup,A1787,A1041
sup,A1787,A756
sup,A1787,A2059
sup,A1787,A914
sup,A1787,A973
sup,A1787,A206
sup,A1787,A524
sup,A1787,A874
sup,A1787,A1567
sup,A1787,A2222
sup,A1787,A73
sup,A1787,A2156
sup,A1787,A6
sup,A1787,A1780
sup,A1787,A270
sup,A1787,A786
sup,A1787,A328
sup,A1787,A2027
sup,A1787,A2109
sup,A1787,A2028
sup,A1787,A1304
sup,A1787,A1635
sup,A1787,A728
sup,A1787,A1678
sup,A1787,A406
sup,A1787,A1437
sup,A1789,A1063
sup,A1789,A957
sup,A1789,A592
sup,A1789,A655
sup,A1789,A948
sup,A1789,A1441
sup,A1789,A1209
sup,A1789,A959
sup,A1789,A1939
sup,A1789,A2344
sup,A1789,A1097
sup,A1789,A617
sup,A1789,A872
sup,A1789,A2782
sup,A1789,A323
sup,A1789,A1489
sup,A1789,A183
sup,A1789,A2214
sup,A1789,A1000
sup,A1789,A2552
sup,A1789,A1283
sup,A1789,A1563
sup,A1789,A1250
sup,A1789,A799
sup,A1789,A167
sup,A1789,A1234
sup,A1790,A2559
sup,A1790,A2377
sup,A1790,A2302
sup,A1790,A2032
sup,A1790,A597
sup,A1790,A594
sup,A1790,A857
sup,A1790,A2151
sup,A1790,A1133
sup,A1793,A1729
sup,A1793,A918
sup,A1793,A1489
sup,A1793,A2761
sup,A1793,A1004
sup,A1793,A912
sup,A1793,A1638
sup,A1793,A1163
sup,A1793,A1835
sup,A1793,A1046
sup,A1793,A2422
sup,A1793,A158
sup,A1793,A441
sup,A1793,A62
sup,A1798,A2286
sup,A1798,A1403
sup,A1798,A1039
sup,A1798,A1425
sup,A1798,A786
sup,A1798,A2327
sup,A1799,A2294
sup,A1799,A80
sup,A1799,A581
sup,A1799,A1609
sup,A1799,A1027
sup,A1799,A936
sup,A1799,A2130
sup,A1799,A2055
sup,A1799,A795
sup,A1799,A1095
sup,A1799,A2283
sup,A1799,A1155
sup,A1801,A1680
sup,A1801,A166
sup,A1801,A1698
sup,A1801,A1476
sup,A1801,A2241
sup,A1802,A594
sup,A1802,A2451
sup,A1802,A1799
sup,A1802,A46
sup,A1802,A799
sup,A1802,A2397
sup,A1802,A1077
sup,A1802,A2439
sup,A1802,A2064
sup,A1802,A372
sup,A1802,A2623
sup,A1802,A2237
sup,A1802,A308
sup,A1802,A313
sup,A1802,A2747
sup,A1802,A986
sup,A1802,A409
sup,A1802,A2147
sup,A1802,A418
sup,A1802,A478
sup,A1802,A2306
sup,A1802,A784
sup,A1802,A1476
sup,A1805,A130
sup,A1805,A1799
sup,A1805,A99
sup,A1805,A1707
sup,A1805,A2621
sup,A1806,A1485
sup,A1806,A1383
sup,A1806,A2097
sup,A1806,A2793
sup,A1806,A33
sup,A1807,A261
sup,A1807,A2494
sup,A1807,A753
sup,A1807,A1244
sup,A1807,A1412
sup,A1807,A727
sup,A1807,A213
sup,A1807,A2627
sup,A1807,A1017
sup,A1807,A31
sup,A1807,A327
sup,A1807,A908
sup,A1807,A1992
sup,A1807,A896
sup,A1807,A2146
sup,A1807,A2416
sup,A1807,A2537
sup,A1807,A2008
sup,A1807,A617
sup,A1807,A571
sup,A1807,A2217
sup,A1807,A1094
sup,A1807,A244
sup,A1807,A2153
sup,A1810,A353
sup,A1810,A2142
sup,A1810,A2296
sup,A1810,A488
sup,A1810,A356
sup,A1810,A1264
sup,A1810,A2441
sup,A1810,A1361
sup,A1810,A1970
sup,A1810,A2254
sup,A1810,A471
sup,A1810,A2156
sup,A1810,A1303
sup,A1810,A920
sup,A1810,A919
sup,A1810,A970
sup,A1810,A1522
sup,A1810,A892
sup,A1810,A1876
sup,A1810,A1712
sup,A1811,A1947
sup,A1813,A1995
sup,A1813,A355
sup,A1813,A667
sup,A1813,A266
sup,A1813,A410
sup,A1813,A2423
sup,A1813,A2591
sup,A1813,A1772
sup,A1813,A670
sup,A1813,A2528
sup,A1813,A732
sup,A1813,A745
sup,A1813,A1571
sup,A1813,A1500
sup,A1813,A2051
sup,A1813,A2234
sup,A1813,A2232
sup,A1813,A509
sup,A1814,A1823
sup,A1814,A1757
sup,A1814,A1628
sup,A1814,A2228
sup,A1817,A1068
sup,A1817,A1416
sup,A1817,A1858
sup,A1817,A2660
sup,A1817,A243
sup,A1817,A2312
sup,A1817,A2362
sup,A1817,A2257
sup,A1817,A1200
sup,A1818,A1995
sup,A1818,A171
sup,A1818,A619
sup,A1818,A768
sup,A1818,A2405
sup,A1818,A1915
sup,A1818,A390
sup,A1818,A1814
sup,A1818,A1202
sup,A1818,A915
sup,A1818,A2727
sup,A1818,A1039
sup,A1819,A2546
sup,A1819,A1704
sup,A1819,A538
sup,A1819,A1102
sup,A1819,A635
sup,A1819,A823
sup,A1819,A778
sup,A1819,A713
sup,A1819,A1936
sup,A1819,A257
sup,A1819,A2257
sup,A1819,A1
sup,A1819,A622
sup,A1819,A708
sup,A1819,A1060
sup,A1819,A1083
sup,A1819,A2351
sup,A1821,A2523
sup,A1821,A1696
sup,A1821,A561
sup,A1821,A2154
sup,A1821,A685
sup,A1822,A1664
sup,A1822,A202
sup,A1822,A1613
sup,A1822,A775
sup,A1822,A748
sup,A1822,A228
sup,A1822,A123
sup,A1822,A2592
sup,A1822,A1862
sup,A1822,A1946
sup,A1822,A1504
sup,A1822,A2155
sup,A1822,A2161
sup,A1822,A71
sup,A1822,A2728
sup,A1822,A1458
sup,A1822,A1185
sup,A1822,A885
sup,A1822,A2270
sup,A1822,A2646
sup,A1822,A1357
sup,A1822,A2062
sup,A1822,A36
sup,A1822,A2463
sup,A1822,A243
sup,A1822,A363
sup,A1822,A2122
sup,A1822,A2349
sup,A1822,A2292
sup,A1822,A1595
sup,A1822,A2118
sup,A1822,A2598
sup,A1822,A58
sup,A1823,A1913
sup,A1823,A2485
sup,A1823,A37
sup,A1823,A13
sup,A1823,A1745
sup,A1823,A2775
sup,A1823,A2746
sup,A1823,A2241
sup,A1823,A1599
sup,A1823,A2061
sup,A1823,A473
sup,A1823,A2097
sup,A1825,A1103
sup,A1825,A751
sup,A1825,A1988
sup,A1825,A858
sup,A1825,A1816
sup,A1825,A561
sup,A1825,A2443
sup,A1825,A948
sup,A1825,A2731
sup,A1825,A125
sup,A1825,A0
sup,A1825,A2633
sup,A1825,A845
sup,A1825,A779
sup,A1825,A1914
sup,A1825,A1829
sup,A1826,A6
sup,A1826,A2193
sup,A1826,A702
sup,A1826,A1460
sup,A1826,A2685
sup,A1826,A2222
sup,A1826,A202
sup,A1826,A2009
sup,A1826,A1215
sup,A1826,A2737
sup,A1826,A1511
sup,A1826,A1143
sup,A1826,A2217
sup,A1826,A1289
sup,A1826,A2440
sup,A1826,A959
sup,A1826,A1608
sup,A1826,A1629
sup,A1826,A1486
sup,A1826,A37
sup,A1826,A773
sup,A1826,A186
sup,A1826,A1860
sup,A1826,A450
sup,A1827,A2532
sup,A1827,A1758
sup,A1827,A839
sup,A1827,A1874
sup,A1827,A1671
sup,A1827,A1908
sup,A1827,A319
sup,A1827,A672
sup,A1827,A2530
sup,A1827,A76
sup,A1827,A796
sup,A1827,A2416
sup,A1827,A736
sup,A1827,A1611
sup,A1827,A65
sup,A1827,A1393
sup,A1827,A55
sup,A1827,A2086
sup,A1827,A1497
sup,A1827,A127
sup,A1828,A219
sup,A1835,A1121
sup,A1835,A1260
sup,A1835,A973
sup,A1835,A965
sup,A1835,A2122
sup,A1835,A2460
sup,A1835,A69
sup,A1835,A1670
sup,A1835,A278
sup,A1835,A1751
sup,A1835,A204
sup,A1835,A2126
sup,A1835,A10
sup,A1835,A1693
sup,A1835,A231
sup,A1835,A1351
sup,A1835,A933
sup,A1836,A2476
sup,A1836,A1985
sup,A1836,A2178
sup,A1837,A2449
sup,A1837,A1281
sup,A1837,A2794
sup,A1837,A142
sup,A1837,A490
sup,A1837,A2456
sup,A1837,A905
sup,A1837,A458
sup,A1837,A2532
sup,A1837,A2562
sup,A1837,A1282
sup,A1837,A2298
sup,A1837,A414
sup,A1837,A1827
sup,A1837,A906
sup,A1837,A999
sup,A1837,A361
sup,A1837,A856
sup,A1837,A40
sup,A1837,A1217
sup,A1837,A988
sup,A1837,A787
sup,A1837,A1390
sup,A1837,A1022
sup,A1837,A2775
sup,A1838,A2475
sup,A1838,A1279
sup,A1838,A606
sup,A1838,A2633
sup,A1838,A282
sup,A1838,A766
sup,A1838,A1240
sup,A1838,A296
sup,A1838,A2474
sup,A1838,A1665
sup,A1838,A120
sup,A1838,A2203
sup,A1838,A825
sup,A1838,A2793
sup,A1840,A676
sup,A1840,A2707
sup,A1841,A502
sup,A1841,A1871
sup,A1841,A1814
sup,A1841,A1610
sup,A1841,A513
sup,A1841,A683
sup,A1841,A523
sup,A1841,A2446
sup,A1841,A1342
sup,A1841,A1802
sup,A1845,A2311
sup,A1845,A2716
sup,A1845,A1904
sup,A1845,A2736
sup,A1845,A753
sup,A1845,A82
sup,A1845,A1037
sup,A1845,A2325
sup,A1845,A2674
sup,A1845,A2096
sup,A1845,A33
sup,A1845,A1777
sup,A1845,A2614
sup,A1845,A1863
sup,A1845,A518
sup,A1845,A2731
sup,A1845,A2200
sup,A1845,A2286
sup,A1845,A542
sup,A1845,A19
sup,A1845,A2102
sup,A1845,A1662
sup,A1845,A2048
sup,A1845,A354
sup,A1845,A2157
sup,A1845,A2550
sup,A1845,A114
sup,A1845,A948
sup,A1845,A1122
sup,A1846,A705
sup,A1846,A1395
sup,A1846,A2707
sup,A1846,A1975
sup,A1846,A897
sup,A1846,A2641
sup,A1846,A1473
sup,A1846,A2771
sup,A1846,A125
sup,A1846,A1515
sup,A1846,A1631
sup,A1846,A1237
sup,A1846,A2091
sup,A1846,A246
sup,A1846,A2257
sup,A1848,A2126
sup,A1848,A356
sup,A1848,A2193
sup,A1848,A2597
sup,A1848,A817
sup,A1848,A2702
sup,A1848,A1569
sup,A1848,A1756
sup,A1848,A959
sup,A1848,A358
sup,A1848,A1149
sup,A1848,A1339
sup,A1848,A640
sup,A1848,A2324
sup,A1848,A2204
sup,A1848,A2611
sup,A1848,A210
sup,A1848,A942
sup,A1848,A1396
sup,A1848,A13
sup,A1848,A1406
sup,A1848,A1866
sup,A1848,A662
sup,A1848,A998
sup,A1848,A2791
sup,A1848,A851
sup,A1848,A1288
sup,A1848,A1810
sup,A1848,A2321
sup,A1848,A997
sup,A1850,A2069
sup,A1850,A955
sup,A1850,A1438
sup,A1850,A1035
sup,A1850,A1747
sup,A1850,A2700
sup,A1850,A902
sup,A1854,A2307
sup,A1854,A989
sup,A1854,A1833
sup,A1854,A2144
sup,A1854,A2677
sup,A1854,A2463
sup,A1854,A2185
sup,A1856,A1351
sup,A1856,A2224
sup,A1856,A2043
sup,A1857,A1542
sup,A1857,A398
sup,A1857,A2279
sup,A1857,A755
sup,A1857,A2431
sup,A1857,A1172
sup,A1857,A783
sup,A1857,A2078
sup,A1857,A1695
sup,A1857,A2519
sup,A1857,A1671
sup,A1857,A200
sup,A1857,A1746
sup,A1857,A2584
sup,A1857,A1891
sup,A1857,A1247
sup,A1857,A434
sup,A1857,A595
sup,A1857,A1610
sup,A1857,A1281
sup,A1857,A114
sup,A1857,A859
sup,A1857,A1378
sup,A1861,A821
sup,A1861,A2301
sup,A1861,A1826
sup,A1861,A353
sup,A1861,A121
sup,A1861,A1304
sup,A1861,A905
sup,A1861,A149
sup,A1861,A2175
sup,A1861,A2074
sup,A1861,A1461
sup,A1864,A2331
sup,A1864,A55
sup,A1864,A45
sup,A1864,A1147
sup,A1864,A647
sup,A1864,A945
sup,A1864,A1687
sup,A1864,A2466
sup,A1864,A1804
sup,A1864,A1499
sup,A1864,A1327
sup,A1864,A978
sup,A1864,A2186
sup,A1864,A2599
sup,A1864,A5
sup,A1864,A795
sup,A1866,A1948
sup,A1866,A763
sup,A1869,A2690
sup,A1869,A1014
sup,A1869,A2346
sup,A1869,A229
sup,A1869,A649
sup,A1869,A1543
sup,A1869,A2048
sup,A1869,A2558
sup,A1869,A425
sup,A1869,A1026
sup,A1869,A2352
sup,A1869,A1821
sup,A1869,A640
sup,A1869,A114
sup,A1870,A2421
sup,A1870,A2206
sup,A1870,A1930
sup,A1870,A2529
sup,A1870,A2546
sup,A1870,A186
sup,A1870,A1107
sup,A1870,A2165
sup,A1870,A2007
sup,A1870,A1530
sup,A1870,A1279
sup,A1870,A672
sup,A1870,A924
sup,A1870,A401
sup,A1870,A978
sup,A1870,A2597
sup,A1871,A1423
sup,A1871,A962
sup,A1871,A1983
sup,A1871,A2799
sup,A1871,A147
sup,A1871,A1781
sup,A1871,A1111
sup,A1871,A1760
sup,A1871,A877
sup,A1871,A1950
sup,A1871,A639
sup,A1871,A1798
sup,A1871,A478
sup,A1871,A1032
sup,A1871,A1913
sup,A1871,A2417
sup,A1871,A1513
sup,A1871,A2475
sup,A1871,A728
sup,A1871,A1031
sup,A1871,A1586
sup,A1871,A1438
sup,A1871,A579
sup,A1871,A1503
sup,A1871,A2182
sup,A1871,A1731
sup,A1871,A2092
sup,A1871,A2555
sup,A1871,A1374
sup,A1871,A1847
sup,A1873,A2059
sup,A1874,A1859
sup,A1875,A1431
sup,A1875,A2430
sup,A1875,A2127
sup,A1875,A1013
sup,A1875,A2342
sup,A1875,A2770
sup,A1875,A2400
sup,A1875,A1727
sup,A1875,A1241
sup,A1875,A2260
sup,A1876,A1832
sup,A1876,A1050
sup,A1876,A40
sup,A1876,A2790
sup,A1876,A2460
sup,A1876,A2119
sup,A1876,A30
sup,A1876,A2391
sup,A1876,A814
sup,A1876,A1531
sup,A1876,A263
sup,A1876,A150
sup,A1877,A1082
sup,A1877,A1589
sup,A1877,A725
sup,A1877,A947
sup,A1877,A197
sup,A1877,A2132
sup,A1877,A986
sup,A1877,A1661
sup,A1877,A490
sup,A1877,A1242
sup,A1877,A1143
sup,A1877,A1567
sup,A1877,A2496
sup,A1881,A676
sup,A1881,A1097
sup,A1881,A2443
sup,A1881,A1288
sup,A1881,A2784
sup,A1881,A2129
sup,A1881,A1316
sup,A1881,A1348
sup,A1881,A667
sup,A1881,A1977
sup,A1881,A663
sup,A1881,A403
sup,A1881,A1612
sup,A1881,A730
sup,A1881,A1645
sup,A1881,A2300
sup,A1881,A206
sup,A1881,A1546
sup,A1881,A921
sup,A1881,A1901
sup,A1881,A2674
sup,A1881,A1542
sup,A1881,A342
sup,A1881,A261
sup,A1881,A268
sup,A1882,A2749
sup,A1882,A523
sup,A1882,A278
sup,A1882,A2726
sup,A1882,A1080
sup,A1883,A1894
sup,A1883,A1725
sup,A1885,A1761
sup,A1885,A2447
sup,A1885,A1178
sup,A1885,A1697
sup,A1885,A746
sup,A1885,A1494
sup,A1885,A735
sup,A1887,A252
sup,A1887,A1030
sup,A1887,A1495
sup,A1889,A748
sup,A1889,A520
sup,A1889,A1380
sup,A1889,A1340
sup,A1889,A1155
sup,A1889,A1659
sup,A1891,A2773
sup,A1891,A2323
sup,A1895,A312
sup,A1895,A2798
sup,A1895,A1564
sup,A1895,A2400
sup,A1895,A1478
sup,A1895,A690
sup,A1895,A995
sup,A1895,A1838
sup,A1895,A1094
sup,A1895,A610
sup,A1895,A2603
sup,A1895,A2162
sup,A1895,A2588
sup,A1895,A122
sup,A1895,A1703
sup,A1895,A0
sup,A1895,A2169
sup,A1895,A1233
sup,A1896,A1293
sup,A1896,A540
sup,A1896,A942
sup,A1896,A2407
sup,A1896,A2770
sup,A1896,A1335
sup,A1896,A2379
sup,A1896,A2132
sup,A1897,A1210
sup,A1897,A923
sup,A1897,A171
sup,A1897,A2264
sup,A1897,A2616
sup,A1905,A563
sup,A1905,A2757
sup,A1905,A2709
sup,A1905,A852
sup,A1905,A1367
sup,A1905,A1372
sup,A1905,A1889
sup,A1905,A2626
sup,A1905,A2791
sup,A1905,A1795
sup,A1905,A230
sup,A1905,A523
sup,A1905,A1023
sup,A1905,A1214
sup,A1908,A1493
sup,A1908,A219
sup,A1908,A51
sup,A1908,A1676
sup,A1908,A2385
sup,A1908,A2275
sup,A1908,A1647
sup,A1908,A1852
sup,A1909,A1257
sup,A1909,A2119
sup,A1909,A2226
sup,A1909,A2719
sup,A1909,A679
sup,A1909,A133
sup,A1909,A2237
sup,A1909,A838
sup,A1909,A1374
sup,A1912,A616
sup,A1912,A777
sup,A1912,A677
sup,A1912,A795
sup,A1912,A2262
sup,A1912,A625
sup,A1912,A568
sup,A1914,A951
sup,A1914,A423
sup,A1914,A2417
sup,A1914,A1495
sup,A1914,A782
sup,A1914,A42
sup,A1914,A2413
sup,A1914,A213
sup,A1914,A417
sup,A1914,A2427
sup,A1914,A2370
sup,A1914,A517
sup,A1914,A231
sup,A1914,A381
sup,A1914,A2461
sup,A1914,A2575
sup,A1914,A901
sup,A1914,A2490
sup,A1914,A1046
sup,A1914,A1713
sup,A1914,A1865
sup,A1914,A163
sup,A1914,A185
sup,A1914,A1784
sup,A1915,A658
sup,A1915,A917
sup,A1915,A1525
sup,A1915,A1420
sup,A1915,A1591
sup,A1915,A2339
sup,A1915,A1456
sup,A1915,A2655
sup,A1915,A1372
sup,A1915,A779
sup,A1915,A1399
sup,A1915,A5
sup,A1915,A952
sup,A1915,A922
sup,A1915,A1218
sup,A1915,A267
sup,A1915,A2150
sup,A1915,A2415
sup,A1915,A2246
sup,A1915,A1880
sup,A1915,A1273
sup,A1915,A2632
sup,A1915,A2324
sup,A1915,A572
sup,A1919,A2775
sup,A1919,A661
sup,A1919,A2125
sup,A1919,A1375
sup,A1919,A2709
sup,A1919,A2176
sup,A1919,A1606
sup,A1922,A660
sup,A1922,A1382
sup,A1922,A1669
sup,A1922,A2003
sup,A1922,A4
sup,A1922,A1184
sup,A1923,A2470
sup,A1923,A1020
sup,A1923,A1144
sup,A1923,A1307
sup,A1923,A128
sup,A1923,A1106
sup,A1923,A907
sup,A1923,A2205
sup,A1923,A184
sup,A1923,A1844
sup,A1923,A2386
sup,A1923,A2519
sup,A1925,A1729
sup,A1925,A2580
sup,A1925,A2125
sup,A1925,A1431
sup,A1925,A1676
sup,A1925,A1381
sup,A1925,A1932
sup,A1925,A1415
sup,A1925,A2341
sup,A1925,A2630
sup,A1925,A2395
sup,A1925,A1154
sup,A1926,A157
sup,A1926,A10
sup,A1926,A579
sup,A1926,A2602
sup,A1926,A922
sup,A1926,A2002
sup,A1928,A1424
sup,A1928,A2140
sup,A1928,A1767
sup,A1928,A1241
sup,A1928,A893
sup,A1928,A1031
sup,A1928,A181
sup,A1928,A1192
sup,A1928,A88
sup,A1928,A1362
sup,A1928,A1870
sup,A1928,A2071
sup,A1928,A1878
sup,A1928,A858
sup,A1928,A1458
sup,A1928,A40
sup,A1928,A1406
sup,A1928,A2218
sup,A1928,A2413
sup,A1930,A708
sup,A1930,A846
sup,A1930,A346
sup,A1930,A363
sup,A1930,A1873
sup,A1930,A2099
sup,A1930,A295
sup,A1930,A1455
sup,A1930,A1916
sup,A1930,A762
sup,A1930,A2554
sup,A1930,A1000
sup,A1930,A1018
sup,A1930,A869
sup,A1930,A1352
sup,A1930,A2281
sup,A1930,A492
sup,A1931,A2526
sup,A1931,A2793
sup,A1931,A1628
sup,A1931,A2540
sup,A1931,A371
sup,A1931,A2211
sup,A1931,A2313
sup,A1931,A2194
sup,A1933,A499
sup,A1933,A1651
sup,A1933,A1397
sup,A1933,A1654
sup,A1933,A118
sup,A1933,A1423
sup,A1933,A2111
sup,A1933,A1841
sup,A1933,A848
sup,A1933,A281
sup,A1933,A431
sup,A1933,A1415
sup,A1933,A1141
sup,A1933,A574
sup,A1933,A973
sup,A1933,A2083
sup,A1933,A2587
sup,A1933,A1685
sup,A1933,A750
sup,A1933,A1279
sup,A1933,A2530
sup,A1933,A424
sup,A1933,A478
sup,A1933,A947
sup,A1933,A2271
sup,A1933,A26
sup,A1933,A1144
sup,A1933,A925
sup,A1933,A2451
sup,A1933,A405
sup,A1933,A9
sup,A1933,A440
sup,A1934,A622
sup,A1934,A1879
sup,A1934,A2393
sup,A1934,A1647
sup,A1934,A2430
sup,A1934,A1003
sup,A1934,A1262
sup,A1934,A1929
sup,A1934,A2796
sup,A1936,A576
sup,A1936,A263
sup,A1936,A1226
sup,A1936,A724
sup,A1936,A1774
sup,A1936,A1744
sup,A1936,A2754
sup,A1936,A1673
sup,A1936,A2441
sup,A1936,A1091
sup,A1936,A1123
sup,A1936,A2638
sup,A1936,A1216
sup,A1936,A1719
sup,A1936,A2720
sup,A1936,A520
sup,A1936,A1907
sup,A1936,A1323
sup,A1938,A2384
sup,A1938,A155
sup,A1938,A2798
sup,A1938,A1838
sup,A1941,A1410
sup,A1941,A1536
sup,A1941,A1741
sup,A1941,A2387
sup,A1941,A1681
sup,A1941,A1302
sup,A1942,A661
sup,A1942,A230
sup,A1942,A359
sup,A1942,A2488
sup,A1942,A1218
sup,A1942,A653
sup,A1942,A2353
sup,A1942,A1359
sup,A1942,A1001
sup,A1942,A377
sup,A1942,A878
sup,A1942,A776
sup,A1942,A59
sup,A1942,A1193
sup,A1942,A202
sup,A1942,A1442
sup,A1943,A2719
sup,A1943,A2772
sup,A1943,A2268
sup,A1943,A494
sup,A1943,A1545
sup,A1943,A1157
sup,A1943,A2418
sup,A1943,A533
sup,A1943,A856
sup,A1943,A1662
sup,A1943,A1047
sup,A1943,A1609
sup,A1943,A1804
sup,A1943,A1613
sup,A1943,A83
sup,A1943,A2035
sup,A1943,A2162
sup,A1943,A50
sup,A1943,A5
sup,A1943,A1222
sup,A1943,A2190
sup,A1944,A2099
sup,A1944,A1840
sup,A1944,A2200
sup,A1944,A1010
sup,A1944,A2385
sup,A1944,A2381
sup,A1944,A632
sup,A1944,A171
sup,A1944,A1113
sup,A1944,A2517
sup,A1944,A1363
sup,A1944,A1246
sup,A1944,A2422
sup,A1944,A1650
sup,A1944,A2332
sup,A1944,A1706
sup,A1944,A2724
sup,A1944,A314
sup,A1944,A564
sup,A1944,A2261
sup,A1946,A789
sup,A1946,A156
sup,A1946,A1759
sup,A1946,A2003
sup,A1946,A581
sup,A1946,A1190
sup,A1946,A2487
sup,A1946,A1143
sup,A1946,A905
sup,A1946,A2562
sup,A1946,A1561
sup,A1946,A393
sup,A1946,A2685
sup,A1946,A306
sup,A1946,A2170
sup,A1946,A2614
sup,A1946,A2564
sup,A1946,A1651
sup,A1946,A67
sup,A1946,A2508
sup,A1946,A1026
sup,A1946,A2262
sup,A1946,A1921
sup,A1946,A1073
sup,A1946,A423
sup,A1946,A410
sup,A1946,A2006
sup,A1946,A2039
sup,A1946,A535
sup,A1946,A20
sup,A1947,A707
sup,A1947,A2032
sup,A1947,A899
sup,A1947,A2242
sup,A1948,A451
sup,A1948,A1439
sup,A1948,A328
sup,A1948,A1134
sup,A1948,A1137
sup,A1948,A1079
sup,A1948,A1575
sup,A1948,A1397
sup,A1948,A542
sup,A1948,A1045
sup,A1948,A579
sup,A1948,A1510
sup,A1951,A2155
sup,A1951,A899
sup,A1951,A1814
sup,A1952,A2048
sup,A1952,A599
sup,A1952,A841
sup,A1952,A1154
sup,A1952,A1976
sup,A1952,A2063
sup,A1952,A2439
sup,A1952,A2083
sup,A1952,A2035
sup,A1952,A1606
sup,A1952,A2189
sup,A1952,A356
sup,A1952,A505
sup,A1952,A1636
sup,A1952,A506
sup,A1952,A1846
sup,A1952,A1805
sup,A1952,A1453
sup,A1952,A331
sup,A1952,A290
sup,A1952,A70
sup,A1952,A707
sup,A1954,A2031
sup,A1954,A241
sup,A1954,A2286
sup,A1954,A1099
sup,A1954,A1214
sup,A1954,A2625
sup,A1954,A1329
sup,A1954,A1898
sup,A1954,A1513
sup,A1955,A1474
sup,A1955,A2128
sup,A1955,A2584
sup,A1955,A809
sup,A1955,A2749
sup,A1955,A2340
sup,A1955,A2384
sup,A1955,A292
sup,A1955,A1424
sup,A1955,A2724
sup,A1958,A1286
sup,A1958,A702
sup,A1959,A914
sup,A1959,A1397
sup,A1959,A366
sup,A1959,A2613
sup,A1959,A1595
sup,A1959,A379
sup,A1959,A2397
sup,A1959,A135
sup,A1959,A1678
sup,A1961,A2730
sup,A1961,A1318
sup,A1961,A1327
sup,A1961,A2515
sup,A1961,A992
sup,A1961,A1030
sup,A1961,A874
sup,A1961,A1309
sup,A1961,A2461
sup,A1961,A1659
sup,A1961,A2331
sup,A1961,A346
sup,A1961,A1000
sup,A1961,A2497
sup,A1961,A1083
sup,A1961,A882
sup,A1961,A534
sup,A1961,A2516
sup,A1961,A2088
sup,A1961,A124
sup,A1961,A1861
sup,A1961,A1564
sup,A1964,A2628
sup,A1964,A481
sup,A1964,A434
sup,A1964,A2789
sup,A1964,A2137
sup,A1964,A2634
sup,A1964,A769
sup,A1964,A2195
sup,A1964,A1802
sup,A1964,A454
sup,A1964,A766
sup,A1964,A1153
sup,A1966,A941
sup,A1966,A2290
sup,A1972,A134
sup,A1972,A1769
sup,A1972,A1864
sup,A1972,A2205
sup,A1972,A1763
sup,A1972,A1146
sup,A1972,A1110
sup,A1972,A1520
sup,A1972,A2642
sup,A1972,A1658
sup,A1972,A2243
sup,A1972,A1781
sup,A1972,A130
sup,A1972,A1901
sup,A1972,A1619
sup,A1972,A61
sup,A1973,A2439
sup,A1973,A43
sup,A1973,A773
sup,A1973,A619
sup,A1973,A1973
sup,A1973,A795
sup,A1973,A1148
sup,A1973,A1655
sup,A1973,A659
sup,A1973,A2740
sup,A1973,A1244
sup,A1973,A772
sup,A1973,A1382
sup,A1973,A1022
sup,A1973,A678
sup,A1973,A270
sup,A1973,A1872
sup,A1973,A1833
sup,A1973,A241
sup,A1973,A1170
sup,A1973,A2408
sup,A1973,A202
sup,A1973,A1265
sup,A1973,A660
sup,A1973,A2747
sup,A1973,A761
sup,A1974,A1901
sup,A1974,A95
sup,A1974,A1081
sup,A1974,A1520
sup,A1974,A859
sup,A1975,A1642
sup,A1975,A1037
sup,A1975,A243
sup,A1975,A2676
sup,A1975,A1826
sup,A1975,A974
sup,A1975,A1961
sup,A1975,A2689
sup,A1975,A1360
sup,A1976,A2715
sup,A1976,A2161
sup,A1976,A1180
sup,A1976,A1000
sup,A1976,A1898
sup,A1976,A2188
sup,A1976,A1231
sup,A1976,A791
sup,A1976,A195
sup,A1976,A2025
sup,A1976,A47
sup,A1976,A1207
sup,A1976,A357
sup,A1976,A1795
sup,A1976,A2408
sup,A1977,A2170
sup,A1977,A2647
sup,A1977,A2097
sup,A1977,A1616
sup,A1977,A1255
sup,A1977,A1369
sup,A1977,A2483
sup,A1977,A850
sup,A1977,A180
sup,A1977,A1316
sup,A1977,A1225
sup,A1977,A96
sup,A1977,A503
sup,A1977,A826
sup,A1977,A1636
sup,A1979,A1560
sup,A1979,A2676
sup,A1979,A2028
sup,A1979,A1130
sup,A1979,A2205
sup,A1979,A1952
sup,A1979,A1498
sup,A1979,A504
sup,A1979,A1025
sup,A1979,A1208
sup,A1979,A2758
sup,A1979,A1480
sup,A1979,A2060
sup,A1979,A2615
sup,A1979,A877
sup,A1979,A647
sup,A1979,A2306
sup,A1979,A182
sup,A1979,A2636
sup,A1979,A1503
sup,A1979,A784
sup,A1979,A1640
sup,A1979,A288
sup,A1979,A2359
sup,A1979,A952
sup,A1979,A1919
sup,A1981,A1438
sup,A1981,A166
sup,A1981,A1057
sup,A1981,A182
sup,A1981,A1828
sup,A1981,A1102
sup,A1981,A2767
sup,A1981,A1529
sup,A1981,A2150
sup,A1981,A1706
sup,A1981,A296
sup,A1981,A1854
sup,A1981,A1766
sup,A1981,A168
sup,A1981,A1733
sup,A1981,A650
sup,A1981,A2383
sup,A1981,A68
sup,A1981,A1790
sup,A1981,A710
sup,A1981,A1927
sup,A1981,A1290
sup,A1982,A635
sup,A1982,A2282
sup,A1982,A417
sup,A1982,A317
sup,A1982,A2435
sup,A1982,A1296
sup,A1983,A1737
sup,A1983,A2744
sup,A1983,A806
sup,A1983,A428
sup,A1983,A2363
sup,A1983,A2030
sup,A1983,A1581
sup,A1983,A2464
sup,A1983,A863
sup,A1983,A1533
sup,A1983,A798
sup,A1983,A940
sup,A1983,A427
sup,A1983,A2286
sup,A1983,A2317
sup,A1983,A776
sup,A1984,A2262
sup,A1984,A2458
sup,A1984,A1436
sup,A1984,A852
sup,A1984,A2728
sup,A1984,A240
sup,A1984,A545
sup,A1984,A531
sup,A1984,A180
sup,A1984,A329
sup,A1984,A949
sup,A1984,A1838
sup,A1984,A267
sup,A1984,A480
sup,A1984,A927
sup,A1984,A2182
sup,A1984,A576
sup,A1984,A200
sup,A1984,A1237
sup,A1986,A1814
sup,A1986,A808
sup,A1986,A276
sup,A1986,A1959
sup,A1986,A1003
sup,A1991,A2687
sup,A1991,A2386
sup,A1991,A2727
sup,A1991,A2009
sup,A1991,A1095
sup,A1991,A1960
sup,A1991,A2568
sup,A1991,A2526
sup,A1991,A1794
sup,A1991,A1755
sup,A1991,A1321
sup,A1991,A2733
sup,A1991,A175
sup,A1991,A2031
sup,A1991,A801
sup,A1991,A207
sup,A1991,A1085
sup,A1991,A460
sup,A1991,A298
sup,A1992,A2382
sup,A1992,A2363
sup,A1992,A1579
sup,A1992,A1271
sup,A1992,A1077
sup,A1992,A1416
sup,A1992,A2019
sup,A1992,A791
sup,A1992,A1393
sup,A1992,A2738
sup,A1992,A2369
sup,A1992,A1552
sup,A1992,A261
sup,A1992,A1132
sup,A1992,A2794
sup,A1992,A1489
sup,A1992,A1180
sup,A1994,A795
sup,A1994,A791
sup,A1994,A2152
sup,A1994,A1427
sup,A1994,A1495
sup,A1994,A2092
sup,A1994,A1662
sup,A1994,A2483
sup,A1994,A2204
sup,A1994,A2756
sup,A1994,A516
sup,A1994,A2340
sup,A1994,A1837
sup,A1994,A1347
sup,A1994,A1895
sup,A1994,A2262
sup,A1994,A2136
sup,A1994,A2582
sup,A1994,A2355
sup,A1994,A859
sup,A1994,A93
sup,A1994,A2722
sup,A1994,A770
sup,A1994,A1102
sup,A1995,A564
sup,A1995,A2402
sup,A1995,A545
sup,A1995,A1001
sup,A1995,A965
sup,A1995,A759
sup,A1995,A2645
sup,A1995,A902
sup,A1995,A303
sup,A1995,A1301
sup,A1995,A175
sup,A1995,A1054
sup,A1995,A129
sup,A1995,A1447
sup,A1999,A2274
sup,A1999,A1648
sup,A1999,A1163
sup,A1999,A2259
sup,A1999,A979
sup,A1999,A2475
sup,A1999,A183
sup,A2000,A2523
sup,A2000,A996
sup,A2000,A1706
sup,A2000,A917
sup,A2000,A2425
sup,A2000,A1877
sup,A2000,A2171
sup,A2000,A951
sup,A2001,A2668
sup,A2001,A266
sup,A2001,A2185
sup,A2001,A2648
sup,A2004,A1779
sup,A2004,A1547
sup,A2004,A163
sup,A2007,A2722
sup,A2007,A1549
sup,A2007,A542
sup,A2007,A879
sup,A2007,A1446
sup,A2007,A1685
sup,A2007,A2691
sup,A2007,A2180
sup,A2009,A461
sup,A2009,A1620
sup,A2009,A297
sup,A2009,A1786
sup,A2009,A339
sup,A2009,A2679
sup,A2009,A997
sup,A2009,A2032
sup,A2009,A1857
sup,A2010,A678
sup,A2010,A64
sup,A2010,A2313
sup,A2010,A240
sup,A2010,A861
sup,A2010,A590
sup,A2010,A343
sup,A2010,A1433
sup,A2010,A2401
sup,A2010,A525
sup,A2011,A994
sup,A2011,A582
sup,A2011,A1465
sup,A2011,A2148
sup,A2011,A1314
sup,A2011,A2217
sup,A2011,A2623
sup,A2011,A1919
sup,A2011,A874
sup,A2011,A72
sup,A2011,A2131
sup,A2012,A1410
sup,A2012,A2025
sup,A2012,A2411
sup,A2012,A2523
sup,A2012,A724
sup,A2012,A579
sup,A2012,A2242
sup,A2012,A848
sup,A2012,A171
sup,A2012,A2053
sup,A2012,A1661
sup,A2012,A1206
sup,A2012,A1575
sup,A2012,A260
sup,A2012,A2617
sup,A2012,A1138
sup,A2012,A2603
sup,A2012,A2751
sup,A2013,A1232
sup,A2013,A1713
sup,A2013,A1498
sup,A2013,A1906
sup,A2013,A2469
sup,A2013,A35
sup,A2013,A2026
sup,A2013,A2272
sup,A2013,A2611
sup,A2013,A328
sup,A2013,A797
sup,A2013,A524
sup,A2013,A2748
sup,A2013,A1365
sup,A2013,A2798
sup,A2013,A1253
sup,A2013,A2712
sup,A2013,A499
sup,A2022,A156
sup,A2022,A536
sup,A2022,A616
sup,A2022,A1018
sup,A2022,A1458
sup,A2022,A2568
sup,A2022,A2126
sup,A2022,A634
sup,A2022,A1785
sup,A2022,A1433
sup,A2022,A400
sup,A2022,A1760
sup,A2022,A822
sup,A2022,A2697
sup,A2022,A1310
sup,A2022,A642
sup,A2022,A2793
sup,A2022,A917
sup,A2024,A2774
sup,A2024,A2348
sup,A2024,A2469
sup,A2024,A864
sup,A2024,A2061
sup,A2024,A2475
sup,A2024,A1336
sup,A2024,A483
sup,A2024,A2441
sup,A2024,A1590
sup,A2024,A27
sup,A2024,A2732
sup,A2024,A2728
sup,A2024,A1983
sup,A2024,A1576
sup,A2024,A2053
sup,A2024,A1612
sup,A2024,A2216
sup,A2024,A1299
sup,A2024,A1217
sup,A2024,A2253
sup,A2024,A651
sup,A2024,A438
sup,A2025,A1188
sup,A2025,A82
sup,A2025,A870
sup,A2025,A156
sup,A2025,A215
sup,A2025,A2467
sup,A2025,A1610
sup,A2025,A694
sup,A2025,A2753
sup,A2025,A749
sup,A2025,A1051
sup,A2025,A35
sup,A2025,A2254
sup,A2025,A1104
sup,A2025,A799
sup,A2025,A616
sup,A2025,A58
sup,A2025,A236
sup,A2025,A2333
sup,A2025,A535
sup,A2025,A1428
sup,A2025,A814
sup,A2025,A777
sup,A2025,A1750
sup,A2025,A1802
sup,A2025,A529
sup,A2026,A747
sup,A2026,A894
sup,A2026,A2166
sup,A2026,A899
sup,A2026,A1738
sup,A2026,A1735
sup,A2026,A1604
sup,A2026,A1644
sup,A2026,A1379
sup,A2026,A788
sup,A2026,A317
sup,A2026,A1395
sup,A2026,A454
sup,A2026,A1141
sup,A2026,A217
sup,A2026,A1643
sup,A2026,A1537
sup,A2026,A699
sup,A2026,A70
sup,A2026,A2298
sup,A2026,A966
sup,A2026,A107
sup,A2026,A838
sup,A2026,A1701
sup,A2026,A432
sup,A2027,A896
sup,A2027,A2170
sup,A2027,A119
sup,A2027,A1701
sup,A2027,A255
sup,A2027,A1565
sup,A2027,A1471
sup,A2027,A2606
sup,A2027,A34
sup,A2027,A1006
sup,A2027,A2533
sup,A2027,A1682
sup,A2027,A1790
sup,A2027,A2597
sup,A2027,A1566
sup,A2027,A1750
sup,A2027,A1959
sup,A2027,A2279
sup,A2027,A174
sup,A2027,A967
sup,A2027,A2264
sup,A2029,A1962
sup,A2029,A1621
sup,A2029,A1594
sup,A2029,A2185
sup,A2029,A2524
sup,A2029,A1934
sup,A2029,A0
sup,A2029,A739
sup,A2029,A1751
sup,A2029,A2522
sup,A2029,A847
sup,A2029,A1020
sup,A2029,A436
sup,A2029,A1195
sup,A2029,A769
sup,A2029,A1400
sup,A2029,A2560
sup,A2029,A207
sup,A2029,A421
sup,A2029,A431
sup,A2029,A917
sup,A2030,A2634
sup,A2030,A1273
sup,A2030,A710
sup,A2030,A1368
sup,A2030,A1675
sup,A2030,A628
sup,A2030,A2421
sup,A2031,A1262
sup,A2031,A1200
sup,A2031,A1734
sup,A2031,A1366
sup,A2031,A752
sup,A2031,A573
sup,A2031,A2681
sup,A2031,A524
sup,A2031,A472
sup,A2031,A2485
sup,A2031,A1266
sup,A2031,A2789
sup,A2031,A1538
sup,A2031,A2228
sup,A2031,A1248
sup,A2031,A1725
sup,A2031,A272
sup,A2031,A2470
sup,A2031,A289
sup,A2031,A1676
sup,A2031,A139
sup,A2031,A1103
sup,A2031,A2036
sup,A2031,A1613
sup,A2031,A2023
sup,A2033,A1344
sup,A2033,A1756
sup,A2033,A1052
sup,A2033,A869
sup,A2033,A1151
sup,A2033,A2391
sup,A2033,A2357
sup,A2033,A2152
sup,A2037,A2013
sup,A2037,A1843
sup,A2037,A1223
sup,A2037,A1675
sup,A2037,A2136
sup,A2037,A252
sup,A2037,A1482
sup,A2037,A1510
sup,A2037,A1028
sup,A2038,A940
sup,A2038,A1530
sup,A2039,A1268
sup,A2039,A1173
sup,A2039,A1511
sup,A2039,A2672
sup,A2039,A1541
sup,A2039,A2571
sup,A2039,A2459
sup,A2039,A2732
sup,A2039,A1283
sup,A2039,A2648
sup,A2039,A885
sup,A2039,A641
sup,A2039,A1143
sup,A2039,A255
sup,A2039,A1103
sup,A2039,A2632
sup,A2040,A825
sup,A2040,A180
sup,A2040,A2047
sup,A2040,A1807
sup,A2040,A2123
sup,A2040,A910
sup,A2040,A1445
sup,A2040,A139
sup,A2040,A1949
sup,A2040,A1831
sup,A2040,A44
sup,A2041,A1121
sup,A2041,A305
sup,A2048,A2025
sup,A2048,A2653
sup,A2048,A448
sup,A2050,A1230
sup,A2050,A867
sup,A2050,A2528
sup,A2050,A1890
sup,A2050,A219
sup,A2050,A2529
sup,A2050,A912
sup,A2050,A476
sup,A2050,A631
sup,A2050,A2187
sup,A2050,A2614
sup,A2051,A401
sup,A2054,A2174
sup,A2058,A496
sup,A2058,A1266
sup,A2058,A550
sup,A2058,A463
sup,A2058,A1884
sup,A2058,A2266
sup,A2058,A1335
sup,A2061,A910
sup,A2061,A479
sup,A2061,A1095
sup,A2061,A2089
sup,A2061,A758
sup,A2061,A745
sup,A2061,A1185
sup,A2061,A2503
sup,A2061,A2460
sup,A2061,A706
sup,A2061,A2184
sup,A2064,A922
sup,A2064,A244
sup,A2064,A12
sup,A2064,A290
sup,A2064,A1151
sup,A2064,A1668
sup,A2064,A293
sup,A2064,A1111
sup,A2064,A1689
sup,A2064,A2022
sup,A2064,A1229
sup,A2064,A306
sup,A2064,A2438
sup,A2064,A1442
sup,A2064,A1685
sup,A2065,A659
sup,A2065,A1828
sup,A2067,A2128
sup,A2067,A660
sup,A2067,A1537
sup,A2067,A144
sup,A2067,A467
sup,A2067,A2006
sup,A2067,A2797
sup,A2067,A815
sup,A2067,A2013
sup,A2067,A972
sup,A2067,A758
sup,A2067,A1213
sup,A2067,A1711
sup,A2067,A266
sup,A2069,A1838
sup,A2069,A442
sup,A2069,A1104
sup,A2069,A293
sup,A2069,A1302
sup,A2069,A2525
sup,A2069,A1024
sup,A2069,A2657
sup,A2069,A1788
sup,A2069,A1875
sup,A2069,A2799
sup,A2070,A1167
sup,A2070,A936
sup,A2070,A1110
sup,A2070,A2610
sup,A2070,A1929
sup,A2070,A1192
sup,A2071,A2318
sup,A2071,A2208
sup,A2071,A1913
sup,A2071,A779
sup,A2071,A272
sup,A2071,A1253
sup,A2071,A1684
sup,A2071,A855
sup,A2071,A1480
sup,A2071,A1972
sup,A2071,A668
sup,A2071,A394
sup,A2071,A2676
sup,A2071,A1756
sup,A2071,A291
sup,A2071,A831
sup,A2074,A1020
sup,A2074,A575
sup,A2074,A2288
sup,A2074,A1307
sup,A2074,A1385
sup,A2074,A76
sup,A2074,A2712
sup,A2074,A2310
sup,A2075,A2671
sup,A2075,A408
sup,A2075,A1015
sup,A2075,A441
sup,A2075,A2255
sup,A2075,A1856
sup,A2075,A1420
sup,A2075,A2453
sup,A2075,A1828
sup,A2075,A819
sup,A2075,A2154
sup,A2075,A1239
sup,A2075,A1653
sup,A2075,A2622
sup,A2075,A1254
sup,A2075,A1605
sup,A2075,A2427
sup,A2075,A2292
sup,A2075,A2507
sup,A2075,A182
sup,A2075,A2623
sup,A2075,A726
sup,A2075,A2598
sup,A2075,A1827
sup,A2077,A33
sup,A2077,A1533
sup,A2077,A632
sup,A2077,A976
sup,A2077,A1525
sup,A2077,A1696
sup,A2077,A2549
sup,A2077,A966
sup,A2077,A234
sup,A2077,A1836
sup,A2077,A482
sup,A2077,A2630
sup,A2077,A2550
sup,A2077,A2395
sup,A2077,A2350
sup,A2077,A1957
sup,A2077,A673
sup,A2077,A232
sup,A2079,A856
sup,A2079,A462
sup,A2079,A683
sup,A2080,A1074
sup,A2080,A102
sup,A2080,A1823
sup,A2080,A756
sup,A2080,A22
sup,A2080,A1247
sup,A2080,A319
sup,A2081,A939
sup,A2081,A1588
sup,A2081,A2609
sup,A2081,A870
sup,A2081,A657
sup,A2081,A703
sup,A2081,A2336
sup,A2081,A2412
sup,A2081,A1754
sup,A2081,A1317
sup,A2081,A1952
sup,A2081,A882
sup,A2081,A1344
sup,A2081,A2375
sup,A2081,A2541
sup,A2081,A1962
sup,A2081,A1545
sup,A2081,A952
sup,A2081,A2599
sup,A2081,A2593
sup,A2082,A1514
sup,A2082,A1798
sup,A2082,A577
sup,A2082,A2503
sup,A2082,A812
sup,A2082,A932
sup,A2082,A349
sup,A2082,A1862
sup,A2082,A2785
sup,A2082,A1741
sup,A2082,A1323
sup,A2082,A1062
sup,A2082,A2482
sup,A2082,A1850
sup,A2082,A854
sup,A2084,A2291
sup,A2085,A1662
sup,A2085,A2465
sup,A2085,A2572
sup,A2085,A30
sup,A2085,A57
sup,A2085,A1056
sup,A2085,A1023
sup,A2085,A1434
sup,A2085,A2111
sup,A2085,A2615
sup,A2086,A991
sup,A2086,A725
sup,A2086,A1866
sup,A2086,A1054
sup,A2086,A308
sup,A2086,A2730
sup,A2086,A1860
sup,A2094,A2449
sup,A2094,A1818
sup,A2094,A446
sup,A2094,A799
sup,A2094,A2180
sup,A2094,A2406
sup,A2094,A1910
sup,A2094,A244
sup,A2094,A1085
sup,A2094,A1431
sup,A2094,A2652
sup,A2094,A1231
sup,A2094,A1525
sup,A2094,A608
sup,A2094,A1502
sup,A2094,A1279
sup,A2094,A2376
sup,A2094,A2577
sup,A2094,A2351
sup,A2094,A106
sup,A2094,A1453
sup,A2094,A2003
sup,A2094,A1162
sup,A2094,A518
sup,A2094,A2170
sup,A2096,A1118
sup,A2096,A284
sup,A2096,A2036
sup,A2096,A954
sup,A2096,A545
sup,A2096,A2087
sup,A2096,A1509
sup,A2096,A1675
sup,A2096,A1019
sup,A2096,A1728
sup,A2096,A615
sup,A2096,A1811
sup,A2096,A2535
sup,A2096,A1176
sup,A2096,A2784
sup,A2096,A2311
sup,A2096,A1925
sup,A2096,A2378
sup,A2096,A1190
sup,A2096,A1356
sup,A2096,A50
sup,A2096,A1224
sup,A2096,A1330
sup,A2096,A1184
sup,A2096,A1201
sup,A2096,A67
sup,A2096,A211
sup,A2096,A2075
sup,A2096,A1200
sup,A2096,A1729
sup,A2096,A958
sup,A2096,A1870
sup,A2097,A1686
sup,A2097,A344
sup,A2097,A931
sup,A2097,A600
sup,A2097,A939
sup,A2097,A1819
sup,A2097,A1093
sup,A2097,A173
sup,A2097,A860
sup,A2097,A166
sup,A2097,A1857
sup,A2097,A2170
sup,A2097,A179
sup,A2097,A1135
sup,A2097,A49
sup,A2097,A2487
sup,A2097,A1058
sup,A2097,A1086
sup,A2097,A2459
sup,A2097,A1424
sup,A2097,A1573
sup,A2097,A2137
sup,A2099,A1764
sup,A2099,A2418
sup,A2099,A1925
sup,A2099,A168
sup,A2099,A1859
sup,A2099,A2662
sup,A2099,A1538
sup,A2099,A1144
sup,A2099,A1260
sup,A2099,A2062
sup,A2099,A173
sup,A2099,A2316
sup,A2099,A413
sup,A2099,A1468
sup,A2102,A2323
sup,A2102,A613
sup,A2102,A378
sup,A2102,A264
sup,A2102,A241
sup,A2102,A537
sup,A2102,A988
sup,A2102,A1928
sup,A2102,A908
sup,A2102,A345
sup,A2102,A2716
sup,A2102,A2696
sup,A2102,A742
sup,A2102,A1466
sup,A2102,A97
sup,A2102,A1673
sup,A2102,A2242
sup,A2102,A1133
sup,A2102,A1629
sup,A2102,A1394
sup,A2103,A2493
sup,A2103,A2198
sup,A2103,A2590
sup,A2103,A1236
sup,A2103,A1828
sup,A2103,A508
sup,A2103,A850
sup,A2103,A649
sup,A2103,A1315
sup,A2103,A2375
sup,A2103,A572
sup,A2103,A1645
sup,A2103,A2172
sup,A2103,A1208
sup,A2103,A1756
sup,A2103,A1020
sup,A2104,A1763
sup,A2104,A2361
sup,A2104,A1205
sup,A2104,A2660
sup,A2104,A2492
sup,A2104,A689
sup,A2104,A2602
sup,A2104,A2783
sup,A2104,A1789
sup,A2104,A2345
sup,A2104,A278
sup,A2104,A1244
sup,A2104,A18
sup,A2104,A2325
sup,A2104,A2052
sup,A2104,A214
sup,A2104,A655
sup,A2104,A2553
sup,A2104,A1181
sup,A2104,A175
sup,A2104,A116
sup,A2105,A2523
sup,A2105,A291
sup,A2105,A1052
sup,A2105,A2528
sup,A2106,A1637
sup,A2106,A292
sup,A2106,A2503
sup,A2106,A2134
sup,A2106,A2475
sup,A2106,A919
sup,A2106,A1423
sup,A2106,A560
sup,A2106,A1739
sup,A2106,A1670
sup,A2106,A1257
sup,A2106,A76
sup,A2106,A2400
sup,A2106,A1339
sup,A2106,A2641
sup,A2106,A1632
sup,A2108,A755
sup,A2108,A70
sup,A2108,A1975
sup,A2108,A1557
sup,A2108,A2313
sup,A2108,A2108
sup,A2108,A2648
sup,A2108,A486
sup,A2108,A2705
sup,A2108,A1532
sup,A2108,A963
sup,A2108,A2428
sup,A2108,A853
sup,A2110,A831
sup,A2110,A2527
sup,A2110,A2391
sup,A2110,A2027
sup,A2110,A2676
sup,A2110,A2628
sup,A2110,A2513
sup,A2110,A28
sup,A2110,A1474
sup,A2110,A2016
sup,A2110,A1078
sup,A2110,A1945
sup,A2110,A2387
sup,A2110,A1556
sup,A2110,A1277
sup,A2110,A1845
sup,A2110,A2649
sup,A2110,A1085
sup,A2112,A2734
sup,A2112,A1326
sup,A2112,A1474
sup,A2112,A2249
sup,A2112,A2747
sup,A2112,A988
sup,A2112,A549
sup,A2113,A2671
sup,A2113,A56
sup,A2116,A521
sup,A2116,A1664
sup,A2116,A168
sup,A2116,A2775
sup,A2116,A1047
sup,A2116,A164
sup,A2116,A2190
sup,A2116,A188
sup,A2116,A1915
sup,A2116,A202
sup,A2116,A1098
sup,A2116,A1489
sup,A2116,A163
sup,A2116,A262
sup,A2117,A628
sup,A2117,A954
sup,A2117,A14
sup,A2117,A1976
sup,A2117,A357
sup,A2117,A2119
sup,A2120,A1410
sup,A2120,A2324
sup,A2120,A2415
sup,A2120,A1799
sup,A2120,A1597
sup,A2120,A1755
sup,A2120,A2444
sup,A2120,A450
sup,A2120,A1611
sup,A2120,A1008
sup,A2120,A392
sup,A2120,A1095
sup,A2120,A2502
sup,A2120,A662
sup,A2120,A430
sup,A2120,A1186
sup,A2120,A452
sup,A2120,A2179
sup,A2120,A1660
sup,A2120,A743
sup,A2120,A2505
sup,A2120,A2388
sup,A2120,A1624
sup,A2120,A991
sup,A2120,A433
sup,A2121,A2025
sup,A2121,A1521
sup,A2121,A2638
sup,A2121,A1167
sup,A2121,A165
sup,A2121,A761
sup,A2121,A2129
sup,A2121,A1742
sup,A2121,A95
sup,A2122,A1246
sup,A2122,A1145
sup,A2122,A2019
sup,A2122,A785
sup,A2122,A1282
sup,A2122,A1117
sup,A2122,A402
sup,A2122,A309
sup,A2122,A2695
sup,A2122,A2443
sup,A2122,A1683
sup,A2122,A677
sup,A2122,A638
sup,A2122,A480
sup,A2122,A1239
sup,A2122,A406
sup,A2122,A1163
sup,A2122,A559
sup,A2122,A68
sup,A2122,A2655
sup,A2126,A1430
sup,A2126,A2535
sup,A2126,A229
sup,A2126,A566
sup,A2126,A409
sup,A2126,A1187
sup,A2126,A2403
sup,A2126,A1486
sup,A2126,A2285
sup,A2126,A1702
sup,A2126,A581
sup,A2126,A1580
sup,A2126,A264
sup,A2126,A2106
sup,A2126,A482
sup,A2126,A156
sup,A2126,A335
sup,A2126,A2174
sup,A2126,A2407
sup,A2126,A2790
sup,A2126,A1468
sup,A2126,A1475
sup,A2126,A2666
sup,A2126,A1848
sup,A2135,A864
sup,A2135,A296
sup,A2135,A60
sup,A2135,A1819
sup,A2135,A1780
sup,A2135,A716
sup,A2135,A1382
sup,A2135,A351
sup,A2135,A1430
sup,A2135,A633
sup,A2135,A667
sup,A2137,A2358
sup,A2137,A1978
sup,A2137,A13
sup,A2137,A1595
sup,A2137,A1478
sup,A2137,A1440
sup,A2137,A1856
sup,A2137,A2611
sup,A2137,A2239
sup,A2137,A1761
sup,A2137,A2272
sup,A2137,A827
sup,A2137,A860
sup,A2137,A991
sup,A2137,A851
sup,A2137,A1140
sup,A2137,A11
sup,A2139,A1155
sup,A2139,A2542
sup,A2139,A1046
sup,A2139,A1848
sup,A2139,A941
sup,A2139,A1417
sup,A2139,A95
sup,A2139,A1061
sup,A2140,A1615
sup,A2140,A2397
sup,A2140,A1247
sup,A2140,A2252
sup,A2140,A1197
sup,A2140,A251
sup,A2140,A2683
sup,A2141,A58
sup,A2141,A1140
sup,A2141,A489
sup,A2141,A181
sup,A2141,A1187
sup,A2141,A2097
sup,A2141,A391
sup,A2141,A1552
sup,A2141,A2317
sup,A2141,A2570
sup,A2141,A317
sup,A2141,A1881
sup,A2141,A849
sup,A2141,A780
sup,A2141,A1059
sup,A2141,A2537
sup,A2141,A2060
sup,A2141,A1262
sup,A2143,A1932
sup,A2144,A2646
sup,A2144,A1969
sup,A2144,A2708
sup,A2144,A1542
sup,A2144,A335
sup,A2144,A2296
sup,A2145,A112
sup,A2147,A1371
sup,A2147,A407
sup,A2147,A1422
sup,A2147,A314
sup,A2147,A87
sup,A2147,A1557
sup,A2147,A1963
sup,A2147,A1511
sup,A2147,A33
sup,A2147,A1043
sup,A2147,A2182
sup,A2147,A2184
sup,A2147,A1989
sup,A2147,A2477
sup,A2147,A2549
sup,A2147,A953
sup,A2151,A2285
sup,A2151,A1699
sup,A2151,A2057
sup,A2151,A2738
sup,A2151,A697
sup,A2151,A42
sup,A2151,A1055
sup,A2151,A1561
sup,A2151,A516
sup,A2151,A133
sup,A2151,A910
sup,A2151,A92
sup,A2151,A141
sup,A2151,A1363
sup,A2152,A1730
sup,A2152,A551
sup,A2152,A1732
sup,A2152,A323
sup,A2152,A1968
sup,A2152,A1796
sup,A2152,A2418
sup,A2152,A386
sup,A2152,A1174
sup,A2152,A2518
sup,A2152,A442
sup,A2152,A523
sup,A2152,A456
sup,A2152,A848
sup,A2152,A683
sup,A2152,A2697
sup,A2152,A985
sup,A2152,A544
sup,A2152,A504
sup,A2152,A1756
sup,A2152,A1738
sup,A2154,A46
sup,A2154,A1787
sup,A2154,A687
sup,A2156,A668
sup,A2156,A2473
sup,A2156,A2145
sup,A2156,A2362
sup,A2156,A162
sup,A2156,A171
sup,A2156,A1101
sup,A2156,A689
sup,A2156,A1129
sup,A2156,A263
sup,A2157,A434
sup,A2163,A2648
sup,A2163,A1536
sup,A2163,A1854
sup,A2163,A2424
sup,A2163,A1214
sup,A2163,A2300
sup,A2163,A60
sup,A2163,A1126
sup,A2163,A2426
sup,A2163,A3
sup,A2164,A84
sup,A2164,A588
sup,A2165,A125
sup,A2165,A1154
sup,A2165,A1859
sup,A2165,A2099
sup,A2165,A2321
sup,A2165,A366
sup,A2165,A2003
sup,A2165,A408
sup,A2169,A2576
sup,A2169,A679
sup,A2169,A337
sup,A2169,A543
sup,A2169,A980
sup,A2169,A459
sup,A2170,A693
sup,A2173,A2419
sup,A2173,A2486
sup,A2173,A2183
sup,A2173,A1322
sup,A2175,A404
sup,A2175,A672
sup,A2175,A1807
sup,A2175,A770
sup,A2175,A2317
sup,A2175,A483
sup,A2175,A777
sup,A2175,A2779
sup,A2175,A1992
sup,A2175,A2567
sup,A2175,A2093
sup,A2175,A1472
sup,A2175,A2376
sup,A2175,A42
sup,A2175,A1420
sup,A2175,A1188
sup,A2175,A1211
sup,A2175,A2455
sup,A2175,A474
sup,A2175,A1930
sup,A2175,A1797
sup,A2175,A1412
sup,A2176,A2678
sup,A2176,A1102
sup,A2176,A2178
sup,A2176,A2787
sup,A2176,A754
sup,A2176,A644
sup,A2176,A678
sup,A2176,A763
sup,A2176,A1233
sup,A2176,A1728
sup,A2176,A765
sup,A2176,A2061
sup,A2176,A1394
sup,A2176,A622
sup,A2176,A2524
sup,A2176,A2627
sup,A2176,A1500
sup,A2176,A343
sup,A2176,A1841
sup,A2180,A1685
sup,A2180,A1453
sup,A2180,A2634
sup,A2180,A2663
sup,A2180,A2637
sup,A2180,A2087
sup,A2180,A101
sup,A2180,A1419
sup,A2180,A1473
sup,A2180,A972
sup,A2180,A1715
sup,A2180,A1955
sup,A2180,A835
sup,A2180,A455
sup,A2180,A2075
sup,A2180,A1224
sup,A2180,A1677
sup,A2180,A2115
sup,A2180,A739
sup,A2180,A1207
sup,A2180,A733
sup,A2180,A1328
sup,A2180,A1442
sup,A2181,A1218
sup,A2181,A1532
sup,A2181,A1053
sup,A2181,A1833
sup,A2181,A1196
sup,A2181,A1722
sup,A2181,A1653
sup,A2181,A1136
sup,A2181,A1418
sup,A2181,A791
sup,A2181,A327
sup,A2181,A2589
sup,A2181,A1682
sup,A2181,A2125
sup,A2181,A1091
sup,A2181,A2565
sup,A2181,A2699
sup,A2181,A1840
sup,A2183,A1075
sup,A2183,A743
sup,A2183,A1723
sup,A2183,A754
sup,A2183,A1588
sup,A2183,A2761
sup,A2183,A446
sup,A2183,A2530
sup,A2183,A2794
sup,A2183,A2666
sup,A2183,A1586
sup,A2183,A482
sup,A2183,A1382
sup,A2183,A791
sup,A2183,A2074
sup,A2183,A1987
sup,A2183,A740
sup,A2186,A470
sup,A2186,A1811
sup,A2186,A471
sup,A2186,A1994
sup,A2186,A1282
sup,A2186,A103
sup,A2186,A132
sup,A2186,A257
sup,A2186,A1722
sup,A2186,A1924
sup,A2187,A114
sup,A2187,A2575
sup,A2187,A1795
sup,A2187,A1981
sup,A2187,A2483
sup,A2187,A1164
sup,A2187,A963
sup,A2187,A2467
sup,A2187,A128
sup,A2187,A1339
sup,A2191,A1856
sup,A2191,A1834
sup,A2191,A541
sup,A2191,A1925
sup,A2191,A904
sup,A2191,A70
sup,A2191,A767
sup,A2191,A2008
sup,A2191,A301
sup,A2191,A1512
sup,A2191,A263
sup,A2191,A760
sup,A2191,A1443
sup,A2191,A1245
sup,A2191,A1162
sup,A2191,A1522
sup,A2191,A661
sup,A2191,A1409
sup,A2191,A817
sup,A2191,A412
sup,A2192,A323
sup,A2192,A1852
sup,A2192,A2586
sup,A2192,A1190
sup,A2192,A2489
sup,A2192,A2415
sup,A2192,A1324
sup,A2192,A1366
sup,A2192,A14
sup,A2192,A2165
sup,A2192,A147
sup,A2192,A0
sup,A2192,A1458
sup,A2192,A899
sup,A2192,A1788
sup,A2192,A54
sup,A2192,A1723
sup,A2192,A2210
sup,A2192,A612
sup,A2192,A2425
sup,A2193,A2790
sup,A2193,A1391
sup,A2193,A2574
sup,A2193,A2579
sup,A2193,A1403
sup,A2198,A1372
sup,A2198,A2162
sup,A2198,A1950
sup,A2198,A770
sup,A2198,A2265
sup,A2198,A2211
sup,A2198,A2741
sup,A2198,A1298
sup,A2198,A2404
sup,A2198,A211
sup,A2198,A706
sup,A2198,A1597
sup,A2198,A2372
sup,A2198,A1271
sup,A2198,A780
sup,A2198,A81
sup,A2198,A1969
sup,A2198,A100
sup,A2198,A492
sup,A2198,A920
sup,A2198,A2313
sup,A2198,A1704
sup,A2198,A2140
sup,A2198,A1629
sup,A2201,A1994
sup,A2201,A1929
sup,A2201,A1840
sup,A2201,A441
sup,A2201,A450
sup,A2201,A2762
sup,A2201,A1190
sup,A2201,A574
sup,A2201,A227
sup,A2201,A2727
sup,A2201,A259
sup,A2201,A1017
sup,A2201,A521
sup,A2201,A449
sup,A2201,A82
sup,A2201,A1356
sup,A2201,A2572
sup,A2201,A1603
sup,A2201,A1011
sup,A2201,A2633
sup,A2201,A2278
sup,A2201,A2104
sup,A2201,A2480
sup,A2201,A1392
sup,A2201,A135
sup,A2201,A1991
sup,A2201,A2632
sup,A2202,A1738
sup,A2202,A2467
sup,A2202,A1294
sup,A2202,A465
sup,A2202,A1775
sup,A2202,A915
sup,A2202,A386
sup,A2202,A725
sup,A2202,A468
sup,A2202,A2068
sup,A2202,A29
sup,A2202,A511
sup,A2202,A2731
sup,A2202,A1048
sup,A2202,A882
sup,A2202,A1558
sup,A2202,A91
sup,A2202,A1082
sup,A2202,A727
sup,A2202,A2299
sup,A2202,A1383
sup,A2203,A1835
sup,A2203,A580
sup,A2203,A1938
sup,A2203,A1790
sup,A2203,A2033
sup,A2203,A2179
sup,A2203,A2794
sup,A2203,A1142
sup,A2203,A2039
sup,A2203,A2667
sup,A2203,A1226
sup,A2203,A753
sup,A2203,A2660
sup,A2203,A949
sup,A2203,A2140
sup,A2203,A2663
sup,A2203,A215
sup,A2203,A1984
sup,A2203,A2403
sup,A2203,A2399
sup,A2204,A1130
sup,A2204,A1858
sup,A2204,A2433
sup,A2204,A697
sup,A2204,A2414
sup,A2204,A1504
sup,A2204,A2479
sup,A2204,A1490
sup,A2204,A1467
sup,A2204,A1091
sup,A2205,A1072
sup,A2205,A1462
sup,A2205,A2706
sup,A2205,A277
sup,A2205,A2004
sup,A2205,A2189
sup,A2205,A673
sup,A2205,A2102
sup,A2205,A969
sup,A2205,A2271
sup,A2205,A2491
sup,A2205,A227
sup,A2205,A198
sup,A2205,A1373
sup,A2205,A2714
sup,A2205,A1184
sup,A2205,A627
sup,A2205,A1859
sup,A2205,A2332
sup,A2205,A91
sup,A2205,A1307
sup,A2205,A2077
sup,A2205,A448
sup,A2205,A1227
sup,A2206,A1669
sup,A2206,A1267
sup,A2206,A1841
sup,A2206,A1888
sup,A2206,A1070
sup,A2206,A2527
sup,A2206,A589
sup,A2206,A2556
sup,A2206,A400
sup,A2206,A1554
sup,A2206,A372
sup,A2206,A172
sup,A2206,A1744
sup,A2206,A1686
sup,A2206,A1772
sup,A2206,A2507
sup,A2206,A2625
sup,A2206,A982
sup,A2206,A1571
sup,A2206,A353
sup,A2206,A346
sup,A2206,A1416
sup,A2208,A2093
sup,A2208,A1880
sup,A2208,A1883
sup,A2211,A1347
sup,A2211,A2367
sup,A2211,A248
sup,A2213,A1351
sup,A2213,A108
sup,A2213,A2600
sup,A2213,A2496
sup,A2213,A1477
sup,A2213,A78
sup,A2213,A2058
sup,A2214,A1069
sup,A2214,A2032
sup,A2214,A184
sup,A2214,A197
sup,A2214,A328
sup,A2214,A1748
sup,A2214,A2735
sup,A2214,A622
sup,A2214,A1912
sup,A2214,A116
sup,A2214,A77
sup,A2214,A2397
sup,A2214,A764
sup,A2214,A399
sup,A2214,A2239
sup,A2214,A1881
sup,A2214,A1963
sup,A2218,A1881
sup,A2218,A1622
sup,A2218,A2162
sup,A2218,A1712
sup,A2218,A97
sup,A2218,A1321
sup,A2218,A2551
sup,A2218,A2544
sup,A2218,A2473
sup,A2218,A50
sup,A2218,A314
sup,A2221,A325
sup,A2221,A1745
sup,A2221,A1050
sup,A2221,A696
sup,A2221,A2648
sup,A2221,A1501
sup,A2221,A2355
sup,A2221,A1447
sup,A2221,A2436
sup,A2221,A925
sup,A2221,A2108
sup,A2221,A1885
sup,A2221,A1773
sup,A2221,A705
sup,A2221,A1141
sup,A2221,A1924
sup,A2221,A2248
sup,A2221,A2739
sup,A2221,A237
sup,A2221,A2172
sup,A2221,A450
sup,A2221,A1310
sup,A2222,A752
sup,A2222,A278
sup,A2222,A107
sup,A2222,A269
sup,A2222,A839
sup,A2222,A66
sup,A2223,A1855
sup,A2223,A585
sup,A2223,A1902
sup,A2223,A1023
sup,A2223,A213
sup,A2223,A257
sup,A2223,A469
sup,A2223,A2441
sup,A2223,A2254
sup,A2223,A581
sup,A2223,A106
sup,A2223,A66
sup,A2223,A1775
sup,A2223,A206
sup,A2223,A1444
sup,A2223,A1342
sup,A2223,A437
sup,A2223,A2473
sup,A2224,A314
sup,A2224,A224
sup,A2224,A1824
sup,A2225,A1727
sup,A2225,A2462
sup,A2225,A2364
sup,A2225,A1187
sup,A2225,A129
sup,A2225,A2698
sup,A2225,A2793
sup,A2225,A2222
sup,A2225,A1243
sup,A2225,A785
sup,A2225,A912
sup,A2225,A2232
sup,A2225,A174
sup,A2225,A767
sup,A2225,A130
sup,A2225,A243
sup,A2225,A2619
sup,A2226,A2770
sup,A2226,A1061
sup,A2226,A1195
sup,A2226,A1024
sup,A2226,A2077
sup,A2226,A403
sup,A2226,A1883
sup,A2226,A519
sup,A2226,A932
sup,A2226,A148
sup,A2226,A462
sup,A2226,A2103
sup,A2226,A1223
sup,A2226,A301
sup,A2228,A2134
sup,A2228,A909
sup,A2228,A603
sup,A2228,A947
sup,A2228,A567
sup,A2228,A1019
sup,A2228,A2225
sup,A2228,A115
sup,A2228,A841
sup,A2228,A2681
sup,A2229,A977
sup,A2229,A1330
sup,A2229,A2622
sup,A2229,A1374
sup,A2229,A1563
sup,A2229,A1728
sup,A2229,A1519
sup,A2229,A806
sup,A2230,A1505
sup,A2230,A1707
sup,A2230,A465
sup,A2230,A295
sup,A2230,A2357
sup,A2230,A1059
sup,A2230,A2519
sup,A2230,A2202
sup,A2230,A2664
sup,A2230,A1879
sup,A2231,A125
sup,A2231,A396
sup,A2231,A2597
sup,A2231,A2179
sup,A2231,A1535
sup,A2231,A1490
sup,A2231,A142
sup,A2231,A572
sup,A2231,A2735
sup,A2231,A2697
sup,A2231,A1764
sup,A2231,A2421
sup,A2231,A1003
sup,A2231,A2139
sup,A2231,A913
sup,A2231,A2551
sup,A2231,A731
sup,A2231,A1966
sup,A2231,A1186
sup,A2232,A2053
sup,A2232,A2284
sup,A2232,A1265
sup,A2232,A174
sup,A2232,A1298
sup,A2232,A377
sup,A2232,A1710
sup,A2232,A2181
sup,A2232,A1832
sup,A2232,A2671
sup,A2232,A353
sup,A2232,A2427
sup,A2232,A1187
sup,A2232,A1958
sup,A2232,A2685
sup,A2232,A2747
sup,A2232,A1360
sup,A2232,A1393
sup,A2232,A828
sup,A2234,A1831
sup,A2234,A308
sup,A2234,A669
sup,A2234,A977
sup,A2234,A663
sup,A2234,A1625
sup,A2234,A2749
sup,A2234,A469
sup,A2234,A425
sup,A2234,A1834
sup,A2234,A2039
sup,A2234,A2654
sup,A2234,A2549
sup,A2234,A1697
sup,A2234,A1123
sup,A2234,A2550
sup,A2234,A2113
sup,A2234,A1931
sup,A2234,A1537
sup,A2234,A487
sup,A2234,A773
sup,A2234,A684
sup,A2234,A831
sup,A2234,A289
sup,A2235,A2658
sup,A2235,A979
sup,A2235,A2557
sup,A2235,A2336
sup,A2235,A1268
sup,A2235,A660
sup,A2235,A1700
sup,A2235,A1086
sup,A2235,A2401
sup,A2235,A870
sup,A2235,A1790
sup,A2235,A1770
sup,A2238,A1994
sup,A2239,A2347
sup,A2239,A93
sup,A2239,A573
sup,A2239,A663
sup,A2239,A1465
sup,A2239,A2132
sup,A2239,A1682
sup,A2239,A950
sup,A2239,A1913
sup,A2239,A1801
sup,A2239,A2056
sup,A2239,A187
sup,A2239,A1213
sup,A2239,A208
sup,A2239,A359
sup,A2239,A2060
sup,A2239,A2150
sup,A2239,A780
sup,A2239,A755
sup,A2239,A511
sup,A2239,A495
sup,A2239,A1415
sup,A2239,A2004
sup,A2239,A1746
sup,A2239,A2550
sup,A2239,A1912
sup,A2243,A534
sup,A2243,A349
sup,A2243,A97
sup,A2243,A859
sup,A2243,A236
sup,A2243,A218
sup,A2243,A551
sup,A2243,A645
sup,A2243,A2352
sup,A2243,A2032
sup,A2243,A1282
sup,A2243,A1741
sup,A2243,A474
sup,A2243,A643
sup,A2243,A2160
sup,A2243,A239
sup,A2246,A629
sup,A2246,A613
sup,A2246,A143
sup,A2246,A2023
sup,A2246,A1519
sup,A2246,A2684
sup,A2246,A634
sup,A2246,A2266
sup,A2246,A659
sup,A2246,A2269
sup,A2246,A1242
sup,A2246,A266
sup,A2246,A2169
sup,A2246,A632
sup,A2246,A947
sup,A2246,A2520
sup,A2246,A2426
sup,A2246,A1724
sup,A2246,A1841
sup,A2246,A1188
sup,A2246,A563
sup,A2246,A1283
sup,A2246,A1712
sup,A2246,A207
sup,A2248,A2032
sup,A2248,A573
sup,A2248,A277
sup,A2248,A205
sup,A2248,A684
sup,A2248,A991
sup,A2248,A2794
sup,A2248,A711
sup,A2248,A1939
sup,A2249,A323
sup,A2249,A2291
sup,A2249,A1064
sup,A2249,A316
sup,A2249,A966
sup,A2249,A419
sup,A2249,A1034
sup,A2249,A2058
sup,A2249,A1774
sup,A2249,A1408
sup,A2249,A1504
sup,A2249,A2393
sup,A2249,A2639
sup,A2249,A970
sup,A2249,A872
sup,A2249,A1870
sup,A2249,A2392
sup,A2249,A512
sup,A2249,A1018
sup,A2251,A2218
sup,A2251,A1492
sup,A2251,A2194
sup,A2251,A875
sup,A2251,A131
sup,A2251,A1136
sup,A2251,A703
sup,A2251,A1347
sup,A2251,A1764
sup,A2251,A2261
sup,A2251,A2763
sup,A2251,A450
sup,A2251,A2157
sup,A2251,A1484
sup,A2251,A2318
sup,A2251,A1892
sup,A2251,A2151
sup,A2253,A978
sup,A2253,A519
sup,A2253,A2758
sup,A2253,A1629
sup,A2254,A1073
sup,A2254,A697
sup,A2255,A1737
sup,A2255,A2592
sup,A2255,A931
sup,A2255,A2037
sup,A2255,A1806
sup,A2255,A1402
sup,A2255,A1139
sup,A2255,A1706
sup,A2255,A1718
sup,A2255,A631
sup,A2255,A671
sup,A2255,A2197
sup,A2255,A670
sup,A2255,A1606
sup,A2255,A1777
sup,A2255,A1521
sup,A2255,A2360
sup,A2255,A1033
sup,A2255,A2679
sup,A2255,A796
sup,A2255,A1949
sup,A2257,A233
sup,A2257,A37
sup,A2257,A536
sup,A2257,A2255
sup,A2257,A740
sup,A2257,A907
sup,A2257,A452
sup,A2257,A1261
sup,A2257,A160
sup,A2257,A1967
sup,A2257,A129
sup,A2257,A1118
sup,A2257,A2545
sup,A2257,A808
sup,A2257,A2492
sup,A2257,A2783
sup,A2257,A1466
sup,A2257,A1488
sup,A2257,A2770
sup,A2257,A1803
sup,A2257,A362
sup,A2257,A1760
sup,A2257,A457
sup,A2258,A2457
sup,A2258,A908
sup,A2258,A2177
sup,A2258,A364
sup,A2258,A230
sup,A2258,A122
sup,A2259,A1568
sup,A2260,A909
sup,A2260,A1962
sup,A2260,A1954
sup,A2260,A2323
sup,A2260,A2488
sup,A2260,A1565
sup,A2260,A1507
sup,A2260,A1586
sup,A2260,A522
sup,A2260,A1601
sup,A2260,A2748
sup,A2260,A258
sup,A2261,A2050
sup,A2261,A318
sup,A2261,A2361
sup,A2261,A646
sup,A2261,A1866
sup,A2261,A2307
sup,A2261,A2543
sup,A2261,A1504
sup,A2261,A1913
sup,A2261,A991
sup,A2261,A993
sup,A2261,A724
sup,A2261,A527
sup,A2261,A2775
sup,A2261,A2176
sup,A2261,A2777
sup,A2261,A2177
sup,A2261,A1703
sup,A2261,A49
sup,A2262,A32
sup,A2262,A386
sup,A2262,A2004
sup,A2262,A2552
sup,A2262,A2115
sup,A2262,A896
sup,A2262,A911
sup,A2262,A2629
sup,A2262,A2445
sup,A2262,A2338
sup,A2262,A1695
sup,A2262,A2590
sup,A2262,A505
sup,A2262,A2535
sup,A2262,A2033
sup,A2262,A2118
sup,A2262,A1457
sup,A2262,A46
sup,A2264,A2756
sup,A2264,A518
sup,A2264,A2722
sup,A2264,A2702
sup,A2264,A1647
sup,A2264,A814
sup,A2264,A2523
sup,A2264,A1632
sup,A2264,A194
sup,A2264,A14
sup,A2264,A651
sup,A2264,A2049
sup,A2264,A1891
sup,A2264,A338
sup,A2264,A1870
sup,A2264,A2192
sup,A2264,A2614
sup,A2264,A2777
sup,A2264,A8
sup,A2264,A2429
sup,A2264,A2064
sup,A2267,A1422
sup,A2267,A1424
sup,A2267,A1350
sup,A2267,A927
sup,A2267,A497
sup,A2267,A2660
sup,A2267,A1410
sup,A2267,A609
sup,A2270,A914
sup,A2270,A567
sup,A2270,A2687
sup,A2270,A1976
sup,A2270,A551
sup,A2270,A1754
sup,A2270,A1222
sup,A2272,A2095
sup,A2272,A2341
sup,A2272,A2304
sup,A2272,A583
sup,A2272,A736
sup,A2272,A996
sup,A2272,A911
sup,A2272,A472
sup,A2272,A2367
sup,A2273,A865
sup,A2273,A820
sup,A2273,A1047
sup,A2273,A411
sup,A2273,A621
sup,A2273,A1725
sup,A2273,A954
sup,A2273,A2201
sup,A2273,A2242
sup,A2273,A1702
sup,A2276,A1163
sup,A2276,A950
sup,A2276,A1244
sup,A2276,A1425
sup,A2276,A2645
sup,A2276,A232
sup,A2276,A2031
sup,A2276,A1514
sup,A2276,A2504
sup,A2276,A1133
sup,A2276,A77
sup,A2276,A487
sup,A2276,A1871
sup,A2276,A613
sup,A2276,A688
sup,A2276,A197
sup,A2276,A1458
sup,A2277,A2426
sup,A2277,A2501
sup,A2277,A1870
sup,A2277,A2480
sup,A2277,A2625
sup,A2277,A2672
sup,A2277,A2729
sup,A2277,A2179
sup,A2277,A554
sup,A2277,A2125
sup,A2277,A2679
sup,A2277,A2783
sup,A2278,A2096
sup,A2278,A1879
sup,A2278,A2681
sup,A2278,A935
sup,A2278,A2098
sup,A2278,A331
sup,A2278,A1066
sup,A2278,A885
sup,A2278,A1051
sup,A2278,A1117
sup,A2278,A603
sup,A2278,A1065
sup,A2278,A2335
sup,A2279,A369
sup,A2279,A1796
sup,A2279,A2050
sup,A2279,A1763
sup,A2279,A2228
sup,A2281,A1414
sup,A2281,A1476
sup,A2281,A117
sup,A2282,A472
sup,A2282,A613
sup,A2282,A2055
sup,A2282,A2459
sup,A2282,A559
sup,A2282,A2698
sup,A2282,A307
sup,A2282,A268
sup,A2282,A2340
sup,A2282,A1612
sup,A2282,A220
sup,A2282,A103
sup,A2282,A1626
sup,A2282,A2243
sup,A2282,A855
sup,A2282,A2609
sup,A2282,A1625
sup,A2282,A1926
sup,A2283,A1012
sup,A2283,A302
sup,A2283,A1099
sup,A2283,A655
sup,A2283,A763
sup,A2283,A1050
sup,A2283,A1323
sup,A2283,A210
sup,A2283,A496
sup,A2283,A2499
sup,A2283,A1882
sup,A2283,A1835
sup,A2283,A1965
sup,A2285,A2214
sup,A2285,A1116
sup,A2285,A576
sup,A2285,A255
sup,A2285,A2040
sup,A2285,A1813
sup,A2285,A2141
sup,A2285,A94
sup,A2285,A2069
sup,A2285,A1925
sup,A2285,A2258
sup,A2285,A370
sup,A2285,A1340
sup,A2286,A688
sup,A2286,A2185
sup,A2286,A123
sup,A2286,A2319
sup,A2286,A1211
sup,A2286,A1640
sup,A2286,A1859
sup,A2286,A2150
sup,A2286,A1177
sup,A2286,A1023
sup,A2286,A2108
sup,A2286,A1799
sup,A2286,A701
sup,A2286,A1898
sup,A2287,A1053
sup,A2287,A1644
sup,A2287,A1892
sup,A2287,A1770
sup,A2287,A1552
sup,A2287,A1431
sup,A2287,A2148
sup,A2287,A2584
sup,A2287,A2710
sup,A2287,A2147
sup,A2292,A2310
sup,A2292,A2112
sup,A2292,A158
sup,A2292,A634
sup,A2292,A1658
sup,A2292,A1117
sup,A2292,A768
sup,A2292,A90
sup,A2292,A918
sup,A2292,A478
sup,A2292,A2180
sup,A2292,A1873
sup,A2292,A943
sup,A2292,A2178
sup,A2292,A2711
sup,A2294,A914
sup,A2294,A1339
sup,A2294,A222
sup,A2294,A2206
sup,A2294,A2651
sup,A2294,A2423
sup,A2294,A2217
sup,A2294,A939
sup,A2294,A615
sup,A2294,A2412
sup,A2295,A250
sup,A2295,A2329
sup,A2295,A1683
sup,A2295,A1157
sup,A2295,A2040
sup,A2295,A1307
sup,A2295,A1728
sup,A2295,A1055
sup,A2295,A2180
sup,A2295,A2307
sup,A2295,A2096
sup,A2295,A384
sup,A2295,A861
sup,A2295,A2749
sup,A2295,A646
sup,A2295,A2514
sup,A2295,A1408
sup,A2296,A423
sup,A2296,A739
sup,A2296,A1787
sup,A2296,A2194
sup,A2296,A243
sup,A2296,A1110
sup,A2296,A2092
sup,A2296,A2108
sup,A2296,A359
sup,A2296,A1140
sup,A2296,A522
sup,A2296,A1626
sup,A2296,A95
sup,A2296,A2466
sup,A2296,A495
sup,A2296,A186
sup,A2296,A1498
sup,A2297,A1227
sup,A2297,A2427
sup,A2297,A2040
sup,A2297,A2779
sup,A2297,A2171
sup,A2297,A2640
sup,A2297,A1716
sup,A2297,A1118
sup,A2297,A2454
sup,A2297,A759
sup,A2297,A2582
sup,A2297,A139
sup,A2297,A997
sup,A2297,A2247
sup,A2297,A1261
sup,A2297,A2541
sup,A2297,A133
sup,A2297,A793
sup,A2297,A517
sup,A2297,A410
sup,A2297,A638
sup,A2297,A1085
sup,A2297,A2339
sup,A2297,A383
sup,A2297,A1780
sup,A2297,A314
sup,A2297,A2253
sup,A2299,A1191
sup,A2299,A433
sup,A2299,A1656
sup,A2299,A317
sup,A2299,A883
sup,A2299,A1849
sup,A2299,A146
sup,A2299,A2195
sup,A2299,A1637
sup,A2299,A1225
sup,A2300,A1009
sup,A2300,A1425
sup,A2300,A2582
sup,A2300,A1316
sup,A2300,A2023
sup,A2300,A2764
sup,A2300,A1938
sup,A2300,A2022
sup,A2300,A2581
sup,A2300,A757
sup,A2300,A139
sup,A2300,A2285
sup,A2300,A2713
sup,A2300,A1908
sup,A2300,A1840
sup,A2300,A741
sup,A2300,A1347
sup,A2300,A1275
sup,A2302,A2590
sup,A2302,A2260
sup,A2302,A1742
sup,A2302,A940
sup,A2302,A2567
sup,A2302,A2551
sup,A2302,A574
sup,A2302,A1438
sup,A2302,A2169
sup,A2302,A345
sup,A2302,A1862
sup,A2302,A2353
sup,A2302,A632
sup,A2302,A2222
sup,A2302,A760
sup,A2302,A1249
sup,A2302,A850
sup,A2302,A1479
sup,A2302,A210
sup,A2302,A2399
sup,A2302,A1489
sup,A2302,A211
sup,A2302,A457
sup,A2302,A807
sup,A2302,A1625
sup,A2302,A1073
sup,A2302,A2725
sup,A2302,A2427
sup,A2304,A1605
sup,A2304,A244
sup,A2304,A1743
sup,A2304,A2129
sup,A2304,A1386
sup,A2304,A1895
sup,A2304,A133
sup,A2304,A1758
sup,A2306,A2621
sup,A2306,A656
sup,A2306,A810
sup,A2306,A2025
sup,A2306,A1384
sup,A2306,A1938
sup,A2306,A283
sup,A2306,A348
sup,A2306,A107
sup,A2306,A923
sup,A2306,A687
sup,A2306,A138
sup,A2306,A2448
sup,A2312,A2093
sup,A2312,A2652
sup,A2312,A1494
sup,A2312,A2502
sup,A2312,A1657
sup,A2312,A667
sup,A2312,A1960
sup,A2312,A883
sup,A2312,A881
sup,A2312,A952
sup,A2312,A740
sup,A2312,A2168
sup,A2312,A2530
sup,A2312,A302
sup,A2312,A266
sup,A2312,A2274
sup,A2312,A2237
sup,A2312,A815
sup,A2312,A2341
sup,A2313,A768
sup,A2313,A1519
sup,A2313,A2027
sup,A2313,A1434
sup,A2313,A1861
sup,A2313,A524
sup,A2313,A2794
sup,A2313,A1532
sup,A2313,A2066
sup,A2313,A1315
sup,A2313,A300
sup,A2313,A797
sup,A2313,A834
sup,A2315,A1638
sup,A2315,A1908
sup,A2315,A772
sup,A2315,A2127
sup,A2315,A289
sup,A2315,A2721
sup,A2316,A712
sup,A2316,A444
sup,A2316,A974
sup,A2316,A908
sup,A2316,A1836
sup,A2316,A795
sup,A2316,A2117
sup,A2316,A2338
sup,A2316,A2620
sup,A2316,A1746
sup,A2316,A2034
sup,A2316,A216
sup,A2316,A175
sup,A2316,A7
sup,A2316,A1892
sup,A2316,A842
sup,A2316,A1714
sup,A2316,A1127
sup,A2316,A648
sup,A2316,A1097
sup,A2316,A532
sup,A2316,A1507
sup,A2317,A1795
sup,A2317,A1354
sup,A2317,A1874
sup,A2317,A1475
sup,A2317,A2188
sup,A2317,A843
sup,A2317,A2133
sup,A2317,A920
sup,A2317,A2705
sup,A2317,A155
sup,A2317,A760
sup,A2317,A1636
sup,A2318,A2322
sup,A2318,A2592
sup,A2318,A2331
sup,A2318,A1855
sup,A2318,A1186
sup,A2318,A1208
sup,A2318,A2581
sup,A2318,A2544
sup,A2318,A2448
sup,A2318,A2025
sup,A2318,A242
sup,A2318,A1215
sup,A2318,A1473
sup,A2318,A1830
sup,A2318,A1888
sup,A2321,A717
sup,A2321,A712
sup,A2321,A39
sup,A2321,A1005
sup,A2321,A465
sup,A2321,A1832
sup,A2321,A2261
sup,A2321,A2418
sup,A2321,A1310
sup,A2321,A991
sup,A2321,A1811
sup,A2321,A95
sup,A2321,A1178
sup,A2321,A2274
sup,A2321,A219
sup,A2321,A1516
sup,A2321,A2328
sup,A2321,A2506
sup,A2326,A151
sup,A2326,A1486
sup,A2326,A710
sup,A2326,A864
sup,A2326,A646
sup,A2326,A1851
sup,A2326,A1507
sup,A2326,A187
sup,A2326,A1921
sup,A2326,A2128
sup,A2326,A615
sup,A2326,A2760
sup,A2326,A644
sup,A2326,A2673
sup,A2326,A1746
sup,A2326,A2737
sup,A2326,A1731
sup,A2326,A1740
sup,A2326,A320
sup,A2326,A2271
sup,A2326,A619
sup,A2326,A1846
sup,A2326,A2199
sup,A2326,A1279
sup,A2327,A1629
sup,A2327,A2096
sup,A2327,A430
sup,A2327,A2381
sup,A2327,A940
sup,A2327,A2564
sup,A2327,A2384
sup,A2327,A1178
sup,A2327,A1626
sup,A2327,A1488
sup,A2327,A1636
sup,A2327,A2026
sup,A2327,A2065
sup,A2327,A532
sup,A2327,A387
sup,A2327,A2005
sup,A2327,A1080
sup,A2327,A1726
sup,A2328,A2161
sup,A2328,A2642
sup,A2328,A1537
sup,A2328,A189
sup,A2328,A1661
sup,A2328,A748
sup,A2328,A1536
sup,A2328,A1787
sup,A2328,A1941
sup,A2328,A2362
sup,A2328,A491
sup,A2328,A1722
sup,A2328,A882
sup,A2328,A1118
sup,A2328,A1915
sup,A2328,A75
sup,A2328,A2405
sup,A2328,A142
sup,A2328,A2367
sup,A2328,A2063
sup,A2328,A2431
sup,A2329,A1263
sup,A2329,A1211
sup,A2329,A2736
sup,A2329,A585
sup,A2329,A929
sup,A2329,A2606
sup,A2329,A412
sup,A2329,A1114
sup,A2329,A2090
sup,A2329,A2670
sup,A2329,A177
sup,A2330,A174
sup,A2330,A1859
sup,A2330,A1517
sup,A2330,A2460
sup,A2330,A2305
sup,A2330,A1529
sup,A2330,A1141
sup,A2330,A1486
sup,A2330,A1258
sup,A2330,A1205
sup,A2330,A1792
sup,A2330,A2187
sup,A2330,A2712
sup,A2330,A2719
sup,A2330,A1361
sup,A2330,A1695
sup,A2330,A1161
sup,A2330,A873
sup,A2330,A893
sup,A2330,A2038
sup,A2330,A419
sup,A2331,A837
sup,A2331,A2364
sup,A2331,A379
sup,A2332,A2261
sup,A2332,A2051
sup,A2332,A1316
sup,A2332,A1496
sup,A2332,A1127
sup,A2333,A1694
sup,A2333,A1368
sup,A2333,A891
sup,A2333,A471
sup,A2333,A1441
sup,A2333,A538
sup,A2333,A2404
sup,A2333,A995
sup,A2333,A546
sup,A2333,A660
sup,A2333,A774
sup,A2333,A1530
sup,A2333,A735
sup,A2333,A667
sup,A2333,A2468
sup,A2335,A1448
sup,A2335,A2006
sup,A2335,A949
sup,A2335,A246
sup,A2335,A2017
sup,A2335,A1835
sup,A2335,A76
sup,A2335,A1158
sup,A2335,A1358
sup,A2335,A164
sup,A2335,A1984
sup,A2335,A1998
sup,A2335,A517
sup,A2335,A790
sup,A2335,A2588
sup,A2335,A383
sup,A2335,A2046
sup,A2335,A2653
sup,A2336,A1688
sup,A2336,A1005
sup,A2336,A2782
sup,A2336,A2671
sup,A2336,A490
sup,A2336,A2042
sup,A2336,A315
sup,A2336,A2778
sup,A2336,A768
sup,A2336,A870
sup,A2336,A2301
sup,A2336,A2406
sup,A2342,A973
sup,A2342,A646
sup,A2342,A209
sup,A2342,A2439
sup,A2343,A987
sup,A2343,A1247
sup,A2343,A1969
sup,A2343,A1450
sup,A2343,A312
sup,A2343,A471
sup,A2343,A258
sup,A2343,A1112
sup,A2343,A535
sup,A2343,A2538
sup,A2343,A1671
sup,A2343,A1064
sup,A2343,A1376
sup,A2343,A2030
sup,A2343,A939
sup,A2343,A789
sup,A2343,A871
sup,A2343,A1998
sup,A2343,A2157
sup,A2343,A2032
sup,A2343,A2452
sup,A2343,A758
sup,A2343,A913
sup,A2343,A825
sup,A2343,A862
sup,A2343,A2036
sup,A2343,A2665
sup,A2343,A2685
sup,A2343,A1409
sup,A2343,A2183
sup,A2343,A383
sup,A2343,A1548
sup,A2343,A851
sup,A2344,A426
sup,A2344,A1511
sup,A2344,A30
sup,A2344,A2328
sup,A2344,A1565
sup,A2344,A1005
sup,A2344,A2646
sup,A2344,A810
sup,A2346,A287
sup,A2346,A177
sup,A2346,A1355
sup,A2346,A33
sup,A2346,A1197
sup,A2346,A2421
sup,A2346,A1509
sup,A2346,A711
sup,A2346,A1595
sup,A2346,A2272
sup,A2346,A1682
sup,A2346,A927
sup,A2346,A1991
sup,A2346,A2796
sup,A2346,A515
sup,A2346,A2088
sup,A2346,A693
sup,A2346,A1394
sup,A2346,A2316
sup,A2346,A5
sup,A2346,A215
sup,A2346,A1502
sup,A2346,A1566
sup,A2349,A239
sup,A2352,A627
sup,A2352,A1057
sup,A2352,A2168
sup,A2352,A2312
sup,A2352,A350
sup,A2352,A989
sup,A2352,A1899
sup,A2352,A202
sup,A2352,A68
sup,A2352,A2300
sup,A2352,A79
sup,A2356,A2319
sup,A2356,A706
sup,A2356,A2233
sup,A2356,A1833
sup,A2356,A2604
sup,A2356,A2042
sup,A2356,A1738
sup,A2356,A2770
sup,A2356,A269
sup,A2356,A1711
sup,A2356,A1618
sup,A2356,A1424
sup,A2356,A2032
sup,A2356,A1282
sup,A2356,A1034
sup,A2356,A729
sup,A2356,A2191
sup,A2356,A819
sup,A2358,A2718
sup,A2358,A2649
sup,A2358,A388
sup,A2358,A1375
sup,A2358,A1943
sup,A2358,A1367
sup,A2358,A838
sup,A2359,A1105
sup,A2359,A2134
sup,A2359,A1323
sup,A2359,A1942
sup,A2359,A2380
sup,A2359,A1231
sup,A2359,A37
sup,A2359,A550
sup,A2359,A819
sup,A2359,A1965
sup,A2359,A1987
sup,A2359,A1116
sup,A2359,A488
sup,A2359,A2445
sup,A2359,A312
sup,A2359,A2658
sup,A2359,A1578
sup,A2359,A1191
sup,A2359,A2153
sup,A2359,A2250
sup,A2359,A1995
sup,A2359,A413
sup,A2360,A721
sup,A2360,A789
sup,A2360,A915
sup,A2360,A743
sup,A2360,A2158
sup,A2360,A2693
sup,A2360,A2785
sup,A2360,A1545
sup,A2360,A1361
sup,A2360,A2305
sup,A2360,A1683
sup,A2360,A1301
sup,A2360,A1741
sup,A2360,A1313
sup,A2360,A2524
sup,A2360,A383
sup,A2360,A2349
sup,A2360,A1956
sup,A2360,A2711
sup,A2360,A2103
sup,A2360,A1868
sup,A2360,A2521
sup,A2360,A974
sup,A2360,A2525
sup,A2363,A160
sup,A2363,A1798
sup,A2364,A764
sup,A2364,A40
sup,A2364,A2638
sup,A2364,A1194
sup,A2364,A2783
sup,A2364,A1395
sup,A2364,A1753
sup,A2364,A1642
sup,A2364,A1971
sup,A2364,A2345
sup,A2364,A1284
sup,A2364,A749
sup,A2364,A867
sup,A2364,A113
sup,A2364,A2083
sup,A2364,A754
sup,A2364,A601
sup,A2364,A191
sup,A2364,A205
sup,A2364,A157
sup,A2364,A1050
sup,A2364,A911
sup,A2366,A75
sup,A2366,A2767
sup,A2366,A1777
sup,A2366,A1594
sup,A2366,A2156
sup,A2366,A2398
sup,A2366,A2511
sup,A2366,A331
sup,A2366,A358
sup,A2366,A429
sup,A2367,A2262
sup,A2367,A2777
sup,A2367,A1300
sup,A2367,A230
sup,A2367,A2692
sup,A2367,A2670
sup,A2367,A2040
sup,A2367,A1993
sup,A2367,A872
sup,A2368,A2030
sup,A2368,A1534
sup,A2368,A2104
sup,A2368,A485
sup,A2368,A1407
sup,A2368,A2222
sup,A2369,A141
sup,A2369,A2771
sup,A2369,A50
sup,A2369,A2561
sup,A2369,A1746
sup,A2369,A2170
sup,A2369,A154
sup,A2369,A1998
sup,A2371,A1635
sup,A2371,A420
sup,A2371,A1473
sup,A2371,A2320
sup,A2371,A2263
sup,A2371,A1808
sup,A2371,A937
sup,A2371,A1384
sup,A2371,A2661
sup,A2371,A1112
sup,A2371,A2673
sup,A2371,A2598
sup,A2371,A711
sup,A2371,A286
sup,A2371,A387
sup,A2371,A1841
sup,A2371,A929
sup,A2371,A2198
sup,A2371,A2039
sup,A2372,A1084
sup,A2372,A2309
sup,A2372,A1909
sup,A2372,A2446
sup,A2372,A1507
sup,A2372,A1128
sup,A2373,A1284
sup,A2373,A329
sup,A2373,A1304
sup,A2373,A1760
sup,A2373,A1615
sup,A2373,A2688
sup,A2377,A2367
sup,A2377,A2650
sup,A2377,A1037
sup,A2377,A708
sup,A2377,A141
sup,A2377,A2562
sup,A2377,A1174
sup,A2377,A2346
sup,A2377,A2096
sup,A2377,A2088
sup,A2377,A705
sup,A2377,A2656
sup,A2377,A1576
sup,A2377,A320
sup,A2377,A2182
sup,A2377,A1387
sup,A2377,A865
sup,A2378,A2692
sup,A2378,A1489
sup,A2378,A1802
sup,A2378,A2344
sup,A2378,A1507
sup,A2378,A1808
sup,A2378,A31
sup,A2378,A132
sup,A2378,A1285
sup,A2378,A2602
sup,A2378,A1459
sup,A2378,A1994
sup,A2378,A2770
sup,A2378,A75
sup,A2378,A585
sup,A2378,A2312
sup,A2378,A2371
sup,A2378,A1006
sup,A2378,A379
sup,A2380,A837
sup,A2380,A1296
sup,A2380,A297
sup,A2380,A647
sup,A2380,A1720
sup,A2380,A347
sup,A2380,A2518
sup,A2380,A845
sup,A2380,A976
sup,A2380,A2452
sup,A2380,A2184
sup,A2380,A806
sup,A2380,A1731
sup,A2380,A2226
sup,A2380,A708
sup,A2380,A66
sup,A2381,A2407
sup,A2381,A2271
sup,A2381,A1244
sup,A2381,A1216
sup,A2381,A1089
sup,A2381,A891
sup,A2381,A193
sup,A2381,A514
sup,A2381,A1985
sup,A2381,A2602
sup,A2381,A444
sup,A2381,A538
sup,A2381,A1581
sup,A2381,A2779
sup,A2381,A1885
sup,A2381,A2194
sup,A2381,A1331
sup,A2381,A670
sup,A2381,A347
sup,A2381,A2363
sup,A2381,A1706
sup,A2381,A2045
sup,A2381,A2152
sup,A2382,A1570
sup,A2382,A2063
sup,A2382,A637
sup,A2382,A384
sup,A2382,A1542
sup,A2382,A2168
sup,A2382,A1783
sup,A2382,A2024
sup,A2382,A2372
sup,A2382,A2436
sup,A2382,A2689
sup,A2382,A2214
sup,A2382,A447
sup,A2384,A965
sup,A2384,A2328
sup,A2384,A822
sup,A2384,A2280
sup,A2384,A652
sup,A2384,A284
sup,A2384,A2466
sup,A2384,A748
sup,A2384,A2786
sup,A2384,A1784
sup,A2384,A1033
sup,A2384,A858
sup,A2384,A2057
sup,A2385,A22
sup,A2385,A2701
sup,A2385,A1333
sup,A2385,A2663
sup,A2385,A2261
sup,A2385,A2300
sup,A2385,A1847
sup,A2385,A298
sup,A2385,A2338
sup,A2385,A595
sup,A2385,A2236
sup,A2385,A1381
sup,A2386,A518
sup,A2386,A1475
sup,A2386,A1517
sup,A2386,A409
sup,A2386,A2608
sup,A2386,A1723
sup,A2386,A2452
sup,A2386,A2041
sup,A2386,A806
sup,A2386,A1292
sup,A2386,A927
sup,A2386,A1350
sup,A2386,A2638
sup,A2386,A1101
sup,A2386,A2685
sup,A2386,A2266
sup,A2386,A2717
sup,A2386,A2264
sup,A2386,A21
sup,A2386,A1454
sup,A2386,A653
sup,A2386,A1725
sup,A2386,A450
sup,A2389,A2477
sup,A2389,A2592
sup,A2389,A1182
sup,A2389,A110
sup,A2389,A958
sup,A2389,A1500
sup,A2389,A126
sup,A2389,A274
sup,A2389,A2645
sup,A2389,A2053
sup,A2389,A71
sup,A2389,A1885
sup,A2389,A28
sup,A2389,A2583
sup,A2389,A331
sup,A2389,A2135
sup,A2389,A2315
sup,A2389,A564
sup,A2393,A1932
sup,A2393,A1975
sup,A2393,A2739
sup,A2393,A2379
sup,A2393,A823
sup,A2393,A2136
sup,A2393,A2438
sup,A2393,A693
sup,A2393,A1492
sup,A2393,A1177
sup,A2393,A124
sup,A2393,A2528
sup,A2396,A2327
sup,A2396,A2228
sup,A2396,A2752
sup,A2396,A1479
sup,A2396,A1214
sup,A2398,A2298
sup,A2398,A1197
sup,A2398,A2596
sup,A2398,A2436
sup,A2398,A967
sup,A2398,A2111
sup,A2398,A278
sup,A2398,A1832
sup,A2398,A927
sup,A2398,A2154
sup,A2398,A1422
sup,A2398,A2793
sup,A2398,A545
sup,A2398,A2308
sup,A2398,A1871
sup,A2398,A179
sup,A2398,A1401
sup,A2398,A1640
sup,A2398,A1827
sup,A2398,A160
sup,A2398,A30
sup,A2398,A1561
sup,A2398,A1634
sup,A2398,A214
sup,A2398,A2783
sup,A2405,A2587
sup,A2405,A1116
sup,A2405,A983
sup,A2405,A69
sup,A2405,A598
sup,A2405,A1812
sup,A2405,A54
sup,A2405,A2756
sup,A2405,A1029
sup,A2405,A1195
sup,A2405,A1269
sup,A2405,A534
sup,A2405,A2506
sup,A2405,A1697
sup,A2405,A2593
sup,A2405,A2543
sup,A2405,A122
sup,A2405,A848
sup,A2405,A852
sup,A2406,A2053
sup,A2406,A1622
sup,A2406,A2526
sup,A2406,A1832
sup,A2406,A2497
sup,A2411,A1476
sup,A2411,A1
sup,A2411,A1457
sup,A2411,A2529
sup,A2412,A1057
sup,A2412,A26
sup,A2412,A1648
sup,A2412,A671
sup,A2412,A451
sup,A2412,A1951
sup,A2412,A2767
sup,A2412,A750
sup,A2412,A466
sup,A2412,A1939
sup,A2412,A2674
sup,A2412,A1055
sup,A2412,A252
sup,A2412,A1955
sup,A2412,A1793
sup,A2412,A976
sup,A2412,A1448
sup,A2412,A2275
sup,A2412,A717
sup,A2412,A1547
sup,A2412,A679
sup,A2412,A832
sup,A2412,A545
sup,A2412,A535
sup,A2412,A370
sup,A2412,A377
sup,A2412,A1229
sup,A2412,A884
sup,A2412,A1293
sup,A2412,A49
sup,A2413,A1204
sup,A2413,A890
sup,A2414,A1578
sup,A2414,A272
sup,A2414,A1639
sup,A2414,A790
sup,A2414,A217
sup,A2414,A555
sup,A2414,A1136
sup,A2414,A1914
sup,A2414,A1655
sup,A2414,A1090
sup,A2414,A813
sup,A2414,A2731
sup,A2414,A259
sup,A2414,A1712
sup,A2414,A472
sup,A2414,A1211
sup,A2414,A248
sup,A2415,A936
sup,A2415,A2274
sup,A2415,A481
sup,A2415,A1682
sup,A2415,A2326
sup,A2415,A2247
sup,A2415,A608
sup,A2415,A1294
sup,A2415,A496
sup,A2415,A521
sup,A2415,A2105
sup,A2419,A1942
sup,A2419,A2763
sup,A2419,A1543
sup,A2419,A1733
sup,A2419,A2291
sup,A2419,A1768
sup,A2419,A506
sup,A2419,A1224
sup,A2419,A492
sup,A2419,A64
sup,A2419,A1256
sup,A2419,A1326
sup,A2422,A2115
sup,A2422,A1790
sup,A2422,A1587
sup,A2422,A324
sup,A2422,A1819
sup,A2422,A1437
sup,A2422,A76
sup,A2422,A332
sup,A2422,A2276
sup,A2422,A932
sup,A2422,A1333
sup,A2423,A1325
sup,A2423,A1703
sup,A2423,A2126
sup,A2423,A1704
sup,A2423,A726
sup,A2423,A2154
sup,A2423,A142
sup,A2423,A2171
sup,A2423,A1637
sup,A2423,A2085
sup,A2423,A405
sup,A2423,A1337
sup,A2423,A2556
sup,A2423,A1472
sup,A2423,A52
sup,A2423,A514
sup,A2423,A1130
sup,A2423,A125
sup,A2424,A322
sup,A2424,A1820
sup,A2424,A2456
sup,A2424,A962
sup,A2426,A1600
sup,A2426,A606
sup,A2426,A267
sup,A2426,A993
sup,A2426,A921
sup,A2426,A927
sup,A2427,A324
sup,A2427,A899
sup,A2427,A1761
sup,A2427,A894
sup,A2427,A1729
sup,A2427,A2105
sup,A2427,A1188
sup,A2427,A1013
sup,A2427,A2543
sup,A2427,A2277
sup,A2428,A1965
sup,A2428,A240
sup,A2428,A1490
sup,A2428,A1025
sup,A2428,A883
sup,A2428,A1521
sup,A2428,A1661
sup,A2428,A1572
sup,A2428,A227
sup,A2429,A2334
sup,A2429,A2331
sup,A2429,A1250
sup,A2429,A2649
sup,A2429,A560
sup,A2429,A2485
sup,A2429,A2676
sup,A2429,A2020
sup,A2429,A2247
sup,A2429,A2410
sup,A2429,A44
sup,A2429,A2010
sup,A2430,A2710
sup,A2430,A1509
sup,A2430,A1608
sup,A2430,A1282
sup,A2430,A1050
sup,A2430,A995
sup,A2430,A2493
sup,A2430,A231
sup,A2430,A242
sup,A2430,A579
sup,A2430,A527
sup,A2430,A2192
sup,A2430,A2466
sup,A2430,A487
sup,A2430,A2236
sup,A2430,A328
sup,A2430,A80
sup,A2430,A2525
sup,A2430,A2574
sup,A2431,A313
sup,A2431,A2409
sup,A2431,A2762
sup,A2431,A2230
sup,A2431,A1935
sup,A2431,A1621
sup,A2431,A678
sup,A2431,A1194
sup,A2431,A42
sup,A2431,A2392
sup,A2432,A907
sup,A2432,A85
sup,A2432,A1009
sup,A2432,A2395
sup,A2432,A2770
sup,A2432,A217
sup,A2433,A503
sup,A2433,A2068
sup,A2433,A114
sup,A2433,A2527
sup,A2433,A994
sup,A2433,A921
sup,A2433,A1457
sup,A2440,A829
sup,A2440,A152
sup,A2440,A1741
sup,A2440,A1916
sup,A2440,A819
sup,A2440,A2153
sup,A2440,A1369
sup,A2440,A2268
sup,A2440,A2114
sup,A2440,A1006
sup,A2440,A470
sup,A2440,A1340
sup,A2440,A1119
sup,A2440,A125
sup,A2440,A466
sup,A2440,A504
sup,A2440,A2122
sup,A2440,A1614
sup,A2440,A2743
sup,A2440,A1978
sup,A2440,A1834
sup,A2440,A2554
sup,A2442,A2570
sup,A2442,A2429
sup,A2442,A1289
sup,A2442,A302
sup,A2442,A1115
sup,A2442,A918
sup,A2442,A2139
sup,A2442,A1387
sup,A2442,A467
sup,A2442,A194
sup,A2442,A94
sup,A2442,A2269
sup,A2442,A737
sup,A2442,A731
sup,A2442,A544
sup,A2442,A679
sup,A2442,A1188
sup,A2442,A683
sup,A2442,A1722
sup,A2442,A2372
sup,A2442,A222
sup,A2445,A1442
sup,A2445,A1062
sup,A2445,A169
sup,A2448,A2361
sup,A2448,A1666
sup,A2449,A1455
sup,A2449,A1389
sup,A2449,A1195
sup,A2449,A916
sup,A2449,A377
sup,A2449,A2205
sup,A2449,A1059
sup,A2449,A1230
sup,A2450,A1251
sup,A2450,A1580
sup,A2450,A4
sup,A2450,A2679
sup,A2450,A1100
sup,A2450,A2724
sup,A2450,A2054
sup,A2450,A2791
sup,A2450,A962
sup,A2450,A2341
sup,A2450,A2635
sup,A2450,A1928
sup,A2450,A2354
sup,A2450,A437
sup,A2450,A2651
sup,A2450,A448
sup,A2450,A2144
sup,A2450,A1320
sup,A2450,A940
sup,A2450,A1400
sup,A2450,A1062
sup,A2450,A2265
sup,A2450,A793
sup,A2450,A818
sup,A2450,A1728
sup,A2450,A1558
sup,A2450,A233
sup,A2450,A813
sup,A2450,A43
sup,A2450,A2710
sup,A2450,A121
sup,A2450,A36
sup,A2451,A1211
sup,A2451,A1253
sup,A2451,A2556
sup,A2451,A1591
sup,A2451,A961
sup,A2451,A1423
sup,A2451,A89
sup,A2451,A2492
sup,A2451,A2416
sup,A2451,A140
sup,A2451,A277
sup,A2451,A720
sup,A2451,A998
sup,A2451,A661
sup,A2451,A2493
sup,A2451,A747
sup,A2451,A2784
sup,A2451,A2181
sup,A2451,A1070
sup,A2451,A1302
sup,A2451,A534
sup,A2451,A2221
sup,A2451,A2332
sup,A2451,A221
sup,A2454,A1217
sup,A2454,A447
sup,A2454,A705
sup,A2454,A324
sup,A2454,A1562
sup,A2454,A1624
sup,A2454,A2097
sup,A2454,A2064
sup,A2454,A2447
sup,A2454,A196
sup,A2455,A607
sup,A2455,A1524
sup,A2455,A728
sup,A2455,A141
sup,A2455,A2038
sup,A2455,A719
sup,A2455,A2124
sup,A2455,A1599
sup,A2455,A2045
sup,A2455,A1276
sup,A2458,A1962
sup,A2458,A832
sup,A2458,A516
sup,A2458,A712
sup,A2458,A1991
sup,A2458,A231
sup,A2458,A2626
sup,A2458,A111
sup,A2459,A716
sup,A2459,A1578
sup,A2459,A561
sup,A2459,A674
sup,A2459,A338
sup,A2459,A2190
sup,A2459,A1550
sup,A2459,A1610
sup,A2459,A487
sup,A2459,A103
sup,A2459,A1875
sup,A2459,A1803
sup,A2459,A2285
sup,A2459,A1735
sup,A2459,A1249
sup,A2459,A2014
sup,A2459,A214
sup,A2459,A2367
sup,A2459,A1271
sup,A2459,A2153
sup,A2459,A2336
sup,A2459,A241
sup,A2460,A1671
sup,A2460,A1317
sup,A2460,A799
sup,A2460,A115
sup,A2460,A124
sup,A2460,A1726
sup,A2460,A624
sup,A2460,A1271
sup,A2460,A2728
sup,A2460,A2787
sup,A2460,A932
sup,A2460,A1484
sup,A2460,A1873
sup,A2460,A753
sup,A2460,A1825
sup,A2460,A2710
sup,A2460,A423
sup,A2460,A1108
sup,A2460,A2633
sup,A2460,A44
sup,A2460,A1826
sup,A2460,A891
sup,A2460,A2759
sup,A2460,A26
sup,A2460,A980
sup,A2461,A916
sup,A2461,A437
sup,A2461,A1022
sup,A2461,A65
sup,A2461,A1334
sup,A2461,A586
sup,A2461,A2167
sup,A2461,A2187
sup,A2461,A748
sup,A2461,A1547
sup,A2464,A1611
sup,A2464,A977
sup,A2464,A1907
sup,A2464,A2116
sup,A2464,A1342
sup,A2464,A2341
sup,A2464,A1299
sup,A2464,A1097
sup,A2464,A740
sup,A2464,A1693
sup,A2464,A1436
sup,A2464,A1511
sup,A2464,A1716
sup,A2464,A2503
sup,A2464,A2291
sup,A2464,A1822
sup,A2464,A2235
sup,A2464,A674
sup,A2464,A2499
sup,A2464,A2596
sup,A2464,A1588
sup,A2464,A1237
sup,A2464,A2612
sup,A2464,A1015
sup,A2464,A1092
sup,A2465,A1018
sup,A2465,A2114
sup,A2465,A2247
sup,A2465,A200
sup,A2465,A129
sup,A2465,A42
sup,A2465,A1184
sup,A2465,A2080
sup,A2465,A2231
sup,A2465,A1995
sup,A2465,A478
sup,A2465,A2068
sup,A2465,A260
sup,A2465,A2740
sup,A2465,A1887
sup,A2465,A1814
sup,A2465,A773
sup,A2465,A105
sup,A2465,A171
sup,A2465,A2352
sup,A2465,A2168
sup,A2472,A2574
sup,A2472,A523
sup,A2472,A105
sup,A2472,A1627
sup,A2472,A1485
sup,A2472,A79
sup,A2473,A1861
sup,A2473,A1814
sup,A2473,A1526
sup,A2473,A2603
sup,A2473,A190
sup,A2473,A1824
sup,A2473,A1849
sup,A2473,A1221
sup,A2473,A482
sup,A2473,A2746
sup,A2473,A839
sup,A2473,A1273
sup,A2473,A2424
sup,A2473,A16
sup,A2473,A1574
sup,A2473,A35
sup,A2473,A1587
sup,A2473,A1553
sup,A2473,A169
sup,A2473,A53
sup,A2473,A339
sup,A2475,A903
sup,A2475,A2781
sup,A2475,A1018
sup,A2475,A2635
sup,A2475,A1458
sup,A2475,A1622
sup,A2475,A1393
sup,A2475,A806
sup,A2475,A1418
sup,A2475,A2278
sup,A2475,A207
sup,A2475,A2000
sup,A2475,A813
sup,A2482,A1665
sup,A2482,A1435
sup,A2482,A320
sup,A2482,A1504
sup,A2482,A2138
sup,A2482,A781
sup,A2482,A2219
sup,A2482,A224
sup,A2482,A1941
sup,A2482,A2141
sup,A2482,A124
sup,A2482,A1197
sup,A2482,A231
sup,A2482,A495
sup,A2482,A784
sup,A2482,A2463
sup,A2482,A389
sup,A2482,A2173
sup,A2482,A2122
sup,A2482,A1255
sup,A2482,A421
sup,A2483,A2622
sup,A2483,A2616
sup,A2483,A599
sup,A2483,A1458
sup,A2483,A2347
sup,A2483,A261
sup,A2483,A822
sup,A2483,A1483
sup,A2486,A2670
sup,A2486,A2601
sup,A2486,A105
sup,A2486,A1545
sup,A2486,A302
sup,A2486,A2245
sup,A2486,A1941
sup,A2486,A2171
sup,A2486,A763
sup,A2486,A14
sup,A2486,A1240
sup,A2486,A258
sup,A2486,A1403
sup,A2486,A2208
sup,A2487,A2539
sup,A2487,A1996
sup,A2487,A1015
sup,A2487,A2472
sup,A2487,A1618
sup,A2488,A1911
sup,A2488,A2112
sup,A2488,A2015
sup,A2488,A837
sup,A2488,A47
sup,A2488,A2458
sup,A2488,A2726
sup,A2488,A1529
sup,A2488,A460
sup,A2488,A157
sup,A2488,A2384
sup,A2488,A591
sup,A2488,A870
sup,A2488,A1022
sup,A2488,A1328
sup,A2489,A503
sup,A2489,A1309
sup,A2489,A2471
sup,A2489,A2412
sup,A2489,A215
sup,A2489,A611
sup,A2489,A948
sup,A2489,A2298
sup,A2489,A2061
sup,A2489,A1643
sup,A2489,A1487
sup,A2489,A1865
sup,A2489,A1330
sup,A2489,A161
sup,A2489,A2632
sup,A2489,A715
sup,A2489,A482
sup,A2489,A2323
sup,A2489,A358
sup,A2489,A1485
sup,A2489,A1461
sup,A2489,A786
sup,A2489,A2447
sup,A2489,A732
sup,A2489,A653
sup,A2489,A2325
sup,A2489,A2017
sup,A2490,A280
sup,A2490,A1810
sup,A2490,A962
sup,A2490,A2181
sup,A2490,A573
sup,A2490,A237
sup,A2490,A35
sup,A2490,A920
sup,A2490,A955
sup,A2490,A2699
sup,A2490,A1376
sup,A2490,A285
sup,A2490,A1267
sup,A2490,A1242
sup,A2490,A2258
sup,A2491,A2687
sup,A2491,A1402
sup,A2491,A1206
sup,A2491,A2312
sup,A2491,A1990
sup,A2491,A2597
sup,A2491,A573
sup,A2491,A103
sup,A2491,A1059
sup,A2491,A781
sup,A2493,A715
sup,A2493,A744
sup,A2493,A2162
sup,A2493,A696
sup,A2493,A1304
sup,A2493,A1825
sup,A2493,A1200
sup,A2493,A1602
sup,A2493,A333
sup,A2497,A1998
sup,A2497,A1545
sup,A2497,A167
sup,A2497,A453
sup,A2497,A375
sup,A2497,A1934
sup,A2497,A2550
sup,A2497,A219
sup,A2497,A607
sup,A2497,A346
sup,A2497,A1976
sup,A2497,A2435
sup,A2497,A916
sup,A2497,A344
sup,A2497,A745
sup,A2497,A935
sup,A2497,A1476
sup,A2497,A1983
sup,A2497,A149
sup,A2497,A2063
sup,A2497,A179
sup,A2497,A1663
sup,A2497,A849
sup,A2497,A2505
sup,A2497,A949
sup,A2497,A857
sup,A2497,A2536
sup,A2497,A2226
sup,A2497,A537
sup,A2497,A390
sup,A2497,A168
sup,A2497,A870
sup,A2498,A994
sup,A2498,A1887
sup,A2498,A2387
sup,A2498,A1487
sup,A2498,A678
sup,A2498,A30
sup,A2498,A1907
sup,A2498,A160
sup,A2498,A2314
sup,A2499,A1083
sup,A2499,A1271
sup,A2499,A1834
sup,A2499,A703
sup,A2499,A1623
sup,A2499,A1153
sup,A2499,A364
sup,A2499,A1771
sup,A2499,A1984
sup,A2499,A709
sup,A2499,A1725
sup,A2499,A845
sup,A2499,A744
sup,A2499,A975
sup,A2499,A1014
sup,A2500,A1394
sup,A2500,A594
sup,A2500,A706
sup,A2500,A1744
sup,A2500,A164
sup,A2500,A1160
sup,A2500,A2156
sup,A2500,A1859
sup,A2500,A374
sup,A2500,A1338
sup,A2500,A2702
sup,A2500,A872
sup,A2500,A1442
sup,A2501,A1596
sup,A2503,A2683
sup,A2503,A1602
sup,A2503,A2094
sup,A2503,A157
sup,A2503,A2382
sup,A2503,A1416
sup,A2503,A2719
sup,A2503,A1917
sup,A2503,A2742
sup,A2503,A1949
sup,A2503,A1608
sup,A2503,A1707
sup,A2503,A175
sup,A2503,A2781
sup,A2503,A1101
sup,A2503,A1220
sup,A2503,A2654
sup,A2503,A383
sup,A2503,A1724
sup,A2503,A681
sup,A2503,A1408
sup,A2503,A749
sup,A2503,A825
sup,A2503,A871
sup,A2503,A745
sup,A2509,A2212
sup,A2509,A893
sup,A2509,A2753
sup,A2509,A847
sup,A2509,A239
sup,A2509,A1287
sup,A2509,A1329
sup,A2509,A212
sup,A2509,A2745
sup,A2509,A298
sup,A2511,A2671
sup,A2511,A417
sup,A2511,A2761
sup,A2511,A893
sup,A2511,A2700
sup,A2511,A2210
sup,A2511,A919
sup,A2511,A991
sup,A2512,A2177
sup,A2512,A1871
sup,A2512,A2186
sup,A2512,A1986
sup,A2512,A1716
sup,A2512,A335
sup,A2512,A1159
sup,A2512,A348
sup,A2512,A2271
sup,A2512,A358
sup,A2512,A1027
sup,A2512,A2496
sup,A2512,A1684
sup,A2512,A821
sup,A2512,A1769
sup,A2513,A1303
sup,A2513,A511
sup,A2513,A1112
sup,A2513,A1949
sup,A2513,A236
sup,A2513,A313
sup,A2513,A1692
sup,A2513,A0
sup,A2513,A2145
sup,A2513,A681
sup,A2513,A1477
sup,A2513,A234
sup,A2514,A1827
sup,A2514,A15
sup,A2514,A2461
sup,A2514,A682
sup,A2514,A163
sup,A2514,A788
sup,A2514,A441
sup,A2514,A1478
sup,A2514,A178
sup,A2514,A844
sup,A2516,A2348
sup,A2516,A1014
sup,A2516,A2122
sup,A2516,A1531
sup,A2516,A2353
sup,A2516,A565
sup,A2516,A2506
sup,A2516,A1364
sup,A2516,A1728
sup,A2516,A2097
sup,A2516,A2500
sup,A2516,A704
sup,A2516,A2171
sup,A2516,A2661
sup,A2516,A768
sup,A2516,A969
sup,A2516,A1174
sup,A2516,A2439
sup,A2516,A152
sup,A2516,A1669
sup,A2516,A1261
sup,A2518,A1780
sup,A2518,A1472
sup,A2518,A2521
sup,A2518,A2125
sup,A2518,A2360
sup,A2522,A1538
sup,A2522,A1594
sup,A2522,A1443
sup,A2522,A1034
sup,A2523,A2533
sup,A2523,A288
sup,A2523,A1630
sup,A2525,A2092
sup,A2525,A35
sup,A2525,A2613
sup,A2525,A708
sup,A2525,A2195
sup,A2525,A1815
sup,A2525,A253
sup,A2525,A658
sup,A2525,A1810
sup,A2525,A776
sup,A2525,A2463
sup,A2525,A568
sup,A2525,A1901
sup,A2526,A1405
sup,A2526,A62
sup,A2526,A92
sup,A2526,A106
sup,A2526,A1989
sup,A2526,A2365
sup,A2526,A1740
sup,A2526,A228
sup,A2526,A2481
sup,A2526,A1193
sup,A2526,A2752
sup,A2526,A874
sup,A2526,A2262
sup,A2526,A930
sup,A2526,A358
sup,A2526,A2798
sup,A2528,A2606
sup,A2528,A911
sup,A2528,A69
sup,A2528,A1093
sup,A2528,A2196
sup,A2528,A914
sup,A2529,A1811
sup,A2529,A2518
sup,A2529,A1392
sup,A2529,A1036
sup,A2529,A560
sup,A2529,A2752
sup,A2529,A2475
sup,A2529,A1853
sup,A2529,A2680
sup,A2529,A383
sup,A2529,A1793
sup,A2529,A767
sup,A2529,A1620
sup,A2529,A2596
sup,A2529,A1772
sup,A2529,A2187
sup,A2531,A90
sup,A2531,A1073
sup,A2531,A2213
sup,A2531,A2090
sup,A2531,A375
sup,A2531,A965
sup,A2531,A246
sup,A2531,A1640
sup,A2531,A2633
sup,A2531,A2112
sup,A2531,A1643
sup,A2531,A1716
sup,A2531,A1872
sup,A2531,A2607
sup,A2531,A895
sup,A2531,A1734
sup,A2531,A1802
sup,A2531,A721
sup,A2531,A1401
sup,A2531,A2497
sup,A2531,A627
sup,A2531,A1766
sup,A2531,A1075
sup,A2531,A1578
sup,A2531,A1212
sup,A2531,A456
sup,A2533,A2353
sup,A2533,A330
sup,A2533,A2474
sup,A2533,A49
sup,A2533,A2190
sup,A2533,A1884
sup,A2533,A2590
sup,A2533,A2586
sup,A2533,A923
sup,A2533,A2016
sup,A2533,A2204
sup,A2533,A1713
sup,A2533,A1439
sup,A2533,A1978
sup,A2533,A584
sup,A2533,A68
sup,A2533,A1704
sup,A2534,A1557
sup,A2534,A423
sup,A2534,A1203
sup,A2534,A2375
sup,A2534,A991
sup,A2534,A596
sup,A2534,A1201
sup,A2534,A746
sup,A2534,A1079
sup,A2534,A156
sup,A2534,A203
sup,A2534,A512
sup,A2534,A2383
sup,A2534,A1452
sup,A2534,A1765
sup,A2534,A637
sup,A2534,A2378
sup,A2537,A1080
sup,A2537,A2473
sup,A2537,A671
sup,A2537,A439
sup,A2537,A2492
sup,A2537,A1590
sup,A2540,A56
sup,A2540,A208
sup,A2540,A1932
sup,A2540,A962
sup,A2540,A396
sup,A2540,A392
sup,A2540,A1354
sup,A2540,A239
sup,A2540,A2621
sup,A2540,A605
sup,A2540,A1827
sup,A2540,A1544
sup,A2544,A156
sup,A2544,A702
sup,A2544,A230
sup,A2544,A1705
sup,A2544,A1589
sup,A2544,A449
sup,A2544,A2533
sup,A2544,A1503
sup,A2544,A2466
sup,A2544,A1929
sup,A2544,A765
sup,A2544,A2431
sup,A2544,A2525
sup,A2544,A1391
sup,A2544,A1177
sup,A2546,A428
sup,A2546,A765
sup,A2546,A48
sup,A2550,A970
sup,A2550,A1216
sup,A2550,A1282
sup,A2550,A1474
sup,A2550,A2061
sup,A2550,A507
sup,A2551,A2119
sup,A2551,A1496
sup,A2551,A982
sup,A2551,A4
sup,A2551,A1290
sup,A2551,A1718
sup,A2551,A2480
sup,A2551,A751
sup,A2551,A1509
sup,A2551,A2494
sup,A2551,A2062
sup,A2551,A679
sup,A2551,A2716
sup,A2551,A353
sup,A2551,A2237
sup,A2551,A1079
sup,A2551,A1909
sup,A2551,A2397
sup,A2551,A1270
sup,A2551,A360
sup,A2551,A2066
sup,A2551,A1024
sup,A2551,A1818
sup,A2553,A97
sup,A2553,A1723
sup,A2553,A713
sup,A2553,A1153
sup,A2553,A622
sup,A2553,A397
sup,A2553,A2450
sup,A2554,A503
sup,A2554,A425
sup,A2554,A2432
sup,A2554,A2446
sup,A2554,A2383
sup,A2554,A187
sup,A2554,A990
sup,A2554,A224
sup,A2554,A1020
sup,A2554,A867
sup,A2554,A2321
sup,A2554,A1139
sup,A2554,A314
sup,A2554,A399
sup,A2554,A2577
sup,A2554,A744
sup,A2554,A681
sup,A2554,A1231
sup,A2554,A1851
sup,A2554,A2453
sup,A2554,A326
sup,A2564,A2458
sup,A2564,A2273
sup,A2564,A1693
sup,A2564,A2798
sup,A2564,A1359
sup,A2564,A1947
sup,A2564,A773
sup,A2564,A2753
sup,A2564,A1004
sup,A2564,A2461
sup,A2564,A1379
sup,A2564,A165
sup,A2564,A577
sup,A2564,A2718
sup,A2564,A792
sup,A2564,A673
sup,A2564,A1011
sup,A2564,A2158
sup,A2564,A1972
sup,A2564,A1671
sup,A2564,A2429
sup,A2564,A2290
sup,A2564,A1464
sup,A2567,A2789
sup,A2567,A2369
sup,A2567,A701
sup,A2567,A215
sup,A2567,A1181
sup,A2567,A1339
sup,A2567,A689
sup,A2567,A447
sup,A2567,A2148
sup,A2567,A294
sup,A2567,A436
sup,A2567,A1495
sup,A2567,A938
sup,A2567,A2193
sup,A2567,A1461
sup,A2567,A957
sup,A2567,A1587
sup,A2567,A2228
sup,A2567,A1419
sup,A2567,A2647
sup,A2567,A1864
sup,A2567,A1393
sup,A2567,A423
sup,A2567,A2703
sup,A2567,A2350
sup,A2567,A718
sup,A2567,A737
sup,A2568,A2617
sup,A2568,A2092
sup,A2568,A1395
sup,A2568,A2088
sup,A2569,A275
sup,A2569,A2512
sup,A2569,A895
sup,A2569,A773
sup,A2569,A1880
sup,A2569,A797
sup,A2569,A1042
sup,A2569,A1456
sup,A2569,A1196
sup,A2569,A1571
sup,A2569,A2433
sup,A2569,A157
sup,A2569,A2122
sup,A2569,A43
sup,A2569,A2244
sup,A2569,A904
sup,A2569,A1505
sup,A2569,A2482
sup,A2569,A2514
sup,A2569,A659
sup,A2569,A1139
sup,A2569,A1530
sup,A2569,A2781
sup,A2569,A13
sup,A2570,A349
sup,A2570,A1664
sup,A2570,A1398
sup,A2570,A942
sup,A2570,A2214
sup,A2570,A1220
sup,A2570,A2246
sup,A2570,A2629
sup,A2570,A514
sup,A2570,A2241
sup,A2570,A2205
sup,A2570,A2408
sup,A2570,A1365
sup,A2570,A1392
sup,A2570,A2009
sup,A2570,A1883
sup,A2570,A882
sup,A2570,A2478
sup,A2570,A1731
sup,A2570,A2556
sup,A2571,A356
sup,A2571,A722
sup,A2571,A743
sup,A2571,A1043
sup,A2571,A155
sup,A2571,A1438
sup,A2571,A1839
sup,A2574,A2702
sup,A2574,A1771
sup,A2576,A2587
sup,A2576,A1053
sup,A2576,A1521
sup,A2576,A1125
sup,A2576,A2075
sup,A2576,A269
sup,A2576,A759
sup,A2576,A965
sup,A2576,A1339
sup,A2576,A2734
sup,A2576,A1000
sup,A2576,A1285
sup,A2576,A1549
sup,A2576,A2152
sup,A2576,A1671
sup,A2577,A1015
sup,A2577,A995
sup,A2577,A478
sup,A2577,A1226
sup,A2577,A2543
sup,A2577,A1473
sup,A2577,A915
sup,A2577,A1700
sup,A2577,A2283
sup,A2577,A2399
sup,A2577,A931
sup,A2577,A2329
sup,A2577,A703
sup,A2578,A1021
sup,A2578,A78
sup,A2578,A1346
sup,A2578,A568
sup,A2578,A1632
sup,A2578,A1284
sup,A2578,A1589
sup,A2578,A184
sup,A2578,A2391
sup,A2578,A1017
sup,A2578,A520
sup,A2578,A503
sup,A2578,A2637
sup,A2578,A2416
sup,A2578,A1752
sup,A2578,A2338
sup,A2578,A2238
sup,A2578,A1625
sup,A2578,A2212
sup,A2578,A2767
sup,A2578,A2695
sup,A2578,A1032
sup,A2578,A939
sup,A2580,A23
sup,A2580,A850
sup,A2580,A1757
sup,A2580,A1267
sup,A2580,A91
sup,A2580,A1340
sup,A2580,A772
sup,A2580,A283
sup,A2580,A1901
sup,A2580,A2119
sup,A2580,A1376
sup,A2580,A103
sup,A2580,A2006
sup,A2580,A2720
sup,A2580,A954
sup,A2580,A1150
sup,A2580,A522
sup,A2580,A1893
sup,A2580,A2606
sup,A2580,A1498
sup,A2580,A2597
sup,A2580,A1666
sup,A2580,A2773
sup,A2584,A890
sup,A2584,A850
sup,A2584,A648
sup,A2584,A2787
sup,A2584,A702
sup,A2585,A713
sup,A2585,A1261
sup,A2585,A2791
sup,A2585,A747
sup,A2585,A2279
sup,A2585,A2216
sup,A2585,A2719
sup,A2585,A307
sup,A2585,A679
sup,A2585,A21
sup,A2585,A681
sup,A2585,A203
sup,A2585,A2617
sup,A2585,A492
sup,A2585,A1015
sup,A2585,A1189
sup,A2585,A2280
sup,A2585,A411
sup,A2585,A1137
sup,A2585,A811
sup,A2585,A79
sup,A2585,A1752
sup,A2585,A378
sup,A2585,A2767
sup,A2585,A1557
sup,A2585,A1652
sup,A2585,A2193
sup,A2585,A1271
sup,A2585,A2228
sup,A2585,A676
sup,A2587,A2624
sup,A2587,A1100
sup,A2587,A855
sup,A2587,A1366
sup,A2587,A1117
sup,A2587,A1002
sup,A2587,A588
sup,A2587,A2752
sup,A2587,A1109
sup,A2587,A1087
sup,A2587,A999
sup,A2587,A80
sup,A2587,A70
sup,A2587,A1019
sup,A2587,A2596
sup,A2587,A1415
sup,A2587,A331
sup,A2587,A2791
sup,A2587,A1634
sup,A2587,A2566
sup,A2587,A1754
sup,A2587,A399
sup,A2587,A847
sup,A2587,A2463
sup,A2589,A1329
sup,A2589,A1711
sup,A2589,A643
sup,A2589,A2099
sup,A2589,A1746
sup,A2590,A2625
sup,A2590,A1736
sup,A2590,A1240
sup,A2590,A2173
sup,A2594,A2589
sup,A2594,A267
sup,A2594,A2108
sup,A2594,A1890
sup,A2594,A887
sup,A2594,A181
sup,A2594,A380
sup,A2594,A2303
sup,A2594,A1672
sup,A2594,A2132
sup,A2594,A1412
sup,A2594,A235
sup,A2594,A2601
sup,A2594,A142
sup,A2594,A1241
sup,A2594,A900
sup,A2594,A573
sup,A2594,A2174
sup,A2594,A1450
sup,A2594,A2404
sup,A2594,A929
sup,A2594,A1133
sup,A2594,A2547
sup,A2594,A2521
sup,A2594,A693
sup,A2599,A379
sup,A2599,A895
sup,A2599,A2565
sup,A2599,A1410
sup,A2599,A766
sup,A2599,A1949
sup,A2599,A2527
sup,A2599,A612
sup,A2599,A810
sup,A2599,A792
sup,A2599,A137
sup,A2599,A346
sup,A2599,A1157
sup,A2599,A1888
sup,A2599,A111
sup,A2599,A1173
sup,A2599,A170
sup,A2599,A465
sup,A2599,A2515
sup,A2599,A1620
sup,A2599,A979
sup,A2599,A1717
sup,A2599,A1866
sup,A2599,A2118
sup,A2599,A456
sup,A2599,A127
sup,A2603,A2104
sup,A2603,A941
sup,A2603,A2600
sup,A2603,A1402
sup,A2603,A2684
sup,A2603,A940
sup,A2603,A610
sup,A2603,A426
sup,A2603,A1972
sup,A2603,A1912
sup,A2603,A1585
sup,A2603,A1131
sup,A2603,A1998
sup,A2603,A2768
sup,A2603,A713
sup,A2603,A551
sup,A2603,A1501
sup,A2604,A2509
sup,A2604,A1699
sup,A2604,A2629
sup,A2604,A2393
sup,A2604,A331
sup,A2604,A555
sup,A2604,A2513
sup,A2604,A2487
sup,A2604,A2129
sup,A2604,A430
sup,A2604,A597
sup,A2604,A344
sup,A2604,A541
sup,A2604,A1939
sup,A2604,A1821
sup,A2604,A547
sup,A2604,A391
sup,A2604,A7
sup,A2604,A1313
sup,A2604,A2783
sup,A2604,A1235
sup,A2604,A633
sup,A2604,A2189
sup,A2604,A320
sup,A2604,A26
sup,A2604,A845
sup,A2604,A317
sup,A2604,A2581
sup,A2604,A27
sup,A2604,A1816
sup,A2604,A705
sup,A2604,A1265
sup,A2607,A1742
sup,A2607,A1361
sup,A2607,A90
sup,A2607,A720
sup,A2607,A2696
sup,A2607,A1330
sup,A2607,A2528
sup,A2607,A2262
sup,A2607,A1083
sup,A2607,A1005
sup,A2607,A1650
sup,A2607,A32
sup,A2607,A1516
sup,A2607,A346
sup,A2607,A402
sup,A2607,A732
sup,A2607,A966
sup,A2607,A2668
sup,A2607,A761
sup,A2607,A2365
sup,A2607,A2759
sup,A2614,A1929
sup,A2614,A2052
sup,A2614,A97
sup,A2614,A2104
sup,A2615,A2656
sup,A2615,A1895
sup,A2615,A1236
sup,A2615,A2051
sup,A2615,A578
sup,A2615,A2749
sup,A2615,A1181
sup,A2615,A2031
sup,A2615,A2533
sup,A2615,A2034
sup,A2615,A2228
sup,A2617,A1713
sup,A2617,A514
sup,A2617,A495
sup,A2617,A2231
sup,A2617,A2229
sup,A2617,A2465
sup,A2617,A822
sup,A2617,A966
sup,A2617,A242
sup,A2617,A1403
sup,A2617,A997
sup,A2617,A1946
sup,A2617,A1521
sup,A2617,A669
sup,A2617,A2661
sup,A2617,A2789
sup,A2617,A1179
sup,A2617,A886
sup,A2617,A305
sup,A2617,A1580
sup,A2617,A985
sup,A2617,A897
sup,A2617,A1373
sup,A2620,A2574
sup,A2620,A2195
sup,A2620,A1218
sup,A2620,A1413
sup,A2620,A1322
sup,A2620,A1837
sup,A2620,A1649
sup,A2620,A2625
sup,A2620,A2342
sup,A2620,A611
sup,A2620,A211
sup,A2620,A265
sup,A2622,A102
sup,A2622,A55
sup,A2622,A1981
sup,A2622,A1479
sup,A2622,A1652
sup,A2622,A1419
sup,A2622,A344
sup,A2622,A2443
sup,A2622,A1245
sup,A2625,A1231
sup,A2625,A652
sup,A2625,A1330
sup,A2625,A2256
sup,A2625,A2629
sup,A2625,A1134
sup,A2625,A1717
sup,A2625,A1888
sup,A2625,A2546
sup,A2625,A2401
sup,A2625,A2595
sup,A2625,A2213
sup,A2625,A265
sup,A2625,A1568
sup,A2625,A1170
sup,A2625,A1665
sup,A2625,A1825
sup,A2625,A1461
sup,A2625,A1147
sup,A2625,A84
sup,A2625,A1452
sup,A2625,A680
sup,A2625,A1557
sup,A2625,A2322
sup,A2625,A1075
sup,A2625,A1412
sup,A2625,A765
sup,A2625,A1242
sup,A2625,A242
sup,A2625,A337
sup,A2625,A460
sup,A2625,A329
sup,A2627,A1696
sup,A2627,A2764
sup,A2627,A155
sup,A2627,A2635
sup,A2627,A625
sup,A2627,A1381
sup,A2627,A1656
sup,A2627,A1028
sup,A2627,A2239
sup,A2627,A2517
sup,A2627,A2658
sup,A2627,A1001
sup,A2627,A2603
sup,A2627,A606
sup,A2627,A79
sup,A2627,A1659
sup,A2633,A2682
sup,A2633,A620
sup,A2633,A718
sup,A2633,A2049
sup,A2633,A2059
sup,A2633,A892
sup,A2633,A611
sup,A2633,A1377
sup,A2633,A1662
sup,A2633,A1755
sup,A2633,A474
sup,A2633,A1447
sup,A2633,A1749
sup,A2633,A1990
sup,A2633,A1641
sup,A2633,A770
sup,A2633,A2503
sup,A2633,A1218
sup,A2633,A2596
sup,A2633,A74
sup,A2633,A2353
sup,A2633,A2434
sup,A2633,A751
sup,A2633,A2242
sup,A2634,A297
sup,A2634,A89
sup,A2634,A1553
sup,A2634,A1927
sup,A2634,A1620
sup,A2634,A466
sup,A2634,A574
sup,A2634,A253
sup,A2634,A2107
sup,A2634,A1026
sup,A2634,A1509
sup,A2634,A1806
sup,A2636,A2084
sup,A2636,A478
sup,A2636,A1596
sup,A2636,A469
sup,A2636,A1771
sup,A2636,A1011
sup,A2636,A2509
sup,A2636,A1704
sup,A2636,A1798
sup,A2636,A1526
sup,A2636,A1384
sup,A2636,A2430
sup,A2636,A434
sup,A2636,A1997
sup,A2636,A568
sup,A2637,A656
sup,A2637,A1746
sup,A2637,A704
sup,A2637,A1845
sup,A2637,A519
sup,A2637,A375
sup,A2637,A2026
sup,A2637,A930
sup,A2637,A2429
sup,A2637,A1059
sup,A2637,A872
sup,A2637,A960
sup,A2637,A135
sup,A2640,A1653
sup,A2640,A461
sup,A2640,A1907
sup,A2640,A51
sup,A2640,A2715
sup,A2640,A1916
sup,A2640,A1204
sup,A2640,A293
sup,A2640,A1878
sup,A2640,A2163
sup,A2640,A2546
sup,A2640,A2547
sup,A2640,A2475
sup,A2640,A626
sup,A2642,A270
sup,A2642,A615
sup,A2642,A1763
sup,A2642,A2152
sup,A2642,A2685
sup,A2642,A690
sup,A2642,A1069
sup,A2642,A2241
sup,A2642,A714
sup,A2642,A1498
sup,A2642,A2467
sup,A2642,A219
sup,A2642,A2024
sup,A2642,A8
sup,A2642,A1014
sup,A2642,A430
sup,A2642,A2150
sup,A2642,A1574
sup,A2642,A404
sup,A2642,A2219
sup,A2642,A2325
sup,A2642,A879
sup,A2642,A2592
sup,A2646,A2590
sup,A2646,A626
sup,A2646,A480
sup,A2646,A316
sup,A2646,A2675
sup,A2646,A853
sup,A2646,A520
sup,A2646,A1406
sup,A2646,A1810
sup,A2646,A335
sup,A2646,A453
sup,A2646,A2788
sup,A2646,A2008
sup,A2646,A330
sup,A2648,A1584
sup,A2648,A803
sup,A2648,A258
sup,A2648,A584
sup,A2648,A2474
sup,A2648,A865
sup,A2648,A1633
sup,A2648,A1128
sup,A2648,A459
sup,A2648,A529
sup,A2648,A1574
sup,A2649,A2702
sup,A2649,A1013
sup,A2649,A2453
sup,A2649,A57
sup,A2649,A865
sup,A2650,A2245
sup,A2650,A831
sup,A2650,A1136
sup,A2650,A2291
sup,A2650,A1739
sup,A2650,A1913
sup,A2650,A1923
sup,A2650,A235
sup,A2650,A2797
sup,A2650,A699
sup,A2650,A233
sup,A2650,A2493
sup,A2650,A2331
sup,A2650,A1707
sup,A2651,A1572
sup,A2651,A2791
sup,A2651,A1460
sup,A2651,A2513
sup,A2651,A2235
sup,A2652,A701
sup,A2652,A1024
sup,A2652,A2275
sup,A2652,A2362
sup,A2652,A85
sup,A2652,A2599
sup,A2652,A1901
sup,A2654,A477
sup,A2654,A14
sup,A2654,A1712
sup,A2654,A643
sup,A2654,A562
sup,A2654,A2761
sup,A2655,A1424
sup,A2655,A587
sup,A2655,A812
sup,A2655,A2601
sup,A2655,A897
sup,A2655,A2542
sup,A2655,A2236
sup,A2655,A2453
sup,A2656,A1712
sup,A2656,A1402
sup,A2656,A1450
sup,A2656,A375
sup,A2656,A2692
sup,A2656,A397
sup,A2656,A2457
sup,A2656,A1490
sup,A2656,A2324
sup,A2656,A1615
sup,A2656,A2464
sup,A2656,A1174
sup,A2656,A1007
sup,A2656,A1656
sup,A2656,A2169
sup,A2656,A642
sup,A2656,A1544
sup,A2656,A2353
sup,A2658,A734
sup,A2658,A20
sup,A2658,A946
sup,A2658,A2458
sup,A2658,A2435
sup,A2658,A2404
sup,A2658,A1695
sup,A2658,A1839
sup,A2658,A75
sup,A2658,A842
sup,A2658,A2145
sup,A2658,A596
sup,A2658,A1096
sup,A2658,A253
sup,A2658,A408
sup,A2658,A1075
sup,A2658,A1869
sup,A2658,A875
sup,A2658,A2278
sup,A2662,A1120
sup,A2662,A2466
sup,A2662,A2438
sup,A2662,A2111
sup,A2662,A145
sup,A2662,A831
sup,A2662,A594
sup,A2662,A423
sup,A2662,A664
sup,A2662,A608
sup,A2662,A82
sup,A2662,A25
sup,A2662,A1209
sup,A2662,A285
sup,A2662,A48
sup,A2662,A2182
sup,A2662,A1075
sup,A2662,A1532
sup,A2662,A892
sup,A2670,A1382
sup,A2670,A1294
sup,A2670,A2282
sup,A2674,A214
sup,A2674,A1232
sup,A2674,A1722
sup,A2674,A2428
sup,A2674,A824
sup,A2674,A188
sup,A2674,A1153
sup,A2674,A1012
sup,A2674,A1149
sup,A2674,A290
sup,A2674,A726
sup,A2675,A2557
sup,A2675,A615
sup,A2675,A167
sup,A2675,A1005
sup,A2675,A15
sup,A2675,A2217
sup,A2675,A983
sup,A2675,A113
sup,A2675,A1707
sup,A2675,A1212
sup,A2675,A836
sup,A2675,A1589
sup,A2675,A2127
sup,A2675,A2348
sup,A2675,A419
sup,A2675,A422
sup,A2675,A743
sup,A2675,A2640
sup,A2675,A2121
sup,A2676,A680
sup,A2676,A2765
sup,A2676,A431
sup,A2676,A2590
sup,A2676,A877
sup,A2676,A2766
sup,A2676,A563
sup,A2676,A882
sup,A2676,A272
sup,A2676,A15
sup,A2679,A2797
sup,A2679,A431
sup,A2679,A425
sup,A2679,A220
sup,A2679,A122
sup,A2679,A1824
sup,A2679,A1235
sup,A2679,A364
sup,A2679,A542
sup,A2679,A2654
sup,A2679,A1277
sup,A2679,A178
sup,A2679,A1011
sup,A2679,A327
sup,A2682,A1260
sup,A2682,A762
sup,A2682,A2404
sup,A2682,A1907
sup,A2682,A1454
sup,A2682,A2413
sup,A2682,A1922
sup,A2685,A2788
sup,A2686,A842
sup,A2686,A1474
sup,A2686,A2435
sup,A2686,A1037
sup,A2688,A777
sup,A2688,A164
sup,A2688,A2179
sup,A2688,A1806
sup,A2688,A1437
sup,A2688,A293
sup,A2688,A271
sup,A2688,A186
sup,A2688,A2016
sup,A2688,A2144
sup,A2688,A1957
sup,A2688,A2563
sup,A2688,A1630
sup,A2688,A2533
sup,A2688,A1034
sup,A2688,A1631
sup,A2688,A870
sup,A2688,A943
sup,A2688,A1047
sup,A2688,A2482
sup,A2688,A1988
sup,A2688,A1146
sup,A2688,A1555
sup,A2688,A2214
sup,A2689,A837
sup,A2689,A1481
sup,A2689,A2468
sup,A2689,A924
sup,A2689,A1692
sup,A2689,A1549
sup,A2689,A715
sup,A2689,A1363
sup,A2689,A1437
sup,A2689,A1747
sup,A2689,A124
sup,A2689,A2633
sup,A2689,A2517
sup,A2689,A1147
sup,A2689,A490
sup,A2691,A213
sup,A2691,A699
sup,A2691,A255
sup,A2699,A1926
sup,A2699,A606
sup,A2700,A373
sup,A2700,A2706
sup,A2700,A1034
sup,A2700,A764
sup,A2700,A2354
sup,A2700,A2015
sup,A2700,A1306
sup,A2700,A183
sup,A2700,A2128
sup,A2700,A543
sup,A2700,A1093
sup,A2700,A1909
sup,A2700,A2198
sup,A2700,A367
sup,A2700,A1511
sup,A2702,A1109
sup,A2702,A2506
sup,A2702,A1817
sup,A2702,A536
sup,A2702,A2745
sup,A2702,A2107
sup,A2702,A2575
sup,A2702,A964
sup,A2702,A2560
sup,A2702,A2539
sup,A2702,A1627
sup,A2702,A1884
sup,A2702,A2282
sup,A2702,A1330
sup,A2702,A1063
sup,A2702,A628
sup,A2702,A1384
sup,A2702,A1046
sup,A2702,A2591
sup,A2702,A2586
sup,A2702,A1035
sup,A2702,A1422
sup,A2702,A20
sup,A2702,A2200
sup,A2702,A1915
sup,A2702,A1684
sup,A2702,A727
sup,A2702,A293
sup,A2702,A2481
sup,A2702,A1342
sup,A2702,A1493
sup,A2703,A713
sup,A2703,A2253
sup,A2703,A2195
sup,A2703,A1206
sup,A2703,A1265
sup,A2703,A2251
sup,A2703,A47
sup,A2703,A2600
sup,A2703,A2229
sup,A2703,A504
sup,A2703,A2376
sup,A2703,A1126
sup,A2703,A608
sup,A2703,A2007
sup,A2703,A868
sup,A2703,A2336
sup,A2704,A1569
sup,A2704,A113
sup,A2704,A1910
sup,A2704,A61
sup,A2704,A495
sup,A2704,A934
sup,A2704,A115
sup,A2704,A2631
sup,A2704,A685
sup,A2704,A486
sup,A2707,A163
sup,A2707,A214
sup,A2707,A457
sup,A2707,A612
sup,A2707,A2031
sup,A2707,A1166
sup,A2707,A1290
sup,A2709,A2607
sup,A2709,A1644
sup,A2709,A1051
sup,A2709,A2205
sup,A2709,A1068
sup,A2709,A214
sup,A2709,A266
sup,A2709,A555
sup,A2709,A1254
sup,A2709,A1032
sup,A2709,A1805
sup,A2709,A1006
sup,A2709,A1449
sup,A2709,A746
sup,A2709,A682
sup,A2709,A2265
sup,A2709,A1491
sup,A2709,A800
sup,A2709,A2738
sup,A2709,A132
sup,A2709,A1116
sup,A2709,A2576
sup,A2709,A971
sup,A2709,A1580
sup,A2709,A227
sup,A2709,A1419
sup,A2709,A610
sup,A2709,A58
sup,A2709,A1492
sup,A2711,A1088
sup,A2711,A177
sup,A2711,A1961
sup,A2711,A2593
sup,A2711,A2064
sup,A2711,A1440
sup,A2711,A714
sup,A2711,A581
sup,A2711,A419
sup,A2711,A2206
sup,A2711,A651
sup,A2711,A1038
sup,A2711,A2327
sup,A2711,A2047
sup,A2711,A365
sup,A2711,A1131
sup,A2712,A951
sup,A2712,A593
sup,A2713,A204
sup,A2713,A1127
sup,A2713,A653
sup,A2713,A1721
sup,A2713,A1908
sup,A2713,A1807
sup,A2713,A2478
sup,A2713,A759
sup,A2713,A2742
sup,A2713,A2600
sup,A2713,A698
sup,A2713,A376
sup,A2713,A891
sup,A2713,A1095
sup,A2713,A989
sup,A2713,A846
sup,A2713,A1534
sup,A2713,A2069
sup,A2716,A1225
sup,A2716,A432
sup,A2716,A1628
sup,A2716,A2315
sup,A2716,A1371
sup,A2716,A239
sup,A2716,A1436
sup,A2716,A1749
sup,A2716,A1517
sup,A2716,A202
sup,A2718,A674
sup,A2718,A1158
sup,A2718,A2333
sup,A2718,A564
sup,A2719,A1467
sup,A2719,A1924
sup,A2719,A2054
sup,A2719,A2567
sup,A2719,A1972
sup,A2719,A751
sup,A2719,A2089
sup,A2719,A907
sup,A2721,A619
sup,A2721,A960
sup,A2721,A1697
sup,A2721,A2616
sup,A2721,A1088
sup,A2721,A574
sup,A2721,A1300
sup,A2721,A1262
sup,A2721,A65
sup,A2721,A1480
sup,A2723,A1320
sup,A2723,A2396
sup,A2723,A779
sup,A2723,A1633
sup,A2723,A1934
sup,A2723,A356
sup,A2723,A105
sup,A2723,A2260
sup,A2723,A2458
sup,A2723,A2473
sup,A2723,A1890
sup,A2723,A1547
sup,A2723,A2066
sup,A2723,A1138
sup,A2723,A1289
sup,A2723,A1371
sup,A2723,A596
sup,A2723,A2651
sup,A2724,A1616
sup,A2724,A2549
sup,A2724,A175
sup,A2724,A2771
sup,A2724,A519
sup,A2724,A343
sup,A2724,A84
sup,A2724,A1290
sup,A2724,A784
sup,A2724,A1808
sup,A2724,A1614
sup,A2724,A1958
sup,A2724,A282
sup,A2724,A1300
sup,A2724,A2463
sup,A2724,A535
sup,A2724,A2067
sup,A2724,A238
sup,A2725,A1533
sup,A2725,A1582
sup,A2725,A564
sup,A2725,A1404
sup,A2725,A1910
sup,A2725,A433
sup,A2728,A6
sup,A2728,A1706
sup,A2728,A2146
sup,A2728,A1756
sup,A2728,A1609
sup,A2728,A1487
sup,A2728,A1524
sup,A2728,A2281
sup,A2728,A2707
sup,A2728,A1296
sup,A2728,A2377
sup,A2728,A1577
sup,A2728,A1368
sup,A2728,A319
sup,A2728,A1958
sup,A2728,A2789
sup,A2728,A761
sup,A2728,A2212
sup,A2728,A2670
sup,A2728,A78
sup,A2728,A2373
sup,A2728,A964
sup,A2731,A1845
sup,A2731,A1373
sup,A2731,A1882
sup,A2731,A891
sup,A2731,A1978
sup,A2731,A1928
sup,A2731,A435
sup,A2731,A942
sup,A2731,A2477
sup,A2731,A2138
sup,A2731,A425
sup,A2732,A2166
sup,A2732,A1655
sup,A2732,A2681
sup,A2732,A1879
sup,A2732,A605
sup,A2732,A169
sup,A2732,A667
sup,A2732,A961
sup,A2732,A2625
sup,A2732,A1940
sup,A2732,A408
sup,A2732,A151
sup,A2732,A2153
sup,A2732,A2576
sup,A2732,A2778
sup,A2732,A883
sup,A2732,A979
sup,A2734,A618
sup,A2738,A2501
sup,A2738,A522
sup,A2738,A494
sup,A2740,A2292
sup,A2740,A2531
sup,A2740,A2098
sup,A2742,A1941
sup,A2742,A1813
sup,A2742,A264
sup,A2742,A862
sup,A2745,A84
sup,A2745,A1460
sup,A2745,A94
sup,A2745,A1465
sup,A2745,A1964
sup,A2745,A2283
sup,A2745,A2610
sup,A2745,A2588
sup,A2745,A940
sup,A2745,A1350
sup,A2745,A678
sup,A2745,A1733
sup,A2745,A257
sup,A2747,A2570
sup,A2747,A546
sup,A2747,A1159
sup,A2747,A363
sup,A2747,A2008
sup,A2747,A1306
sup,A2747,A2666
sup,A2748,A1725
sup,A2748,A1447
sup,A2748,A83
sup,A2748,A2309
sup,A2748,A645
sup,A2748,A2395
sup,A2748,A221
sup,A2748,A1448
sup,A2748,A166
sup,A2748,A1157
sup,A2748,A598
sup,A2748,A1216
sup,A2748,A185
sup,A2748,A1774
sup,A2748,A556
sup,A2748,A2278
sup,A2748,A1122
sup,A2748,A2726
sup,A2748,A1077
sup,A2748,A26
sup,A2748,A513
sup,A2748,A1321
sup,A2748,A833
sup,A2748,A2353
sup,A2749,A2368
sup,A2749,A1524
sup,A2749,A439
sup,A2749,A2047
sup,A2749,A867
sup,A2749,A1095
sup,A2749,A690
sup,A2749,A1846
sup,A2749,A2014
sup,A2749,A2626
sup,A2749,A1732
sup,A2749,A1949
sup,A2749,A464
sup,A2752,A2648
sup,A2752,A1898
sup,A2752,A1836
sup,A2752,A2446
sup,A2752,A494
sup,A2752,A1727
sup,A2752,A68
sup,A2752,A87
sup,A2752,A1695
sup,A2752,A2407
sup,A2752,A2381
sup,A2752,A1185
sup,A2752,A525
sup,A2752,A2527
sup,A2752,A1248
sup,A2752,A403
sup,A2752,A1017
sup,A2752,A1193
sup,A2753,A1270
sup,A2753,A951
sup,A2753,A302
sup,A2753,A83
sup,A2753,A2582
sup,A2753,A1181
sup,A2753,A553
sup,A2753,A1721
sup,A2753,A578
sup,A2753,A253
sup,A2753,A1891
sup,A2753,A2716
sup,A2753,A2205
sup,A2753,A129
sup,A2753,A1460
sup,A2753,A2372
sup,A2753,A29
sup,A2753,A1013
sup,A2753,A542
sup,A2753,A447
sup,A2753,A1686
sup,A2753,A1055
sup,A2753,A1656
sup,A2754,A395
sup,A2754,A313
sup,A2754,A2662
sup,A2754,A272
sup,A2754,A415
sup,A2754,A1404
sup,A2754,A2579
sup,A2754,A1765
sup,A2754,A1961
sup,A2754,A1663
sup,A2754,A1421
sup,A2754,A1703
sup,A2754,A1741
sup,A2754,A2754
sup,A2754,A837
sup,A2754,A35
sup,A2754,A1977
sup,A2754,A1635
sup,A2754,A1803
sup,A2757,A2424
sup,A2757,A2213
sup,A2757,A65
sup,A2757,A1247
sup,A2759,A2458
sup,A2759,A1600
sup,A2759,A675
sup,A2759,A2723
sup,A2759,A854
sup,A2759,A76
sup,A2759,A1998
sup,A2759,A1939
sup,A2759,A2667
sup,A2759,A546
sup,A2759,A1431
sup,A2759,A2248
sup,A2759,A569
sup,A2759,A1663
sup,A2759,A1502
sup,A2759,A140
sup,A2759,A1424
sup,A2759,A2130
sup,A2759,A188
sup,A2759,A2784
sup,A2759,A1806
sup,A2759,A2685
sup,A2759,A2413
sup,A2759,A510
sup,A2759,A1414
sup,A2760,A2735
sup,A2760,A1183
sup,A2760,A294
sup,A2760,A2204
sup,A2760,A2574
sup,A2760,A1775
sup,A2760,A211
sup,A2760,A1380
sup,A2760,A2614
sup,A2760,A2695
sup,A2760,A2105
sup,A2760,A142
sup,A2760,A328
sup,A2760,A1710
sup,A2760,A2603
sup,A2760,A1480
sup,A2760,A862
sup,A2760,A963
sup,A2760,A2251
sup,A2760,A2355
sup,A2760,A1044
sup,A2761,A315
sup,A2761,A2521
sup,A2761,A2597
sup,A2761,A176
sup,A2761,A931
sup,A2761,A453
sup,A2761,A2006
sup,A2761,A618
sup,A2761,A2497
sup,A2761,A32
sup,A2761,A853
sup,A2761,A2531
sup,A2761,A1406
sup,A2761,A833
sup,A2761,A1063
sup,A2761,A1848
sup,A2761,A1594
sup,A2761,A202
sup,A2761,A1160
sup,A2761,A2107
sup,A2761,A2510
sup,A2761,A934
sup,A2761,A2173
sup,A2763,A463
sup,A2763,A2080
sup,A2763,A2252
sup,A2763,A895
sup,A2763,A735
sup,A2763,A2203
sup,A2763,A2219
sup,A2763,A257
sup,A2763,A2324
sup,A2763,A2435
sup,A2763,A777
sup,A2763,A2094
sup,A2763,A1986
sup,A2763,A714
sup,A2763,A2641
sup,A2769,A2029
sup,A2769,A1320
sup,A2769,A1584
sup,A2769,A705
sup,A2769,A2564
sup,A2771,A1525
sup,A2771,A2661
sup,A2771,A300
sup,A2771,A1015
sup,A2771,A458
sup,A2771,A243
sup,A2771,A894
sup,A2771,A2220
sup,A2771,A2318
sup,A2771,A476
sup,A2771,A2572
sup,A2771,A1159
sup,A2771,A2315
sup,A2771,A1227
sup,A2771,A1040
sup,A2771,A1924
sup,A2771,A59
sup,A2771,A2102
sup,A2771,A2594
sup,A2774,A2187
sup,A2774,A327
sup,A2774,A626
sup,A2774,A2308
sup,A2774,A1786
sup,A2776,A995
sup,A2776,A2217
sup,A2776,A1484
sup,A2776,A2198
sup,A2776,A1797
sup,A2777,A2233
sup,A2777,A584
sup,A2777,A495
sup,A2777,A1488
sup,A2777,A539
sup,A2777,A2424
sup,A2777,A754
sup,A2777,A2582
sup,A2777,A1904
sup,A2777,A2212
sup,A2777,A1891
sup,A2777,A2046
sup,A2777,A1394
sup,A2777,A1709
sup,A2779,A389
sup,A2779,A37
sup,A2779,A1670
sup,A2779,A778
sup,A2779,A2306
sup,A2779,A1347
sup,A2779,A2537
sup,A2779,A2762
sup,A2779,A300
sup,A2779,A2501
sup,A2779,A1311
sup,A2779,A1477
sup,A2779,A470
sup,A2779,A502
sup,A2779,A698
sup,A2779,A2356
sup,A2780,A1825
sup,A2780,A1909
sup,A2780,A1420
sup,A2780,A2647
sup,A2780,A632
sup,A2780,A2650
sup,A2780,A1285
sup,A2780,A2679
sup,A2780,A2032
sup,A2780,A858
sup,A2780,A1056
sup,A2780,A2608
sup,A2780,A1116
sup,A2780,A2720
sup,A2780,A2609
sup,A2780,A2223
sup,A2780,A1624
sup,A2780,A446
sup,A2780,A1180
sup,A2781,A2364
sup,A2781,A1487
sup,A2781,A2049
sup,A2781,A495
sup,A2781,A751
sup,A2781,A757
sup,A2781,A622
sup,A2781,A2030
sup,A2781,A2686
sup,A2781,A1931
sup,A2781,A683
sup,A2781,A2146
sup,A2781,A464
sup,A2781,A1227
sup,A2782,A2780
sup,A2782,A2490
sup,A2782,A2116
sup,A2782,A916
sup,A2782,A1614
sup,A2782,A1773
sup,A2782,A1291
sup,A2782,A2475
sup,A2782,A1383
sup,A2782,A2516
sup,A2782,A257
sup,A2782,A2337
sup,A2782,A2525
sup,A2782,A2787
sup,A2782,A1500
sup,A2782,A489
sup,A2782,A2039
sup,A2782,A2437
sup,A2782,A421
sup,A2786,A2741
sup,A2786,A2576
sup,A2786,A565
sup,A2786,A1864
sup,A2786,A298
sup,A2786,A949
sup,A2786,A2035
sup,A2786,A1289
sup,A2786,A770
sup,A2786,A2739
sup,A2786,A1519
sup,A2786,A2136
sup,A2786,A395
sup,A2786,A426
sup,A2786,A1162
sup,A2786,A93
sup,A2786,A486
sup,A2793,A892
sup,A2793,A2638
sup,A2793,A2757
sup,A2793,A684
sup,A2793,A2320
sup,A2793,A1419
sup,A2793,A496
sup,A2793,A493
sup,A2793,A100
sup,A2793,A1266
sup,A2793,A2726
sup,A2793,A2257
sup,A2793,A2756
sup,A2793,A835
sup,A2793,A1425
sup,A2793,A2610
sup,A2793,A887
sup,A2793,A2728
sup,A2793,A744
sup,A2793,A626
sup,A2793,A2686
sup,A2793,A927
sup,A2793,A320
sup,A2793,A209
sup,A2793,A404
sup,A2794,A2447
sup,A2794,A422
sup,A2794,A899
sup,A2794,A1141
sup,A2794,A963
sup,A2794,A1702
sup,A2794,A793
sup,A2794,A1264
sup,A2794,A2335
sup,A2794,A98
sup,A2794,A2779
sup,A2794,A212
sup,A2794,A2217
sup,A2794,A426
sup,A2794,A1460
sup,A2794,A1993
sup,A2794,A867
sup,A2794,A2127
sup,A2795,A428
sup,A2795,A1180
sup,A2795,A1608
sup,A2795,A315
sup,A2795,A1455
sup,A2795,A139
sup,A2795,A197
sup,A2798,A2473
sup,A2798,A2690
sup,A2798,A370
sup,A2798,A2466
sup,A2798,A1837
sup,A2798,A1497
sup,A2798,A1886
sup,A2798,A756
sup,A2798,A321
sup,A2798,A1614
sup,A2798,A1397
sup,A2798,A2119
sup,A2798,A1969
sup,A2798,A722
sup,A2798,A2416
sup,A2798,A2525
sup,A2798,A2400
sup,A2798,A1271
sup,A2798,A1441
sup,A2798,A2735
sup,A2798,A2316
sup,A2798,A2477
sup,A2798,A2088
sup,A2798,A2595
sup,A2799,A2225
sup,A2799,A346
sup,A2799,A137
sup,A2799,A1659
sup,A2799,A39
sup,A2799,A734
sup,A2799,A1998
sup,A2799,A350
sup,A2799,A1152
sup,A2799,A1612
att,A0,A1
att,A1,A2
att,A2,A3
att,A3,A4
att,A4,A5
att,A5,A6
att,A6,A7
att,A7,A8
att,A8,A9
att,A9,A10
att,A10,A11
att,A11,A12
att,A12,A13
att,A13,A14
att,A14,A15
att,A15,A16
att,A16,A17
att,A17,A18
att,A18,A19
att,A19,A20
att,A20,A21
att,A21,A22
att,A22,A23
att,A23,A24
att,A24,A25
att,A25,A26
att,A26,A27
att,A27,A28
att,A28,A29
att,A29,A30
att,A30,A31
att,A31,A32
att,A32,A33
att,A33,A34
att,A34,A35
att,A35,A36
att,A36,A37
att,A37,A38
att,A38,A39
att,A39,A40
att,A40,A41
att,A41,A42
att,A42,A43
att,A43,A0
att,A44,A45
att,A45,A46
att,A46,A47
att,A47,A48
att,A48,A49
att,A49,A50
att,A50,A51
att,A51,A52
att,A52,A53
att,A53,A54
att,A54,A55
att,A55,A56
att,A56,A57
att,A57,A58
att,A58,A59
att,A59,A60
att,A60,A61
att,A61,A62
att,A62,A63
att,A63,A64
att,A64,A65
att,A65,A66
att,A66,A67
att,A67,A68
att,A68,A69
att,A69,A70
att,A70,A71
att,A71,A72
att,A72,A73
att,A73,A74
att,A74,A75
att,A75,A44
att,A76,A77
att,A77,A78
att,A78,A79
att,A79,A80
att,A80,A81
att,A81,A82
att,A82,A83
att,A83,A84
att,A84,A85
att,A85,A86
att,A86,A87
att,A87,A88
att,A88,A89
att,A89,A90
att,A90,A91
att,A91,A92
att,A92,A93
att,A93,A94
att,A94,A76
att,A161,A162
att,A162,A163
att,A163,A164
att,A164,A165
att,A165,A166
att,A166,A167
att,A167,A168
att,A168,A169
att,A169,A170
att,A170,A171
att,A171,A172
att,A172,A173
att,A173,A174
att,A174,A161
att,A240,A241
att,A241,A242
att,A242,A243
att,A244,A245
att,A245,A246
att,A248,A249
att,A249,A250
att,A250,A240
att,A258,A259
att,A259,A260
att,A260,A261
att,A262,A251
att,A270,A271
att,A271,A272
att,A272,A273
att,A273,A274
att,A274,A275
att,A275,A276
att,A276,A277
att,A277,A278
att,A278,A279
att,A279,A280
att,A280,A281
att,A281,A282
att,A282,A283
att,A283,A284
att,A284,A285
att,A285,A286
att,A286,A287
att,A287,A288
att,A288,A289
att,A289,A290
att,A290,A291
att,A291,A292
att,A292,A293
att,A293,A294
att,A294,A295
att,A295,A296
att,A296,A297
att,A297,A298
att,A298,A299
att,A299,A300
att,A300,A301
att,A301,A270
att,A302,A303
att,A303,A304
att,A304,A305
att,A305,A306
att,A308,A309
att,A310,A311
att,A313,A314
att,A314,A315
att,A315,A316
att,A318,A319
att,A320,A321
att,A321,A322
att,A323,A324
att,A324,A325
att,A326,A327
att,A327,A328
att,A328,A329
att,A331,A332
att,A332,A333
att,A348,A349
att,A349,A350
att,A350,A351
att,A351,A352
att,A352,A353
att,A353,A354
att,A354,A355
att,A355,A356
att,A356,A357
att,A357,A358
att,A358,A359
att,A359,A360
att,A360,A361
att,A361,A362
att,A362,A363
att,A363,A364
att,A364,A365
att,A365,A366
att,A366,A367
att,A367,A368
att,A368,A369
att,A369,A370
att,A370,A371
att,A371,A372
att,A372,A373
att,A373,A374
att,A374,A375
att,A375,A376
att,A376,A377
att,A377,A378
att,A378,A379
att,A379,A380
att,A380,A381
att,A381,A382
att,A382,A383
att,A383,A384
att,A384,A385
att,A385,A386
att,A386,A387
att,A387,A388
att,A388,A389
att,A389,A390
att,A390,A391
att,A391,A392
att,A392,A393
att,A393,A394
att,A394,A348
att,A411,A412
att,A414,A415
att,A417,A418
att,A418,A419
att,A419,A420
att,A424,A425
att,A425,A426
att,A426,A427
att,A438,A439
att,A439,A440
att,A440,A441
att,A441,A442
att,A442,A443
att,A443,A444
att,A444,A445
att,A445,A446
att,A446,A447
att,A447,A448
att,A448,A449
att,A449,A450
att,A450,A451
att,A451,A452
att,A452,A453
att,A453,A454
att,A454,A455
att,A455,A456
att,A456,A457
att,A457,A458
att,A458,A459
att,A459,A460
att,A460,A461
att,A461,A462
att,A462,A463
att,A463,A464
att,A464,A465
att,A465,A466
att,A466,A467
att,A467,A468
att,A468,A469
att,A469,A470
att,A470,A471
att,A471,A472
att,A472,A473
att,A473,A474
att,A474,A475
att,A475,A476
att,A476,A477
att,A477,A478
att,A478,A479
att,A479,A480
att,A480,A438
att,A520,A521
att,A521,A522
att,A522,A523
att,A523,A524
att,A524,A525
att,A526,A518
att,A527,A528
att,A528,A529
att,A529,A530
att,A530,A531
att,A531,A532
att,A532,A533
att,A533,A534
att,A534,A535
att,A535,A536
att,A536,A537
att,A537,A538
att,A538,A539
att,A539,A540
att,A540,A541
att,A541,A542
att,A542,A543
att,A543,A544
att,A544,A545
att,A545,A546
att,A546,A547
att,A547,A548
att,A548,A549
att,A549,A550
att,A550,A551
att,A551,A552
att,A552,A553
att,A553,A554
att,A554,A555
att,A555,A556
att,A556,A557
att,A557,A558
att,A558,A559
att,A559,A560
att,A560,A561
att,A561,A562
att,A562,A563
att,A563,A564
att,A564,A565
att,A565,A566
att,A566,A567
att,A567,A568
att,A568,A569
att,A569,A570
att,A570,A571
att,A571,A572
att,A572,A527
att,A573,A574
att,A574,A575
att,A575,A576
att,A576,A577
att,A577,A578
att,A578,A579
att,A579,A580
att,A580,A581
att,A581,A582
att,A582,A583
att,A583,A584
att,A584,A585
att,A585,A586
att,A586,A587
att,A587,A588
att,A588,A589
att,A589,A590
att,A590,A591
att,A591,A592
att,A592,A593
att,A593,A594
att,A594,A595
att,A595,A573
att,A596,A597
att,A598,A599
att,A599,A600
att,A603,A604
att,A604,A596
att,A605,A606
att,A607,A608
att,A608,A609
att,A611,A612
att,A612,A613
att,A614,A615
att,A619,A605
att,A622,A623
att,A629,A630
att,A630,A631
att,A632,A633
att,A634,A635
att,A635,A636
att,A637,A638
att,A640,A641
att,A642,A643
att,A643,A644
att,A644,A645
att,A645,A646
att,A655,A656
att,A657,A658
att,A658,A659
att,A659,A660
att,A664,A665
att,A666,A667
att,A668,A669
att,A669,A670
att,A670,A671
att,A671,A672
att,A677,A678
att,A678,A679
att,A679,A680
att,A682,A683
att,A683,A684
att,A685,A686
att,A686,A687
att,A687,A688
att,A688,A689
att,A689,A690
att,A690,A685
att,A693,A694
att,A694,A695
att,A695,A696
att,A697,A698
att,A699,A700
att,A703,A704
att,A705,A706
att,A709,A710
att,A711,A712
att,A715,A716
att,A716,A717
att,A719,A720
att,A722,A723
att,A723,A691
att,A724,A725
att,A725,A726
att,A730,A731
att,A732,A733
att,A733,A734
att,A740,A741
att,A744,A745
att,A745,A746
att,A747,A748
att,A749,A750
att,A751,A752
att,A752,A753
att,A755,A756
att,A756,A757
att,A758,A759
att,A759,A760
att,A760,A761
att,A762,A763
att,A763,A764
att,A764,A765
att,A765,A766
att,A766,A767
att,A767,A768
att,A768,A769
att,A769,A770
att,A770,A771
att,A771,A772
att,A772,A773
att,A773,A774
att,A774,A775
att,A775,A776
att,A776,A777
att,A777,A778
att,A778,A779
att,A779,A780
att,A780,A781
att,A781,A782
att,A782,A783
att,A783,A784
att,A784,A785
att,A785,A786
att,A786,A787
att,A787,A788
att,A788,A789
att,A789,A790
att,A790,A791
att,A791,A792
att,A792,A793
att,A793,A794
att,A794,A795
att,A795,A796
att,A796,A797
att,A797,A798
att,A798,A799
att,A799,A762
att,A800,A801
att,A801,A802
att,A802,A803
att,A803,A804
att,A804,A805
att,A805,A806
att,A806,A807
att,A807,A808
att,A808,A809
att,A809,A810
att,A810,A800
att,A811,A812
att,A812,A813
att,A814,A815
att,A816,A817
att,A818,A819
att,A820,A821
att,A823,A824
att,A824,A825
att,A827,A828
att,A828,A829
att,A829,A830
att,A830,A831
att,A831,A832
att,A832,A833
att,A833,A834
att,A834,A835
att,A835,A836
att,A836,A837
att,A837,A838
att,A838,A839
att,A839,A840
att,A840,A841
att,A841,A842
att,A842,A843
att,A843,A844
att,A844,A827
att,A866,A867
att,A867,A868
att,A868,A869
att,A869,A870
att,A870,A871
att,A871,A872
att,A872,A873
att,A873,A874
att,A874,A875
att,A875,A876
att,A876,A877
att,A877,A878
att,A878,A879
att,A879,A880
att,A880,A881
att,A881,A882
att,A882,A883
att,A883,A884
att,A884,A885
att,A885,A886
att,A886,A887
att,A887,A888
att,A888,A889
att,A889,A890
att,A890,A891
att,A891,A892
att,A892,A893
att,A893,A894
att,A894,A895
att,A895,A896
att,A896,A897
att,A897,A898
att,A898,A899
att,A899,A900
att,A900,A901
att,A901,A902
att,A902,A903
att,A903,A904
att,A904,A905
att,A905,A906
att,A906,A907
att,A907,A908
att,A908,A909
att,A909,A910
att,A910,A911
att,A911,A866
att,A961,A962
att,A962,A963
att,A963,A964
att,A964,A965
att,A965,A966
att,A966,A967
att,A967,A968
att,A968,A969
att,A969,A970
att,A970,A971
att,A971,A972
att,A972,A973
att,A973,A974
att,A974,A975
att,A975,A976
att,A976,A961
att,A977,A978
att,A978,A979
att,A979,A980
att,A980,A981
att,A981,A982
att,A982,A983
att,A983,A984
att,A984,A985
att,A985,A977
att,A986,A987
att,A987,A988
att,A989,A990
att,A991,A992
att,A993,A994
att,A994,A995
att,A997,A998
att,A998,A999
att,A999,A1000
att,A1000,A1001
att,A1001,A1002
att,A1002,A1003
att,A1005,A1006
att,A1007,A1008
att,A1009,A1010
att,A1012,A1013
att,A1015,A1016
att,A1016,A986
att,A1042,A1043
att,A1045,A1046
att,A1068,A1069
att,A1070,A1071
att,A1075,A1076
att,A1076,A1077
att,A1077,A1078
att,A1078,A1079
att,A1079,A1080
att,A1081,A1082
att,A1082,A1083
att,A1083,A1084
att,A1090,A1091
att,A1091,A1092
att,A1093,A1094
att,A1096,A1097
att,A1097,A1098
att,A1098,A1099
att,A1100,A1101
att,A1101,A1102
att,A1104,A1105
att,A1106,A1107
att,A1107,A1108
att,A1109,A1110
att,A1110,A1111
att,A1113,A1114
att,A1114,A1068
att,A1213,A1214
att,A1214,A1215
att,A1215,A1216
att,A1216,A1217
att,A1217,A1218
att,A1218,A1219
att,A1219,A1220
att,A1220,A1221
att,A1221,A1213
att,A1222,A1223
att,A1223,A1224
att,A1224,A1225
att,A1225,A1226
att,A1226,A1227
att,A1227,A1222
att,A1228,A1229
att,A1231,A1232
att,A1235,A1236
att,A1236,A1237
att,A1237,A1238
att,A1238,A1239
att,A1240,A1241
att,A1242,A1243
att,A1243,A1244
att,A1244,A1245
att,A1247,A1248
att,A1248,A1249
att,A1250,A1251
att,A1251,A1252
att,A1252,A1253
att,A1253,A1254
att,A1255,A1256
att,A1330,A1331
att,A1332,A1333
att,A1333,A1334
att,A1336,A1337
att,A1338,A1339
att,A1348,A1349
att,A1350,A1351
att,A1351,A1352
att,A1354,A1355
att,A1360,A1361
att,A1362,A1363
att,A1363,A1364
att,A1366,A1367
att,A1430,A1431
att,A1431,A1432
att,A1434,A1435
att,A1437,A1438
att,A1438,A1439
att,A1440,A1441
att,A1441,A1442
att,A1444,A1445
att,A1447,A1448
att,A1448,A1449
att,A1456,A1457
att,A1457,A1458
att,A1459,A1460
att,A1460,A1461
att,A1461,A1462
att,A1464,A1465
att,A1476,A1477
att,A1477,A1478
att,A1478,A1479
att,A1480,A1481
att,A1481,A1482
att,A1484,A1485
att,A1485,A1486
att,A1488,A1489
att,A1489,A1490
att,A1490,A1491
att,A1493,A1494
att,A1495,A1496
att,A1496,A1497
att,A1497,A1498
att,A1499,A1500
att,A1502,A1503
att,A1505,A1506
att,A1506,A1507
att,A1508,A1509
att,A1509,A1510
att,A1510,A1511
att,A1511,A1512
att,A1515,A1516
att,A1516,A1517
att,A1518,A1519
att,A1519,A1520
att,A1520,A1521
att,A1537,A1538
att,A1538,A1539
att,A1540,A1541
att,A1541,A1542
att,A1542,A1543
att,A1543,A1544
att,A1544,A1545
att,A1545,A1546
att,A1547,A1548
att,A1548,A1549
att,A1550,A1551
att,A1551,A1552
att,A1553,A1554
att,A1554,A1555
att,A1555,A1556
att,A1558,A1559
att,A1560,A1561
att,A1563,A1564
att,A1564,A1565
att,A1565,A1566
att,A1566,A1567
att,A1569,A1570
att,A1570,A1571
att,A1571,A1572
att,A1573,A1574
att,A1574,A1575
att,A1576,A1577
att,A1578,A1579
att,A1579,A1580
att,A1581,A1582
att,A1582,A1583
att,A1681,A1682
att,A1682,A1683
att,A1686,A1687
att,A1687,A1688
att,A1688,A1689
att,A1689,A1690
att,A1691,A1692
att,A1692,A1693
att,A1693,A1694
att,A1700,A1701
att,A1703,A1704
att,A1705,A1706
att,A1706,A1707
att,A1711,A1712
att,A1714,A1715
att,A1715,A1716
att,A1716,A1717
att,A1717,A1718
att,A1718,A1719
att,A1723,A1724
att,A1724,A1725
att,A1726,A1727
att,A1729,A1730
att,A1730,A1731
att,A1733,A1734
att,A1734,A1735
att,A1735,A1736
att,A1736,A1737
att,A1737,A1738
att,A1738,A1739
att,A1739,A1740
att,A1740,A1741
att,A1741,A1742
att,A1742,A1743
att,A1743,A1744
att,A1744,A1745
att,A1745,A1746
att,A1746,A1747
att,A1747,A1748
att,A1748,A1749
att,A1749,A1750
att,A1750,A1751
att,A1751,A1752
att,A1752,A1753
att,A1753,A1754
att,A1754,A1755
att,A1755,A1756
att,A1756,A1757
att,A1757,A1758
att,A1758,A1733
att,A1759,A1760
att,A1760,A1761
att,A1761,A1762
att,A1762,A1763
att,A1763,A1764
att,A1764,A1765
att,A1765,A1766
att,A1766,A1767
att,A1767,A1768
att,A1768,A1769
att,A1769,A1770
att,A1770,A1771
att,A1771,A1772
att,A1772,A1773
att,A1773,A1774
att,A1774,A1775
att,A1775,A1776
att,A1776,A1777
att,A1777,A1778
att,A1778,A1759
att,A1780,A1781
att,A1781,A1782
att,A1783,A1784
att,A1785,A1786
att,A1786,A1787
att,A1787,A1788
att,A1789,A1790
att,A1793,A1794
att,A1794,A1795
att,A1796,A1797
att,A1797,A1798
att,A1798,A1799
att,A1799,A1779
att,A1800,A1801
att,A1801,A1802
att,A1802,A1803
att,A1803,A1804
att,A1804,A1805
att,A1805,A1806
att,A1806,A1807
att,A1807,A1808
att,A1808,A1809
att,A1809,A1810
att,A1810,A1811
att,A1811,A1812
att,A1812,A1813
att,A1813,A1814
att,A1814,A1815
att,A1815,A1816
att,A1816,A1817
att,A1817,A1818
att,A1818,A1819
att,A1819,A1820
att,A1820,A1821
att,A1821,A1800
att,A1849,A1850
att,A1850,A1851
att,A1851,A1852
att,A1852,A1853
att,A1853,A1854
att,A1854,A1855
att,A1855,A1856
att,A1856,A1857
att,A1857,A1858
att,A1858,A1859
att,A1859,A1860
att,A1860,A1861
att,A1861,A1862
att,A1862,A1863
att,A1863,A1864
att,A1864,A1865
att,A1865,A1866
att,A1866,A1867
att,A1867,A1868
att,A1868,A1869
att,A1869,A1870
att,A1870,A1871
att,A1871,A1872
att,A1872,A1873
att,A1873,A1874
att,A1874,A1875
att,A1875,A1876
att,A1876,A1849
att,A1877,A1878
att,A1878,A1879
att,A1879,A1880
att,A1880,A1881
att,A1881,A1882
att,A1882,A1883
att,A1883,A1884
att,A1884,A1885
att,A1885,A1886
att,A1886,A1887
att,A1887,A1888
att,A1888,A1889
att,A1889,A1890
att,A1890,A1891
att,A1891,A1892
att,A1892,A1893
att,A1893,A1894
att,A1894,A1895
att,A1895,A1896
att,A1896,A1897
att,A1897,A1898
att,A1898,A1899
att,A1899,A1877
att,A1900,A1901
att,A1901,A1902
att,A1902,A1903
att,A1903,A1904
att,A1904,A1905
att,A1905,A1906
att,A1906,A1907
att,A1907,A1908
att,A1908,A1909
att,A1909,A1910
att,A1910,A1911
att,A1911,A1912
att,A1912,A1913
att,A1913,A1900
att,A1937,A1938
att,A1938,A1939
att,A1939,A1940
att,A1940,A1941
att,A1941,A1942
att,A1942,A1943
att,A1943,A1944
att,A1944,A1945
att,A1945,A1946
att,A1946,A1947
att,A1947,A1948
att,A1948,A1949
att,A1949,A1950
att,A1950,A1951
att,A1951,A1952
att,A1952,A1953
att,A1953,A1954
att,A1954,A1955
att,A1955,A1956
att,A1956,A1957
att,A1957,A1958
att,A1958,A1959
att,A1959,A1960
att,A1960,A1961
att,A1961,A1962
att,A1962,A1937
att,A1963,A1964
att,A1964,A1965
att,A1965,A1966
att,A1966,A1967
att,A1967,A1968
att,A1968,A1969
att,A1969,A1970
att,A1971,A1972
att,A1972,A1973
att,A1973,A1974
att,A1974,A1975
att,A1976,A1977
att,A1977,A1978
att,A1983,A1984
att,A1984,A1985
att,A1985,A1986
att,A1987,A1988
att,A1990,A1991
att,A1991,A1992
att,A1992,A1993
att,A1993,A1994
att,A1994,A1995
att,A1995,A1996
att,A1996,A1997
att,A1997,A1998
att,A1998,A1999
att,A1999,A2000
att,A2000,A2001
att,A2001,A1990
att,A2033,A2034
att,A2034,A2035
att,A2035,A2036
att,A2036,A2037
att,A2037,A2038
att,A2038,A2033
att,A2041,A2042
att,A2042,A2043
att,A2044,A2045
att,A2047,A2048
att,A2050,A2051
att,A2051,A2052
att,A2056,A2057
att,A2059,A2060
att,A2062,A2063
att,A2063,A2064
att,A2066,A2067
att,A2068,A2069
att,A2070,A2071
att,A2073,A2074
att,A2074,A2075
att,A2075,A2076
att,A2076,A2077
att,A2077,A2078
att,A2078,A2079
att,A2079,A2080
att,A2080,A2081
att,A2081,A2082
att,A2082,A2083
att,A2083,A2084
att,A2084,A2085
att,A2085,A2086
att,A2086,A2087
att,A2087,A2088
att,A2088,A2089
att,A2089,A2090
att,A2090,A2091
att,A2091,A2092
att,A2092,A2093
att,A2093,A2094
att,A2094,A2095
att,A2095,A2096
att,A2096,A2097
att,A2097,A2098
att,A2098,A2099
att,A2099,A2100
att,A2100,A2101
att,A2101,A2102
att,A2102,A2103
att,A2103,A2104
att,A2104,A2105
att,A2105,A2106
att,A2106,A2107
att,A2107,A2108
att,A2108,A2109
att,A2109,A2110
att,A2110,A2111
att,A2111,A2112
att,A2112,A2113
att,A2113,A2114
att,A2114,A2115
att,A2115,A2073
att,A2116,A2117
att,A2117,A2118
att,A2118,A2119
att,A2119,A2120
att,A2120,A2121
att,A2121,A2122
att,A2122,A2123
att,A2123,A2124
att,A2124,A2125
att,A2125,A2116
att,A2128,A2129
att,A2129,A2130
att,A2130,A2131
att,A2132,A2133
att,A2134,A2135
att,A2136,A2137
att,A2137,A2138
att,A2139,A2140
att,A2140,A2141
att,A2141,A2142
att,A2142,A2143
att,A2146,A2147
att,A2149,A2150
att,A2152,A2153
att,A2153,A2154
att,A2154,A2155
att,A2156,A2157
att,A2157,A2158
att,A2159,A2160
att,A2162,A2163
att,A2167,A2168
att,A2169,A2126
att,A2260,A2257
att,A2261,A2262
att,A2262,A2263
att,A2263,A2264
att,A2264,A2265
att,A2265,A2266
att,A2266,A2267
att,A2267,A2268
att,A2268,A2269
att,A2269,A2270
att,A2270,A2271
att,A2271,A2272
att,A2272,A2273
att,A2273,A2274
att,A2274,A2275
att,A2275,A2276
att,A2276,A2277
att,A2277,A2278
att,A2278,A2279
att,A2279,A2280
att,A2280,A2281
att,A2281,A2282
att,A2282,A2283
att,A2283,A2284
att,A2284,A2285
att,A2285,A2286
att,A2286,A2287
att,A2287,A2288
att,A2288,A2289
att,A2289,A2290
att,A2290,A2291
att,A2291,A2292
att,A2292,A2293
att,A2293,A2294
att,A2294,A2295
att,A2295,A2296
att,A2296,A2297
att,A2297,A2298
att,A2298,A2299
att,A2299,A2300
att,A2300,A2301
att,A2301,A2302
att,A2302,A2303
att,A2303,A2304
att,A2304,A2305
att,A2305,A2306
att,A2306,A2307
att,A2307,A2261
att,A2310,A2311
att,A2313,A2314
att,A2315,A2316
att,A2316,A2317
att,A2318,A2319
att,A2320,A2321
att,A2321,A2322
att,A2324,A2325
att,A2327,A2328
att,A2330,A2331
att,A2332,A2333
att,A2334,A2335
att,A2335,A2336
att,A2338,A2339
att,A2339,A2340
att,A2341,A2342
att,A2342,A2343
att,A2345,A2346
att,A2348,A2349
att,A2350,A2351
att,A2352,A2308
att,A2354,A2355
att,A2355,A2356
att,A2358,A2359
att,A2359,A2360
att,A2360,A2361
att,A2361,A2362
att,A2362,A2363
att,A2363,A2364
att,A2364,A2365
att,A2365,A2366
att,A2368,A2369
att,A2370,A2371
att,A2374,A2375
att,A2377,A2378
att,A2379,A2380
att,A2380,A2381
att,A2381,A2382
att,A2383,A2384
att,A2384,A2385
att,A2385,A2386
att,A2386,A2387
att,A2387,A2388
att,A2391,A2392
att,A2392,A2393
att,A2394,A2395
att,A2399,A2400
att,A2400,A2401
att,A2402,A2403
att,A2404,A2405
att,A2406,A2407
att,A2407,A2408
att,A2408,A2409
att,A2413,A2414
att,A2415,A2416
att,A2419,A2420
att,A2421,A2422
att,A2422,A2423
att,A2423,A2424
att,A2424,A2425
att,A2427,A2428
att,A2429,A2430
att,A2430,A2431
att,A2431,A2432
att,A2432,A2433
att,A2437,A2438
att,A2438,A2439
att,A2440,A2441
att,A2441,A2442
att,A2460,A2461
att,A2462,A2463
att,A2463,A2464
att,A2464,A2465
att,A2465,A2466
att,A2466,A2467
att,A2470,A2471
att,A2471,A2472
att,A2472,A2473
att,A2475,A2476
att,A2479,A2480
att,A2480,A2481
att,A2482,A2483
att,A2484,A2485
att,A2485,A2486
att,A2487,A2488
att,A2490,A2491
att,A2493,A2494
att,A2497,A2498
att,A2498,A2499
att,A2499,A2500
att,A2500,A2501
att,A2504,A2505
att,A2506,A2507
att,A2507,A2508
att,A2508,A2509
att,A2509,A2510
att,A2510,A2511
att,A2511,A2512
att,A2512,A2504
att,A2513,A2514
att,A2514,A2515
att,A2515,A2516
att,A2517,A2518
att,A2518,A2519
att,A2522,A2523
att,A2523,A2524
att,A2524,A2525
att,A2526,A2527
att,A2528,A2529
att,A2529,A2530
att,A2531,A2532
att,A2532,A2533
att,A2534,A2535
att,A2535,A2536
att,A2539,A2540
att,A2540,A2541
att,A2542,A2543
att,A2544,A2545
att,A2545,A2513
att,A2574,A2575
att,A2576,A2577
att,A2579,A2580
att,A2580,A2581
att,A2582,A2583
att,A2584,A2585
att,A2585,A2586
att,A2588,A2589
att,A2589,A2590
att,A2591,A2592
att,A2592,A2593
att,A2594,A2595
att,A2595,A2596
att,A2597,A2598
att,A2599,A2600
att,A2600,A2601
att,A2601,A2602
att,A2602,A2603
att,A2603,A2604
att,A2605,A2606
att,A2606,A2607
att,A2609,A2610
att,A2611,A2612
att,A2614,A2615
att,A2615,A2570
att,A2616,A2617
att,A2617,A2618
att,A2618,A2619
att,A2619,A2620
att,A2620,A2621
att,A2621,A2622
att,A2622,A2623
att,A2623,A2624
att,A2624,A2625
att,A2625,A2626
att,A2626,A2627
att,A2627,A2628
att,A2628,A2629
att,A2629,A2630
att,A2630,A2631
att,A2631,A2632
att,A2632,A2633
att,A2633,A2634
att,A2634,A2635
att,A2635,A2636
att,A2636,A2637
att,A2637,A2638
att,A2638,A2639
att,A2639,A2640
att,A2640,A2641
att,A2641,A2642
att,A2642,A2643
att,A2643,A2644
att,A2644,A2645
att,A2645,A2646
att,A2646,A2647
att,A2647,A2648
att,A2648,A2616
att,A2652,A2653
att,A2654,A2655
att,A2657,A2658
att,A2658,A2659
att,A2659,A2660
att,A2660,A2661
att,A2661,A2662
att,A2662,A2663
att,A2663,A2664
att,A2664,A2665
att,A2665,A2666
att,A2666,A2667
att,A2667,A2668
att,A2668,A2669
att,A2669,A2670
att,A2670,A2671
att,A2671,A2672
att,A2672,A2673
att,A2673,A2674
att,A2674,A2675
att,A2675,A2676
att,A2676,A2677
att,A2677,A2678
att,A2678,A2679
att,A2679,A2680
att,A2680,A2681
att,A2681,A2657
att,A2682,A2683
att,A2683,A2684
att,A2684,A2685
att,A2685,A2686
att,A2686,A2687
att,A2687,A2688
att,A2688,A2689
att,A2689,A2690
att,A2690,A2691
att,A2691,A2692
att,A2692,A2693
att,A2693,A2694
att,A2694,A2695
att,A2695,A2696
att,A2696,A2697
att,A2697,A2698
att,A2698,A2699
att,A2699,A2700
att,A2700,A2701
att,A2701,A2702
att,A2702,A2703
att,A2703,A2704
att,A2704,A2705
att,A2705,A2706
att,A2706,A2707
att,A2707,A2708
att,A2708,A2709
att,A2709,A2710
att,A2710,A2711
att,A2711,A2712
att,A2712,A2713
att,A2713,A2714
att,A2714,A2715
att,A2715,A2716
att,A2716,A2717
att,A2717,A2718
att,A2718,A2719
att,A2719,A2720
att,A2720,A2721
att,A2721,A2722
att,A2722,A2723
att,A2723,A2724
att,A2724,A2725
att,A2725,A2726
att,A2726,A2727
att,A2727,A2728
att,A2728,A2729
att,A2729,A2682
att,A2730,A2731
att,A2731,A2732
att,A2732,A2733
att,A2733,A2734
att,A2734,A2735
att,A2735,A2736
att,A2736,A2737
att,A2737,A2738
att,A2738,A2739
att,A2739,A2740
att,A2740,A2741
att,A2741,A2742
att,A2742,A2743
att,A2743,A2744
att,A2744,A2745
att,A2745,A2746
att,A2746,A2747
att,A2747,A2748
att,A2748,A2749
att,A2749,A2750
att,A2750,A2751
att,A2751,A2752
att,A2752,A2753
att,A2753,A2754
att,A2754,A2755
att,A2755,A2756
att,A2756,A2757
att,A2757,A2758
att,A2758,A2759
att,A2759,A2760
att,A2760,A2761
att,A2761,A2762
att,A2762,A2763
att,A2763,A2764
att,A2764,A2765
att,A2765,A2766
att,A2766,A2767
att,A2767,A2768
att,A2768,A2769
att,A2769,A2770
att,A2770,A2771
att,A2771,A2772
att,A2772,A2773
att,A2773,A2774
att,A2774,A2775
att,A2775,A2776
att,A2776,A2730
att,A94,A95
att,A160,A161
att,A174,A175
att,A219,A220
att,A239,A240
att,A269,A270
att,A409,A410
att,A437,A438
att,A595,A596
att,A604,A605
att,A619,A620
att,A662,A663
att,A684,A685
att,A761,A762
att,A810,A811
att,A826,A827
att,A911,A912
att,A960,A961
att,A976,A977
att,A1021,A1022
att,A1212,A1213
att,A1227,A1228
att,A1369,A1370
att,A1405,A1406
att,A1521,A1522
att,A1610,A1611
att,A1646,A1647
att,A1679,A1680
att,A1684,A1685
att,A1758,A1759
att,A1778,A1779
att,A1799,A1800
att,A1821,A1822
att,A1899,A1900
att,A1913,A1914
att,A1936,A1937
att,A1962,A1963
att,A2001,A2002
att,A2038,A2039
att,A2045,A2046
att,A2225,A2226
att,A2307,A2308
att,A2372,A2373
att,A2403,A2404
att,A2442,A2443
att,A2458,A2459
att,A2503,A2504
att,A2512,A2513
att,A2569,A2570
att,A2648,A2649
att,A2656,A2657
att,A2681,A2682
att,A2729,A2730
att,A2799,A1400
att,A0,A1426
att,A0,A1411
att,A0,A158
att,A0,A301
att,A0,A1639
att,A0,A789
att,A0,A226
att,A0,A2432
att,A0,A30
att,A0,A1103
att,A0,A1274
att,A0,A1518
att,A0,A2101
att,A0,A933
att,A0,A2550
att,A0,A957
att,A4,A187
att,A4,A87
att,A4,A2589
att,A4,A375
att,A4,A776
att,A5,A318
att,A5,A1909
att,A5,A2696
att,A5,A79
att,A5,A499
att,A5,A2632
att,A5,A1359
att,A5,A1661
att,A5,A798
att,A5,A1638
att,A5,A1105
att,A5,A557
att,A5,A1602
att,A5,A2120
att,A5,A1727
att,A5,A1520
att,A5,A474
att,A5,A143
att,A6,A1209
att,A6,A2407
att,A6,A347
att,A6,A941
att,A6,A1900
att,A6,A2024
att,A6,A1694
att,A7,A246
att,A7,A1232
att,A7,A1314
att,A7,A447
att,A7,A1923
att,A7,A2639
att,A7,A2214
att,A7,A1701
att,A7,A1638
att,A7,A1584
att,A7,A1840
att,A7,A2211
att,A7,A1672
att,A7,A636
att,A7,A889
att,A7,A376
att,A7,A2109
att,A7,A2687
att,A7,A1993
att,A7,A1882
att,A7,A2572
att,A14,A389
att,A14,A1356
att,A14,A1703
att,A14,A1651
att,A15,A59
att,A16,A2307
att,A16,A2117
att,A16,A1073
att,A16,A2164
att,A16,A1418
att,A16,A480
att,A16,A2776
att,A16,A2005
att,A16,A105
att,A20,A2781
att,A20,A1176
att,A20,A2678
att,A20,A1261
att,A20,A1984
att,A20,A1421
att,A20,A977
att,A20,A2028
att,A20,A1888
att,A20,A26
att,A20,A2345
att,A20,A2444
att,A20,A1094
att,A20,A1441
att,A20,A2546
att,A20,A293
att,A20,A608
att,A20,A838
att,A20,A371
att,A20,A2568
att,A21,A76
att,A21,A61
att,A21,A1769
att,A21,A1428
att,A21,A2798
att,A21,A10
att,A21,A1566
att,A21,A2457
att,A21,A67
att,A22,A292
att,A22,A868
att,A22,A1698
att,A24,A1567
att,A24,A2008
att,A24,A2054
att,A24,A702
att,A24,A2214
att,A24,A2166
att,A24,A1183
att,A24,A1465
att,A24,A1066
att,A24,A2725
att,A24,A1303
att,A24,A2708
att,A24,A498
att,A24,A548
att,A24,A2764
att,A24,A1850
att,A24,A1118
att,A25,A1733
att,A25,A76
att,A25,A1247
att,A25,A1844
att,A25,A1112
att,A25,A2076
att,A25,A1190
att,A25,A1612
att,A25,A800
att,A25,A319
att,A25,A281
att,A25,A2699
att,A26,A362
att,A26,A1478
att,A26,A102
att,A26,A1501
att,A26,A2479
att,A26,A84
att,A26,A2610
att,A26,A1405
att,A26,A1876
att,A29,A2372
att,A29,A1328
att,A29,A2250
att,A29,A1870
att,A29,A616
att,A29,A2096
att,A29,A800
att,A29,A1140
att,A29,A867
att,A29,A136
att,A29,A1641
att,A29,A1553
att,A29,A1890
att,A29,A2267
att,A29,A2050
att,A29,A1965
att,A29,A1945
att,A29,A1134
att,A29,A422
att,A29,A1160
att,A29,A1726
att,A29,A1069
att,A29,A452
att,A29,A2065
att,A29,A548
att,A29,A483
att,A31,A868
att,A31,A1563
att,A31,A2086
att,A31,A186
att,A31,A149
att,A31,A1195
att,A31,A2034
att,A31,A1783
att,A32,A2406
att,A32,A978
att,A32,A165
att,A32,A2571
att,A32,A1204
att,A32,A212
att,A32,A795
att,A32,A2725
att,A32,A66
att,A32,A590
att,A32,A1191
att,A32,A2558
att,A32,A1992
att,A32,A1051
att,A32,A2394
att,A32,A1899
att,A32,A1727
att,A32,A1988
att,A32,A1351
att,A32,A1385
att,A32,A963
att,A34,A2288
att,A34,A2393
att,A34,A884
att,A34,A2702
att,A37,A1917
att,A37,A2484
att,A37,A157
att,A37,A606
att,A37,A928
att,A37,A1031
att,A37,A884
att,A37,A659
att,A37,A425
att,A37,A417
att,A37,A2712
att,A37,A1773
att,A37,A943
att,A37,A429
att,A37,A1408
att,A37,A1107
att,A39,A2293
att,A39,A1417
att,A39,A2409
att,A39,A2262
att,A39,A793
att,A39,A123
att,A39,A872
att,A39,A1970
att,A39,A2715
att,A39,A526
att,A40,A2448
att,A40,A2781
att,A40,A1902
att,A40,A1252
att,A40,A1114
att,A40,A798
att,A40,A1432
att,A40,A2152
att,A40,A1488
att,A40,A1650
att,A40,A2568
att,A40,A2504
att,A40,A802
att,A40,A386
att,A40,A136
att,A40,A263
att,A40,A1354
att,A40,A1394
att,A40,A156
att,A40,A2112
att,A40,A2225
att,A41,A471
att,A41,A1096
att,A41,A205
att,A41,A2539
att,A41,A1854
att,A41,A2447
att,A41,A2248
att,A41,A2118
att,A41,A332
att,A41,A2677
att,A41,A2790
att,A41,A1834
att,A41,A1521
att,A41,A631
att,A41,A483
att,A41,A1763
att,A41,A119
att,A41,A1031
att,A41,A2531
att,A41,A1236
att,A41,A1721
att,A41,A239
att,A41,A1970
att,A41,A362
att,A41,A866
att,A41,A1833
att,A41,A1226
att,A41,A2588
att,A41,A1974
att,A41,A1668
att,A41,A1355
att,A42,A1995
att,A42,A552
att,A42,A2600
att,A42,A2140
att,A42,A1225
att,A42,A335
att,A42,A524
att,A42,A1446
att,A42,A467
att,A42,A117
att,A42,A2445
att,A42,A122
att,A42,A2680
att,A42,A2473
att,A42,A2198
att,A43,A2744
att,A43,A371
att,A43,A627
att,A43,A618
att,A43,A672
att,A43,A1213
att,A43,A1129
att,A43,A1783
att,A43,A1345
att,A43,A911
att,A43,A1486
att,A43,A2117
att,A43,A671
att,A43,A170
att,A43,A2707
att,A43,A2226
att,A43,A2199
att,A43,A594
att,A43,A298
att,A43,A2380
att,A43,A2643
att,A44,A188
att,A44,A1070
att,A44,A826
att,A44,A1889
att,A44,A558
att,A44,A2717
att,A44,A1144
att,A44,A4
att,A44,A2564
att,A44,A2601
att,A44,A2648
att,A44,A1770
att,A44,A562
att,A44,A420
att,A44,A2607
att,A44,A2642
att,A44,A353
att,A44,A442
att,A44,A1536
att,A44,A664
att,A44,A1307
att,A44,A893
att,A44,A21
att,A46,A2144
att,A46,A493
att,A46,A589
att,A46,A2738
att,A46,A942
att,A46,A1934
att,A46,A2332
att,A46,A1791
att,A46,A200
att,A46,A1735
att,A46,A473
att,A46,A1109
att,A46,A335
att,A46,A508
att,A46,A2428
att,A46,A1162
att,A46,A2093
att,A46,A481
att,A46,A2421
att,A46,A1430
att,A46,A296
att,A46,A2750
att,A47,A1340
att,A47,A2265
att,A47,A2674
att,A47,A2529
att,A47,A1336
att,A47,A2251
att,A47,A2311
att,A47,A1217
att,A47,A720
att,A47,A1868
att,A47,A2392
att,A47,A399
att,A49,A160
att,A49,A144
att,A49,A2264
att,A49,A1573
att,A49,A1941
att,A49,A2736
att,A49,A1312
att,A49,A2594
att,A49,A668
att,A49,A2422
att,A49,A2321
att,A49,A1857
att,A49,A755
att,A49,A2098
att,A49,A780
att,A49,A268
att,A49,A2465
att,A50,A1220
att,A50,A1664
att,A50,A2239
att,A50,A151
att,A50,A196
att,A50,A1510
att,A50,A955
att,A50,A759
att,A50,A2064
att,A50,A985
att,A51,A1825
att,A51,A1506
att,A51,A572
att,A51,A1787
att,A51,A557
att,A51,A1223
att,A51,A345
att,A51,A2001
att,A51,A1088
att,A51,A1441
att,A51,A2656
att,A51,A1536
att,A51,A1599
att,A51,A803
att,A51,A2003
att,A52,A1160
att,A52,A1031
att,A52,A1603
att,A52,A283
att,A52,A901
att,A52,A1340
att,A52,A784
att,A52,A2655
att,A52,A1588
att,A52,A2449
att,A52,A826
att,A52,A915
att,A52,A1517
att,A52,A1926
att,A54,A948
att,A54,A652
att,A54,A1641
att,A54,A2164
att,A54,A1055
att,A54,A2764
att,A54,A1208
att,A54,A2738
att,A54,A1556
att,A54,A1080
att,A54,A2762
att,A54,A2779
att,A54,A343
att,A54,A2051
att,A54,A1758
att,A54,A1414
att,A54,A960
att,A54,A2703
att,A54,A2768
att,A54,A1341
att,A54,A2620
att,A55,A113
att,A55,A1012
att,A55,A2306
att,A55,A2028
att,A55,A2502
att,A55,A1868
att,A55,A1403
att,A55,A0
att,A55,A267
att,A55,A413
att,A55,A734
att,A55,A1797
att,A55,A1212
att,A55,A2288
att,A55,A1192
att,A55,A1597
att,A55,A1170
att,A55,A2210
att,A55,A2601
att,A55,A882
att,A59,A1793
att,A61,A2700
att,A61,A1289
att,A61,A2645
att,A61,A1502
att,A61,A1634
att,A61,A2753
att,A61,A934
att,A61,A1804
att,A61,A694
att,A61,A2054
att,A61,A222
att,A61,A2088
att,A61,A1545
att,A61,A2334
att,A61,A2113
att,A63,A1111
att,A63,A1879
att,A63,A258
att,A63,A1978
att,A63,A2649
att,A63,A1286
att,A63,A757
att,A63,A403
att,A63,A581
att,A63,A1612
att,A63,A936
att,A63,A2634
att,A63,A1329
att,A63,A2180
att,A63,A1938
att,A63,A281
att,A63,A2317
att,A63,A2588
att,A63,A1146
att,A63,A1364
att,A63,A2047
att,A63,A2201
att,A63,A1535
att,A63,A2454
att,A64,A57
att,A64,A1583
att,A64,A1845
att,A64,A2037
att,A64,A1936
att,A64,A2487
att,A64,A1371
att,A64,A2534
att,A64,A1336
att,A64,A2181
att,A64,A1374
att,A64,A536
att,A64,A1431
att,A64,A2227
att,A64,A2430
att,A65,A102
att,A65,A2445
att,A67,A618
att,A67,A1344
att,A67,A1943
att,A67,A587
att,A67,A2466
att,A67,A2658
att,A67,A2074
att,A67,A1843
att,A67,A1968
att,A67,A2501
att,A67,A2386
att,A67,A2652
att,A67,A251
att,A67,A1927
att,A67,A1631
att,A67,A97
att,A67,A818
att,A67,A2135
att,A67,A1623
att,A67,A562
att,A67,A2250
att,A67,A1219
att,A67,A2635
att,A67,A2449
att,A67,A1971
att,A67,A693
att,A68,A1862
att,A68,A1301
att,A68,A758
att,A70,A1870
att,A70,A2310
att,A70,A1127
att,A72,A649
att,A72,A1571
att,A72,A642
att,A72,A2473
att,A72,A2549
att,A72,A134
att,A72,A407
att,A73,A2370
att,A73,A732
att,A73,A2551
att,A73,A1393
att,A73,A849
att,A73,A744
att,A73,A861
att,A73,A2218
att,A73,A2307
att,A73,A1325
att,A73,A855
att,A73,A2708
att,A73,A359
att,A73,A1091
att,A73,A2566
att,A73,A834
att,A73,A448
att,A73,A984
att,A73,A155
att,A73,A1816
att,A73,A990
att,A73,A2396
att,A74,A1579
att,A74,A3
att,A74,A2177
att,A74,A496
att,A74,A1043
att,A74,A1279
att,A74,A259
att,A74,A22
att,A74,A2267
att,A74,A1921
att,A74,A358
att,A74,A665
att,A74,A837
att,A74,A959
att,A74,A967
att,A74,A2392
att,A74,A2753
att,A74,A2242
att,A74,A1596
att,A74,A292
att,A74,A1159
att,A74,A1523
att,A74,A500
att,A74,A750
att,A74,A2310
att,A74,A2430
att,A74,A2774
att,A74,A2183
att,A75,A692
att,A75,A1052
att,A75,A1625
att,A75,A890
att,A75,A1489
att,A75,A2209
att,A75,A517
att,A75,A1550
att,A75,A872
att,A75,A141
att,A75,A2467
att,A75,A2684
att,A86,A1632
att,A86,A2441
att,A86,A2626
att,A86,A2087
att,A86,A2054
att,A86,A1406
att,A86,A1865
att,A86,A2195
att,A87,A312
att,A87,A2396
att,A87,A1223
att,A87,A1425
att,A87,A2646
att,A87,A2582
att,A87,A296
att,A87,A1290
att,A87,A187
att,A87,A1508
att,A87,A886
att,A87,A352
att,A87,A2770
att,A87,A1126
att,A87,A454
att,A87,A1976
att,A87,A2698
att,A87,A1680
att,A89,A2453
att,A89,A2794
att,A89,A1265
att,A89,A1655
att,A92,A2744
att,A92,A467
att,A92,A1276
att,A92,A1399
att,A92,A1226
att,A92,A2447
att,A92,A2047
att,A92,A1330
att,A92,A1905
att,A92,A1467
att,A92,A310
att,A92,A579
att,A92,A1407
att,A94,A2714
att,A98,A1658
att,A98,A791
att,A98,A856
att,A99,A2184
att,A99,A2390
att,A99,A132
att,A99,A2664
att,A99,A1395
att,A101,A802
att,A101,A534
att,A101,A1303
att,A101,A1127
att,A101,A2432
att,A101,A2549
att,A101,A1882
att,A101,A1102
att,A101,A2253
att,A101,A1023
att,A101,A1650
att,A101,A1996
att,A101,A2297
att,A102,A1385
att,A102,A1787
att,A102,A250
att,A102,A2342
att,A102,A169
att,A103,A2121
att,A103,A1444
att,A103,A778
att,A103,A2751
att,A103,A1211
att,A103,A1664
att,A103,A1021
att,A103,A2701
att,A103,A2270
att,A103,A192
att,A103,A1720
att,A103,A2659
att,A103,A1108
att,A103,A2267
att,A103,A334
att,A104,A2300
att,A104,A1483
att,A104,A2614
att,A105,A2453
att,A105,A779
att,A105,A1942
att,A105,A845
att,A105,A710
att,A105,A999
att,A105,A377
att,A105,A2077
att,A107,A1754
att,A107,A929
att,A107,A1151
att,A107,A1068
att,A107,A1664
att,A107,A1229
att,A107,A1816
att,A107,A1279
att,A107,A1280
att,A107,A514
att,A107,A2485
att,A107,A449
att,A107,A2665
att,A107,A2721
att,A107,A2189
att,A107,A1318
att,A107,A518
att,A107,A223
att,A107,A1391
att,A110,A178
att,A110,A2138
att,A110,A90
att,A110,A2419
att,A110,A1557
att,A110,A639
att,A110,A35
att,A110,A2794
att,A110,A2261
att,A110,A2742
att,A110,A1054
att,A110,A897
att,A110,A190
att,A110,A2640
att,A110,A2057
att,A110,A2650
att,A110,A848
att,A110,A2377
att,A110,A2620
att,A110,A345
att,A110,A1282
att,A110,A2275
att,A110,A1132
att,A110,A2494
att,A110,A163
att,A110,A1924
att,A111,A421
att,A111,A2196
att,A111,A738
att,A111,A32
att,A111,A1772
att,A111,A2251
att,A111,A2354
att,A111,A1720
att,A111,A987
att,A115,A2500
att,A115,A2780
att,A115,A1980
att,A115,A2602
att,A115,A1939
att,A115,A2653
att,A115,A861
att,A115,A1033
att,A115,A1855
att,A115,A1421
att,A115,A2037
att,A115,A654
att,A115,A299
att,A115,A1404
att,A115,A769
att,A115,A1525
att,A115,A353
att,A115,A2226
att,A115,A912
att,A115,A2259
att,A118,A2302
att,A118,A1938
att,A119,A1209
att,A119,A742
att,A119,A1170
att,A119,A793
att,A119,A1290
att,A119,A498
att,A119,A24
att,A119,A1194
att,A119,A2118
att,A119,A413
att,A119,A1450
att,A119,A269
att,A119,A1566
att,A119,A2514
att,A119,A496
att,A119,A2620
att,A119,A287
att,A119,A2345
att,A119,A2074
att,A119,A939
att,A119,A1698
att,A119,A2204
att,A119,A1275
att,A119,A1197
att,A121,A2144
att,A121,A1388
att,A123,A2598
att,A123,A2645
att,A123,A352
att,A123,A1584
att,A123,A1900
att,A123,A1917
att,A123,A1160
att,A123,A619
att,A123,A979
att,A123,A187
att,A123,A1239
att,A123,A2473
att,A123,A1093
att,A123,A639
att,A123,A989
att,A123,A1461
att,A123,A834
att,A123,A854
att,A123,A503
att,A124,A867
att,A124,A2747
att,A124,A2324
att,A124,A2519
att,A124,A1895
att,A124,A702
att,A124,A1440
att,A124,A2791
att,A124,A1670
att,A126,A2719
att,A128,A398
att,A128,A1186
att,A128,A1970
att,A128,A487
att,A128,A853
att,A128,A301
att,A128,A368
att,A128,A1815
att,A128,A895
att,A128,A1450
att,A129,A1162
att,A129,A2644
att,A129,A1055
att,A129,A1502
att,A129,A1587
att,A129,A1086
att,A129,A2621
att,A129,A140
att,A129,A1586
att,A129,A2729
att,A129,A486
att,A129,A228
att,A129,A127
att,A129,A2275
att,A129,A16
att,A129,A2155
att,A129,A1485
att,A129,A901
att,A136,A474
att,A136,A880
att,A136,A2062
att,A136,A1319
att,A136,A228
att,A136,A596
att,A136,A11
att,A136,A2376
att,A136,A2775
att,A136,A2617
att,A136,A191
att,A136,A770
att,A136,A1175
att,A136,A1222
att,A136,A41
att,A136,A2729
att,A136,A490
att,A136,A1596
att,A136,A663
att,A136,A1792
att,A136,A1376
att,A136,A2398
att,A143,A2737
att,A143,A1228
att,A143,A1007
att,A143,A845
att,A143,A133
att,A145,A2715
att,A145,A2739
att,A145,A2231
att,A145,A1138
att,A145,A2748
att,A145,A1216
att,A145,A1057
att,A145,A2483
att,A145,A1892
att,A145,A2569
att,A145,A2077
att,A145,A874
att,A145,A498
att,A145,A1353
att,A145,A2148
att,A145,A2217
att,A145,A33
att,A145,A2154
att,A145,A477
att,A147,A1201
att,A147,A1496
att,A147,A906
att,A147,A1471
att,A147,A700
att,A147,A1973
att,A147,A645
att,A148,A2015
att,A148,A298
att,A148,A1269
att,A148,A109
att,A148,A1283
att,A148,A1253
att,A148,A1338
att,A148,A251
att,A148,A443
att,A148,A2147
att,A148,A118
att,A150,A925
att,A150,A2101
att,A150,A1322
att,A150,A231
att,A150,A2679
att,A150,A139
att,A150,A1731
att,A150,A1117
att,A150,A1617
att,A150,A2568
att,A154,A369
att,A154,A743
att,A154,A1515
att,A154,A2672
att,A154,A572
att,A154,A886
att,A154,A58
att,A154,A2329
att,A154,A2564
att,A154,A554
att,A154,A1710
att,A154,A163
att,A155,A469
att,A155,A1401
att,A155,A1071
att,A155,A2361
att,A155,A1285
att,A155,A97
att,A155,A2232
att,A155,A2301
att,A155,A1220
att,A155,A1458
att,A155,A922
att,A155,A2349
att,A155,A829
att,A155,A868
att,A155,A2336
att,A155,A1255
att,A155,A1364
att,A155,A1082
att,A155,A1451
att,A155,A2562
att,A155,A447
att,A155,A1999
att,A155,A412
att,A155,A1672
att,A156,A217
att,A156,A1841
att,A156,A607
att,A156,A1459
att,A156,A1507
att,A156,A2353
att,A156,A55
att,A159,A2139
att,A159,A1382
att,A159,A130
att,A159,A2081
att,A159,A2170
att,A159,A2613
att,A159,A2315
att,A159,A764
att,A159,A273
att,A159,A342
att,A160,A1969
att,A160,A621
att,A160,A1777
att,A160,A719
att,A160,A2618
att,A160,A848
att,A160,A1308
att,A160,A585
att,A160,A2283
att,A160,A1666
att,A164,A2141
att,A164,A338
att,A164,A913
att,A164,A2501
att,A164,A2571
att,A164,A1763
att,A164,A181
att,A164,A1087
att,A164,A257
att,A164,A505
att,A164,A2017
att,A164,A345
att,A164,A607
att,A164,A1677
att,A164,A451
att,A164,A1748
att,A164,A801
att,A164,A1505
att,A164,A159
att,A164,A928
att,A164,A814
att,A164,A1696
att,A164,A1351
att,A169,A1826
att,A169,A2453
att,A169,A484
att,A169,A2295
att,A170,A2295
att,A170,A435
att,A170,A2189
att,A170,A2765
att,A170,A1870
att,A170,A1985
att,A170,A470
att,A170,A1374
att,A170,A1334
att,A170,A2646
att,A170,A2692
att,A170,A701
att,A170,A877
att,A170,A2558
att,A170,A2371
att,A170,A622
att,A173,A1353
att,A173,A2617
att,A173,A1192
att,A173,A1261
att,A173,A897
att,A173,A986
att,A173,A528
att,A173,A2022
att,A173,A755
att,A173,A1648
att,A173,A1142
att,A173,A354
att,A173,A403
att,A173,A791
att,A173,A574
att,A173,A1254
att,A173,A2545
att,A173,A659
att,A173,A1764
att,A173,A2575
att,A173,A1014
att,A173,A2374
att,A173,A162
att,A173,A1019
att,A173,A228
att,A174,A2432
att,A174,A775
att,A174,A129
att,A174,A1452
att,A174,A2495
att,A174,A814
att,A174,A2479
att,A174,A1564
att,A174,A377
att,A174,A212
att,A174,A398
att,A174,A2039
att,A174,A83
att,A174,A1201
att,A174,A1973
att,A174,A6
att,A174,A2445
att,A174,A685
att,A174,A1670
att,A174,A632
att,A174,A1760
att,A174,A491
att,A175,A290
att,A175,A707
att,A175,A1787
att,A175,A2659
att,A175,A88
att,A175,A410
att,A175,A1909
att,A175,A452
att,A175,A386
att,A175,A589
att,A177,A1446
att,A177,A2590
att,A177,A2100
att,A177,A912
att,A177,A1425
att,A177,A1702
att,A177,A1060
att,A177,A2031
att,A177,A2173
att,A177,A1764
att,A177,A1097
att,A180,A1250
att,A180,A1095
att,A180,A333
att,A180,A1065
att,A180,A829
att,A180,A1460
att,A180,A1885
att,A180,A2740
att,A180,A230
att,A180,A970
att,A180,A501
att,A180,A1121
att,A180,A1911
att,A180,A1510
att,A180,A2761
att,A180,A2164
att,A180,A2636
att,A181,A700
att,A181,A1454
att,A181,A809
att,A181,A1339
att,A181,A2440
att,A181,A2319
att,A181,A1440
att,A181,A122
att,A181,A1820
att,A181,A194
att,A181,A1184
att,A181,A2150
att,A181,A2016
att,A182,A1645
att,A182,A247
att,A182,A1558
att,A182,A994
att,A182,A1480
att,A182,A1316
att,A182,A1399
att,A182,A2424
att,A182,A2221
att,A182,A1943
att,A182,A1552
att,A182,A797
att,A182,A1533
att,A183,A396
att,A183,A2691
att,A183,A1615
att,A183,A1398
att,A183,A1919
att,A189,A1873
att,A189,A1332
att,A189,A2537
att,A189,A2715
att,A189,A2004
att,A189,A955
att,A189,A1177
att,A189,A240
att,A189,A1778
att,A189,A174
att,A189,A2067
att,A189,A539
att,A189,A1878
att,A189,A345
att,A189,A1444
att,A189,A1095
att,A189,A392
att,A189,A2619
att,A189,A1664
att,A189,A2567
att,A191,A1509
att,A191,A813
att,A191,A529
att,A191,A1223
att,A191,A2775
att,A191,A345
att,A191,A893
att,A191,A2654
att,A191,A2339
att,A191,A1090
att,A191,A543
att,A191,A2328
att,A191,A1409
att,A191,A1328
att,A191,A369
att,A191,A595
att,A191,A1033
att,A195,A2091
att,A195,A2276
att,A195,A1474
att,A195,A2140
att,A195,A114
att,A195,A887
att,A195,A2307
att,A195,A488
att,A195,A1019
att,A195,A2536
att,A195,A2358
att,A195,A2384
att,A195,A1712
att,A195,A2612
att,A195,A1138
att,A195,A774
att,A195,A135
att,A195,A2016
att,A195,A967
att,A195,A1143
att,A195,A2600
att,A195,A1105
att,A195,A2638
att,A196,A46
att,A196,A1324
att,A196,A240
att,A196,A2303
att,A196,A525
att,A196,A806
att,A196,A549
att,A196,A1170
att,A196,A1528
att,A196,A1883
att,A196,A2573
att,A196,A2363
att,A196,A2597
att,A196,A3
att,A196,A527
att,A196,A456
att,A196,A1384
att,A196,A686
att,A196,A1339
att,A196,A2034
att,A196,A1527
att,A196,A2519
att,A196,A1556
att,A196,A2360
att,A196,A208
att,A197,A2522
att,A197,A1520
att,A197,A1779
att,A197,A1839
att,A197,A799
att,A197,A301
att,A197,A1168
att,A197,A1952
att,A197,A467
att,A197,A1306
att,A197,A293
att,A197,A1246
att,A197,A2778
att,A197,A1066
att,A197,A186
att,A197,A906
att,A197,A1680
att,A197,A2409
att,A197,A441
att,A197,A1384
att,A199,A963
att,A199,A502
att,A199,A863
att,A202,A320
att,A202,A115
att,A202,A234
att,A202,A912
att,A202,A1642
att,A202,A469
att,A202,A2609
att,A202,A1254
att,A202,A1342
att,A202,A1079
att,A204,A2357
att,A204,A126
att,A204,A1018
att,A204,A1389
att,A204,A479
att,A204,A1505
att,A204,A813
att,A204,A295
att,A204,A412
att,A204,A2483
att,A204,A2282
att,A204,A1741
att,A204,A1487
att,A204,A55
att,A204,A1402
att,A204,A1586
att,A204,A2340
att,A204,A1648
att,A206,A518
att,A206,A2489
att,A206,A2396
att,A206,A1048
att,A206,A2014
att,A206,A1007
att,A209,A2154
att,A209,A387
att,A209,A1026
att,A209,A2183
att,A209,A1474
att,A209,A1910
att,A210,A1498
att,A210,A2294
att,A210,A1497
att,A210,A1407
att,A210,A1799
att,A210,A1020
att,A210,A311
att,A210,A2422
att,A210,A1288
att,A210,A1709
att,A210,A387
att,A210,A1570
att,A210,A2560
att,A210,A2137
att,A210,A511
att,A210,A214
att,A210,A712
att,A210,A379
att,A214,A2403
att,A214,A1087
att,A214,A1661
att,A216,A232
att,A216,A2105
att,A216,A1949
att,A216,A2448
att,A216,A2567
att,A216,A1803
att,A216,A2624
att,A216,A2
att,A216,A103
att,A216,A446
att,A217,A2795
att,A217,A1661
att,A217,A855
att,A217,A113
att,A217,A411
att,A217,A1395
att,A217,A890
att,A217,A1534
att,A217,A2327
att,A217,A2356
att,A217,A2079
att,A217,A1147
att,A217,A916
att,A217,A136
att,A217,A1762
att,A217,A98
att,A217,A2519
att,A217,A2078
att,A217,A846
att,A217,A845
att,A217,A2114
att,A217,A419
att,A217,A1537
att,A217,A724
att,A217,A838
att,A218,A2249
att,A218,A1207
att,A225,A825
att,A225,A2751
att,A225,A2520
att,A225,A1551
att,A225,A401
att,A225,A1859
att,A225,A1650
att,A225,A2340
att,A225,A348
att,A225,A973
att,A225,A1381
att,A225,A2543
att,A225,A2432
att,A225,A1148
att,A225,A311
att,A225,A1172
att,A225,A361
att,A225,A2109
att,A225,A860
att,A225,A1036
att,A228,A2597
att,A228,A102
att,A228,A2127
att,A228,A2276
att,A228,A1987
att,A228,A2719
att,A228,A517
att,A228,A752
att,A228,A989
att,A228,A225
att,A228,A1400
att,A228,A251
att,A228,A972
att,A228,A2328
att,A228,A1080
att,A228,A738
att,A228,A1166
att,A228,A1205
att,A228,A2174
att,A228,A1968
att,A228,A2238
att,A228,A2378
att,A228,A747
att,A228,A1986
att,A228,A2088
att,A228,A1307
att,A231,A1258
att,A231,A581
att,A231,A147
att,A231,A2220
att,A231,A1406
att,A231,A1722
att,A231,A2720
att,A231,A317
att,A231,A2735
att,A231,A387
att,A231,A1425
att,A231,A944
att,A231,A422
att,A231,A2258
att,A231,A2076
att,A231,A202
att,A231,A683
att,A231,A2704
att,A231,A2475
att,A231,A378
att,A231,A1742
att,A231,A940
att,A231,A2604
att,A231,A2061
att,A231,A1104
att,A231,A2212
att,A231,A1377
att,A231,A243
att,A231,A1934
att,A235,A373
att,A235,A227
att,A235,A679
att,A235,A617
att,A235,A1472
att,A235,A795
att,A235,A935
att,A235,A2126
att,A235,A886
att,A235,A2611
att,A235,A178
att,A235,A552
att,A235,A1813
att,A235,A1910
att,A235,A1997
att,A235,A2652
att,A235,A929
att,A235,A1757
att,A235,A1066
att,A235,A2082
att,A235,A518
att,A235,A1763
att,A235,A2485
att,A235,A1441
att,A235,A1672
att,A235,A1228
att,A235,A2538
att,A235,A2565
att,A237,A767
att,A237,A2230
att,A237,A1754
att,A237,A747
att,A237,A449
att,A237,A2131
att,A237,A2206
att,A237,A1855
att,A237,A1318
att,A237,A2053
att,A237,A2073
att,A237,A150
att,A237,A1745
att,A237,A1195
att,A240,A832
att,A240,A739
att,A240,A594
att,A240,A877
att,A240,A1605
att,A240,A960
att,A240,A131
att,A240,A1628
att,A240,A519
att,A240,A777
att,A240,A2022
att,A240,A555
att,A241,A1374
att,A241,A627
att,A241,A1565
att,A241,A156
att,A241,A633
att,A241,A1428
att,A241,A1507
att,A241,A1954
att,A241,A2224
att,A242,A1576
att,A242,A8
att,A242,A86
att,A242,A931
att,A242,A1259
att,A242,A1883
att,A242,A276
att,A242,A1427
att,A242,A2799
att,A242,A2038
att,A242,A1149
att,A242,A2691
att,A242,A2785
att,A242,A975
att,A242,A970
att,A242,A1425
att,A242,A1570
att,A242,A827
att,A242,A415
att,A242,A653
att,A242,A2522
att,A242,A914
att,A242,A2223
att,A242,A201
att,A242,A469
att,A242,A22
att,A242,A2389
att,A242,A2173
att,A244,A1507
att,A244,A418
att,A244,A1509
att,A244,A1447
att,A244,A1639
att,A244,A2207
att,A244,A1298
att,A244,A1245
att,A244,A2034
att,A244,A909
att,A244,A1077
att,A244,A2634
att,A244,A1514
att,A244,A2163
att,A244,A2667
att,A244,A239
att,A245,A1017
att,A245,A2189
att,A245,A568
att,A245,A2076
att,A245,A57
att,A245,A1037
att,A245,A25
att,A245,A1107
att,A245,A1886
att,A245,A537
att,A245,A2146
att,A245,A2421
att,A245,A1561
att,A245,A1013
att,A245,A1304
att,A245,A218
att,A246,A279
att,A246,A983
att,A246,A602
att,A246,A2242
att,A246,A2388
att,A246,A747
att,A246,A2375
att,A246,A582
att,A246,A1693
att,A246,A122
att,A246,A1699
att,A246,A462
att,A247,A2205
att,A247,A2589
att,A247,A931
att,A247,A852
att,A247,A2066
att,A247,A2756
att,A247,A995
att,A247,A880
att,A247,A779
att,A248,A1057
att,A248,A1237
att,A248,A2694
att,A248,A195
att,A248,A2417
att,A248,A2436
att,A248,A558
att,A248,A1329
att,A248,A2388
att,A248,A410
att,A248,A812
att,A248,A1089
att,A248,A1038
att,A248,A2727
att,A248,A1987
att,A248,A964
att,A248,A429
att,A248,A139
att,A248,A2455
att,A248,A2170
att,A248,A2408
att,A248,A2178
att,A252,A2361
att,A252,A510
att,A252,A108
att,A252,A880
att,A252,A846
att,A252,A1587
att,A252,A506
att,A252,A783
att,A252,A2383
att,A252,A1958
att,A252,A2080
att,A252,A2528
att,A252,A425
att,A252,A2540
att,A252,A24
att,A252,A1448
att,A252,A2550
att,A252,A2269
att,A252,A1757
att,A252,A1407
att,A252,A2667
att,A252,A2030
att,A253,A120
att,A253,A892
att,A253,A175
att,A253,A871
att,A253,A2482
att,A253,A2512
att,A253,A2556
att,A253,A2713
att,A253,A1111
att,A253,A2334
att,A253,A2697
att,A253,A744
att,A253,A735
att,A253,A2258
att,A253,A2365
att,A253,A2202
att,A253,A286
att,A253,A1686
att,A253,A2295
att,A253,A1431
att,A253,A2526
att,A253,A1109
att,A253,A2493
att,A253,A2226
att,A253,A2640
att,A254,A1742
att,A254,A753
att,A254,A1056
att,A254,A1426
att,A254,A2335
att,A254,A34
att,A254,A271
att,A254,A1141
att,A254,A1357
att,A254,A789
att,A254,A80
att,A254,A2092
att,A254,A1745
att,A254,A2554
att,A254,A1171
att,A254,A1352
att,A257,A1667
att,A257,A350
att,A257,A2519
att,A257,A753
att,A257,A972
att,A257,A2313
att,A257,A1133
att,A257,A1043
att,A257,A1328
att,A257,A1600
att,A257,A1234
att,A257,A2142
att,A257,A1655
att,A257,A936
att,A257,A160
att,A260,A1945
att,A260,A965
att,A260,A1336
att,A260,A456
att,A260,A234
att,A260,A1380
att,A260,A1911
att,A260,A2190
att,A260,A298
att,A260,A2563
att,A260,A945
att,A260,A2755
att,A260,A398
att,A260,A1292
att,A260,A938
att,A260,A906
att,A260,A1642
att,A260,A1385
att,A263,A2599
att,A263,A2765
att,A263,A1751
att,A263,A36
att,A263,A2544
att,A263,A1271
att,A263,A271
att,A263,A2040
att,A263,A2738
att,A263,A2626
att,A263,A1056
att,A263,A88
att,A263,A693
att,A263,A805
att,A263,A60
att,A263,A731
att,A264,A2292
att,A264,A1135
att,A264,A965
att,A264,A1470
att,A264,A407
att,A264,A1273
att,A264,A1461
att,A264,A717
att,A264,A2663
att,A264,A1635
att,A264,A2712
att,A264,A2563
att,A264,A707
att,A264,A676
att,A264,A955
att,A264,A1279
att,A264,A2469
att,A264,A1672
att,A264,A2478
att,A265,A1046
att,A265,A1
att,A265,A704
att,A265,A2625
att,A265,A350
att,A265,A1852
att,A265,A1717
att,A265,A1809
att,A265,A622
att,A265,A1007
att,A265,A2373
att,A265,A734
att,A265,A1132
att,A265,A375
att,A265,A1230
att,A265,A2437
att,A265,A1501
att,A265,A240
att,A265,A2673
att,A265,A561
att,A265,A219
att,A266,A329
att,A266,A1555
att,A266,A1772
att,A266,A1657
att,A266,A1383
att,A266,A777
att,A266,A1808
att,A266,A2598
att,A266,A2405
att,A266,A1590
att,A266,A1604
att,A266,A2050
att,A269,A2327
att,A269,A1100
att,A269,A931
att,A269,A2319
att,A269,A78
att,A269,A1221
att,A269,A2780
att,A269,A1781
att,A269,A1129
att,A269,A2664
att,A269,A1555
att,A269,A797
att,A269,A451
att,A269,A522
att,A269,A874
att,A269,A33
att,A269,A1432
att,A269,A864
att,A269,A2669
att,A269,A2167
att,A269,A2213
att,A270,A2102
att,A270,A2672
att,A270,A2713
att,A270,A32
att,A270,A1812
att,A270,A1916
att,A270,A1911
att,A270,A1528
att,A271,A296
att,A271,A2493
att,A271,A100
att,A271,A663
att,A271,A2267
att,A271,A2665
att,A271,A2127
att,A271,A1584
att,A271,A2566
att,A271,A87
att,A271,A6
att,A271,A495
att,A271,A543
att,A271,A264
att,A276,A1642
att,A276,A2291
att,A276,A146
att,A276,A365
att,A276,A1708
att,A276,A105
att,A276,A755
att,A276,A79
att,A276,A1896
att,A276,A1554
att,A276,A2096
att,A276,A1645
att,A276,A1135
att,A276,A2008
att,A276,A805
att,A276,A2661
att,A276,A430
att,A276,A1204
att,A276,A2545
att,A276,A1587
att,A276,A1689
att,A276,A1595
att,A276,A134
att,A276,A1034
att,A276,A1947
att,A276,A1108
att,A276,A1884
att,A277,A388
att,A277,A2785
att,A277,A1219
att,A277,A774
att,A277,A1546
att,A277,A1118
att,A277,A4
att,A277,A274
att,A277,A2401
att,A277,A2684
att,A277,A2493
att,A277,A1877
att,A278,A2317
att,A278,A2762
att,A278,A161
att,A278,A2188
att,A278,A972
att,A278,A1996
att,A278,A788
att,A279,A2482
att,A279,A783
att,A279,A2332
att,A279,A348
att,A279,A2262
att,A279,A1158
att,A279,A763
att,A279,A1710
att,A279,A111
att,A279,A699
att,A279,A1392
att,A279,A1313
att,A279,A2215
att,A279,A1788
att,A279,A2002
att,A279,A1560
att,A279,A1216
att,A279,A1541
att,A279,A2675
att,A279,A489
att,A279,A2629
att,A279,A1989
att,A280,A1701
att,A280,A2353
att,A280,A1636
att,A280,A2558
att,A280,A1556
att,A280,A544
att,A280,A2724
att,A280,A1695
att,A280,A2511
att,A280,A1614
att,A280,A2771
att,A280,A437
att,A280,A1767
att,A280,A1608
att,A280,A336
att,A280,A2712
att,A280,A975
att,A280,A2239
att,A281,A406
att,A281,A1281
att,A281,A1026
att,A281,A2562
att,A281,A540
att,A281,A1719
att,A281,A1984
att,A281,A2006
att,A281,A1419
att,A281,A325
att,A281,A990
att,A281,A1247
att,A281,A2450
att,A281,A584
att,A281,A927
att,A281,A1861
att,A281,A1234
att,A281,A1865
att,A281,A1640
att,A283,A1119
att,A283,A1466
att,A284,A2666
att,A284,A1408
att,A284,A1343
att,A284,A2652
att,A284,A118
att,A284,A1901
att,A284,A2357
att,A284,A2488
att,A284,A2394
att,A284,A2371
att,A284,A1020
att,A284,A808
att,A284,A1051
att,A284,A1183
att,A284,A2034
att,A284,A2176
att,A284,A1554
att,A284,A2321
att,A284,A436
att,A284,A1081
att,A284,A2384
att,A284,A2726
att,A284,A1180
att,A284,A944
att,A284,A837
att,A284,A1833
att,A284,A569
att,A284,A1773
att,A285,A994
att,A285,A2199
att,A286,A1395
att,A286,A2495
att,A286,A1750
att,A286,A1222
att,A286,A1489
att,A286,A23
att,A286,A214
att,A286,A1658
att,A286,A2694
att,A287,A22
att,A287,A2743
att,A287,A367
att,A287,A2768
att,A287,A971
att,A287,A796
att,A287,A965
att,A287,A478
att,A287,A2166
att,A287,A555
att,A287,A2411
att,A287,A2255
att,A288,A1079
att,A288,A255
att,A288,A2563
att,A288,A1255
att,A288,A2120
att,A288,A556
att,A288,A2562
att,A288,A191
att,A288,A1288
att,A288,A1963
att,A288,A2086
att,A288,A2749
att,A288,A1164
att,A289,A226
att,A289,A624
att,A289,A2382
att,A289,A974
att,A289,A1505
att,A289,A2262
att,A289,A2402
att,A289,A1132
att,A289,A944
att,A289,A306
att,A289,A1105
att,A289,A8
att,A289,A490
att,A289,A181
att,A289,A1574
att,A293,A1867
att,A293,A1858
att,A293,A325
att,A293,A128
att,A293,A1942
att,A293,A2231
att,A293,A170
att,A293,A1490
att,A293,A655
att,A293,A1104
att,A293,A2286
att,A293,A573
att,A293,A1594
att,A293,A1122
att,A293,A2252
att,A293,A2619
att,A293,A2067
att,A293,A1539
att,A293,A2272
att,A293,A1052
att,A293,A1596
att,A293,A263
att,A293,A1149
att,A293,A1172
att,A293,A1356
att,A293,A1918
att,A293,A2242
att,A293,A2369
att,A293,A268
att,A293,A173
att,A293,A2405
att,A294,A1500
att,A294,A15
att,A294,A1380
att,A294,A1790
att,A294,A598
att,A294,A1971
att,A294,A524
att,A294,A547
att,A294,A2137
att,A294,A1722
att,A294,A1257
att,A294,A680
att,A294,A280
att,A294,A2711
att,A294,A95
att,A294,A1463
att,A294,A712
att,A294,A1854
att,A298,A683
att,A298,A2082
att,A298,A1488
att,A298,A2014
att,A298,A1771
att,A298,A334
att,A298,A802
att,A298,A2706
att,A298,A2178
att,A298,A356
att,A298,A581
att,A298,A2749
att,A299,A488
att,A299,A534
att,A299,A1319
att,A299,A880
att,A300,A183
att,A300,A1468
att,A300,A1708
att,A300,A838
att,A300,A923
att,A300,A126
att,A300,A196
att,A300,A2411
att,A300,A660
att,A300,A555
att,A300,A766
att,A304,A1028
att,A304,A2682
att,A304,A920
att,A304,A2013
att,A304,A1004
att,A304,A2413
att,A304,A848
att,A304,A1948
att,A304,A2749
att,A304,A2593
att,A304,A1444
att,A304,A1946
att,A304,A683
att,A304,A2253
att,A304,A488
att,A304,A110
att,A304,A35
att,A304,A125
att,A304,A2107
att,A304,A1600
att,A304,A2094
att,A304,A2038
att,A304,A2680
att,A304,A509
att,A304,A152
att,A304,A520
att,A305,A2739
att,A305,A2766
att,A305,A1316
att,A305,A2427
att,A305,A2629
att,A305,A2547
att,A305,A2620
att,A305,A1628
att,A305,A727
att,A305,A22
att,A305,A605
att,A306,A1183
att,A306,A2591
att,A306,A1413
att,A306,A711
att,A306,A1151
att,A306,A1904
att,A306,A1516
att,A308,A226
att,A308,A2358
att,A308,A1113
att,A308,A2168
att,A308,A2392
att,A309,A1568
att,A309,A2798
att,A309,A2380
att,A309,A867
att,A309,A1158
att,A309,A1279
att,A309,A513
att,A309,A1706
att,A309,A2702
att,A309,A1033
att,A312,A1710
att,A312,A1958
att,A312,A2517
att,A312,A878
att,A312,A2587
att,A312,A981
att,A312,A269
att,A312,A498
att,A312,A1939
att,A312,A2786
att,A312,A2555
att,A312,A703
att,A312,A2394
att,A312,A766
att,A312,A1339
att,A313,A41
att,A313,A1727
att,A313,A2529
att,A313,A2177
att,A313,A754
att,A313,A1850
att,A313,A1310
att,A313,A362
att,A313,A161
att,A313,A2454
att,A313,A1867
att,A318,A1864
att,A318,A231
att,A318,A2604
att,A318,A2269
att,A318,A1349
att,A318,A1790
att,A318,A789
att,A318,A911
att,A318,A366
att,A318,A1861
att,A318,A673
att,A318,A276
att,A318,A2769
att,A318,A1962
att,A318,A1891
att,A318,A560
att,A318,A443
att,A318,A13
att,A318,A20
att,A318,A1559
att,A318,A1798
att,A319,A1506
att,A319,A701
att,A319,A1950
att,A319,A2609
att,A319,A705
att,A321,A2196
att,A321,A1921
att,A321,A988
att,A321,A1206
att,A321,A1267
att,A321,A554
att,A321,A13
att,A321,A1138
att,A321,A1536
att,A321,A915
att,A321,A124
att,A323,A2509
att,A323,A1934
att,A323,A1395
att,A323,A1780
att,A323,A2707
att,A323,A2422
att,A323,A751
att,A323,A1424
att,A323,A401
att,A323,A2789
att,A326,A1871
att,A326,A427
att,A326,A215
att,A326,A1964
att,A326,A812
att,A326,A1351
att,A326,A1978
att,A326,A2150
att,A326,A2721
att,A326,A2067
att,A326,A706
att,A326,A1038
att,A326,A474
att,A326,A594
att,A326,A1973
att,A326,A850
att,A326,A958
att,A326,A2074
att,A326,A2139
att,A326,A830
att,A326,A2261
att,A326,A1339
att,A326,A1806
att,A326,A1017
att,A326,A862
att,A326,A2737
att,A327,A2092
att,A327,A2339
att,A327,A1883
att,A327,A801
att,A327,A394
att,A327,A1074
att,A327,A833
att,A327,A1033
att,A327,A2322
att,A327,A881
att,A327,A73
att,A327,A1089
att,A327,A609
att,A327,A55
att,A327,A2283
att,A327,A1430
att,A327,A1481
att,A334,A1888
att,A334,A389
att,A334,A713
att,A334,A1791
att,A334,A565
att,A334,A2791
att,A334,A986
att,A334,A2416
att,A334,A1323
att,A334,A879
att,A334,A390
att,A334,A2008
att,A334,A2003
att,A334,A353
att,A342,A1807
att,A342,A1525
att,A342,A2156
att,A342,A659
att,A342,A880
att,A342,A773
att,A342,A1121
att,A342,A2575
att,A342,A628
att,A342,A2032
att,A342,A458
att,A345,A1527
att,A345,A1944
att,A345,A2098
att,A345,A1155
att,A345,A64
att,A345,A1182
att,A345,A2524
att,A345,A249
att,A345,A2709
att,A345,A1714
att,A345,A2055
att,A345,A556
att,A345,A1444
att,A345,A1381
att,A345,A2787
att,A345,A1138
att,A345,A2663
att,A345,A2566
att,A345,A849
att,A345,A219
att,A345,A868
att,A345,A2580
att,A345,A1343
att,A345,A2572
att,A345,A2482
att,A345,A922
att,A346,A2001
att,A346,A2153
att,A346,A2089
att,A346,A831
att,A346,A2048
att,A346,A639
att,A346,A1567
att,A346,A302
att,A346,A2251
att,A346,A464
att,A346,A2413
att,A346,A285
att,A348,A466
att,A348,A811
att,A348,A1173
att,A348,A1544
att,A348,A1799
att,A348,A43
att,A348,A1599
att,A348,A384
att,A348,A920
att,A348,A407
att,A348,A845
att,A348,A2163
att,A348,A1336
att,A348,A986
att,A348,A2181
att,A348,A2064
att,A348,A855
att,A348,A1716
att,A348,A949
att,A348,A1844
att,A348,A1408
att,A348,A2591
att,A348,A103
att,A356,A2560
att,A356,A2113
att,A356,A1749
att,A356,A273
att,A357,A1858
att,A357,A2399
att,A357,A2493
att,A357,A1187
att,A357,A100
att,A357,A579
att,A357,A907
att,A357,A2360
att,A357,A1630
att,A357,A2664
att,A357,A1345
att,A357,A1925
att,A360,A2349
att,A360,A788
att,A360,A1469
att,A362,A1178
att,A362,A2033
att,A362,A1500
att,A362,A1660
att,A362,A2353
att,A362,A2088
att,A362,A2583
att,A362,A1513
att,A362,A1762
att,A362,A393
att,A362,A2782
att,A362,A1262
att,A362,A1061
att,A362,A354
att,A362,A1297
att,A364,A1489
att,A364,A803
att,A364,A1328
att,A364,A1661
att,A364,A18
att,A364,A1877
att,A364,A2273
att,A364,A1467
att,A364,A771
att,A364,A910
att,A364,A1735
att,A364,A177
att,A364,A2068
att,A364,A368
att,A364,A2256
att,A364,A497
att,A364,A2596
att,A365,A1655
att,A365,A2029
att,A365,A431
att,A365,A1882
att,A365,A2253
att,A365,A478
att,A365,A2779
att,A365,A1694
att,A365,A1027
att,A365,A1470
att,A365,A1888
att,A365,A2104
att,A365,A888
att,A365,A2417
att,A365,A388
att,A365,A672
att,A365,A1956
att,A365,A2070
att,A365,A1802
att,A365,A357
att,A365,A1259
att,A366,A492
att,A366,A2624
att,A366,A933
att,A366,A1717
att,A366,A769
att,A366,A2523
att,A366,A2394
att,A366,A2770
att,A366,A2216
att,A366,A1392
att,A366,A2139
att,A366,A579
att,A367,A2163
att,A367,A1264
att,A367,A1695
att,A367,A832
att,A367,A754
att,A367,A2114
att,A367,A105
att,A367,A164
att,A367,A2534
att,A367,A2644
att,A367,A1038
att,A367,A1466
att,A367,A1078
att,A367,A848
att,A367,A1965
att,A367,A1325
att,A367,A321
att,A373,A1443
att,A373,A1972
att,A373,A2240
att,A373,A609
att,A373,A2432
att,A373,A1134
att,A373,A1294
att,A373,A807
att,A373,A2498
att,A373,A977
att,A373,A2539
att,A373,A1744
att,A373,A1377
att,A373,A1616
att,A373,A2418
att,A373,A1646
att,A373,A663
att,A374,A580
att,A374,A1207
att,A376,A1113
att,A376,A359
att,A376,A760
att,A376,A399
att,A376,A1408
att,A376,A1010
att,A376,A1889
att,A376,A2613
att,A376,A2258
att,A376,A937
att,A376,A2114
att,A376,A1861
att,A376,A2791
att,A376,A1135
att,A376,A1158
att,A376,A689
att,A376,A1593
att,A376,A2544
att,A376,A2318
att,A376,A2566
att,A376,A716
att,A376,A1422
att,A376,A2368
att,A376,A1369
att,A376,A2411
att,A376,A281
att,A376,A2095
att,A376,A1717
att,A377,A2175
att,A377,A173
att,A377,A1894
att,A377,A2283
att,A377,A1670
att,A377,A222
att,A377,A1903
att,A377,A2505
att,A377,A1921
att,A377,A1479
att,A377,A2100
att,A377,A1384
att,A377,A158
att,A377,A1523
att,A377,A1572
att,A377,A2214
att,A377,A2637
att,A377,A2229
att,A377,A329
att,A377,A960
att,A377,A2431
att,A377,A2093
att,A377,A1177
att,A377,A1078
att,A377,A1844
att,A377,A1233
att,A379,A770
att,A379,A2678
att,A379,A1549
att,A379,A150
att,A379,A2340
att,A379,A2086
att,A379,A1595
att,A379,A1803
att,A379,A1543
att,A379,A2022
att,A379,A2240
att,A380,A2303
att,A380,A2346
att,A380,A129
att,A380,A2626
att,A380,A205
att,A380,A1108
att,A380,A660
att,A380,A2221
att,A380,A765
att,A380,A2538
att,A380,A1609
att,A380,A2053
att,A380,A643
att,A380,A1400
att,A384,A692
att,A384,A807
att,A387,A778
att,A387,A2000
att,A387,A648
att,A387,A2519
att,A387,A2197
att,A387,A183
att,A387,A383
att,A387,A1212
att,A387,A2780
att,A387,A2629
att,A387,A1929
att,A387,A74
att,A387,A1997
att,A387,A287
att,A387,A366
att,A387,A241
att,A387,A2089
att,A387,A180
att,A387,A1178
att,A387,A1143
att,A387,A729
att,A388,A1965
att,A388,A2154
att,A388,A1370
att,A388,A12
att,A388,A1333
att,A388,A1437
att,A388,A1288
att,A388,A2391
att,A388,A1847
att,A388,A1346
att,A388,A81
att,A388,A2023
att,A388,A946
att,A388,A1602
att,A388,A2581
att,A388,A1055
att,A388,A1057
att,A388,A2258
att,A388,A2384
att,A388,A1071
att,A388,A1070
att,A388,A1986
att,A388,A952
att,A389,A214
att,A389,A1006
att,A389,A1926
att,A389,A1829
att,A389,A2514
att,A389,A1898
att,A389,A1309
att,A389,A31
att,A389,A2501
att,A389,A997
att,A389,A435
att,A389,A2464
att,A389,A1155
att,A389,A959
att,A389,A1095
att,A389,A2353
att,A389,A1579
att,A389,A2487
att,A389,A279
att,A390,A1128
att,A390,A2332
att,A390,A868
att,A390,A1591
att,A390,A2698
att,A390,A830
att,A390,A612
att,A390,A743
att,A390,A1105
att,A390,A2286
att,A390,A148
att,A390,A1739
att,A390,A1292
att,A390,A1677
att,A390,A1347
att,A390,A1562
att,A390,A2086
att,A390,A1080
att,A390,A1923
att,A390,A2417
att,A390,A479
att,A390,A882
att,A390,A2787
att,A391,A313
att,A391,A459
att,A391,A139
att,A391,A546
att,A391,A1070
att,A391,A656
att,A391,A1656
att,A391,A2669
att,A391,A738
att,A391,A1962
att,A391,A502
att,A391,A415
att,A391,A2111
att,A391,A290
att,A391,A72
att,A391,A2299
att,A391,A878
att,A391,A2373
att,A391,A298
att,A391,A2659
att,A391,A2011
att,A391,A2010
att,A391,A2597
att,A395,A1031
att,A395,A693
att,A395,A1679
att,A395,A853
att,A395,A1101
att,A395,A1842
att,A395,A2574
att,A395,A2244
att,A395,A1612
att,A395,A2439
att,A395,A2341
att,A395,A164
att,A395,A2020
att,A395,A2103
att,A395,A0
att,A395,A1393
att,A397,A870
att,A397,A1527
att,A397,A821
att,A397,A606
att,A397,A1362
att,A397,A2139
att,A397,A1758
att,A397,A776
att,A397,A2408
att,A397,A1233
att,A397,A2213
att,A397,A2547
att,A397,A2559
att,A397,A1438
att,A397,A1271
att,A397,A1138
att,A398,A1290
att,A398,A1326
att,A398,A1439
att,A398,A2470
att,A398,A1635
att,A398,A2524
att,A398,A331
att,A398,A2710
att,A398,A938
att,A398,A576
att,A398,A2106
att,A398,A2548
att,A398,A678
att,A399,A887
att,A399,A1823
att,A399,A100
att,A399,A1439
att,A399,A1002
att,A399,A609
att,A399,A1517
att,A399,A2613
att,A399,A1209
att,A399,A2023
att,A399,A2007
att,A399,A1285
att,A399,A526
att,A399,A1549
att,A399,A1938
att,A399,A1975
att,A399,A1347
att,A399,A1092
att,A399,A1668
att,A399,A2552
att,A399,A1154
att,A399,A114
att,A399,A2753
att,A399,A883
att,A399,A2685
att,A400,A2098
att,A400,A1279
att,A400,A1606
att,A400,A1361
att,A400,A993
att,A400,A2559
att,A400,A1159
att,A400,A597
att,A400,A2655
att,A401,A154
att,A401,A1138
att,A401,A417
att,A403,A2712
att,A403,A310
att,A403,A378
att,A403,A1631
att,A403,A910
att,A403,A1000
att,A403,A2783
att,A403,A611
att,A403,A1698
att,A403,A805
att,A403,A2535
att,A403,A2769
att,A403,A1723
att,A403,A2682
att,A403,A474
att,A403,A1412
att,A403,A1209
att,A403,A1072
att,A403,A2258
att,A403,A2111
att,A403,A2468
att,A405,A248
att,A405,A2505
att,A405,A1716
att,A405,A1032
att,A405,A713
att,A405,A2411
att,A405,A192
att,A405,A1105
att,A405,A2102
att,A405,A1384
att,A405,A1796
att,A405,A497
att,A405,A503
att,A405,A98
att,A405,A777
att,A405,A1625
att,A405,A1360
att,A405,A1355
att,A407,A1069
att,A407,A751
att,A407,A997
att,A407,A275
att,A407,A996
att,A407,A2710
att,A408,A1116
att,A408,A1456
att,A408,A1042
att,A408,A2671
att,A408,A912
att,A408,A1096
att,A408,A1440
att,A408,A1437
att,A408,A821
att,A408,A164
att,A408,A336
att,A408,A181
att,A408,A2015
att,A408,A17
att,A408,A2724
att,A408,A999
att,A408,A1393
att,A408,A2560
att,A411,A1647
att,A411,A39
att,A411,A1919
att,A411,A429
att,A411,A2418
att,A411,A2442
att,A411,A2305
att,A411,A1508
att,A411,A706
att,A411,A622
att,A411,A271
att,A411,A1451
att,A411,A2235
att,A411,A437
att,A411,A337
att,A411,A2108
att,A411,A1268
att,A411,A1363
att,A411,A775
att,A416,A1710
att,A416,A52
att,A416,A2505
att,A416,A2649
att,A416,A87
att,A416,A352
att,A416,A2562
att,A416,A98
att,A416,A1334
att,A416,A2748
att,A416,A1780
att,A416,A1150
att,A416,A285
att,A416,A1110
att,A416,A1796
att,A416,A1925
att,A416,A581
att,A416,A511
att,A416,A2311
att,A416,A445
att,A416,A1255
att,A416,A654
att,A416,A1907
att,A416,A1252
att,A416,A577
att,A416,A2047
att,A416,A1410
att,A416,A2187
att,A417,A1594
att,A417,A1151
att,A417,A784
att,A417,A845
att,A417,A2065
att,A417,A2135
att,A417,A2491
att,A417,A412
att,A419,A2053
att,A419,A1305
att,A419,A1174
att,A419,A784
att,A419,A1453
att,A419,A836
att,A419,A1695
att,A419,A1650
att,A419,A1673
att,A419,A1083
att,A419,A2680
att,A419,A2702
att,A419,A1605
att,A419,A945
att,A419,A491
att,A420,A32
att,A420,A2607
att,A420,A1323
att,A420,A71
att,A420,A1725
att,A420,A434
att,A422,A1910
att,A422,A1542
att,A422,A1202
att,A422,A1973
att,A422,A1942
att,A422,A1546
att,A422,A669
att,A422,A494
att,A422,A1716
att,A422,A2774
att,A422,A979
att,A422,A2747
att,A422,A1562
att,A422,A799
att,A422,A1497
att,A422,A732
att,A422,A1198
att,A422,A2256
att,A422,A2414
att,A422,A2664
att,A422,A539
att,A422,A1655
att,A424,A1767
att,A424,A1220
att,A424,A2663
att,A424,A2705
att,A425,A792
att,A425,A256
att,A425,A397
att,A425,A874
att,A425,A2576
att,A425,A1045
att,A425,A1322
att,A425,A627
att,A425,A618
att,A425,A1193
att,A425,A1385
att,A426,A1284
att,A426,A2336
att,A426,A2177
att,A427,A701
att,A427,A2549
att,A427,A2079
att,A427,A2463
att,A428,A355
att,A428,A1059
att,A428,A908
att,A428,A1875
att,A428,A1018
att,A428,A1724
att,A428,A1758
att,A428,A2230
att,A428,A48
att,A428,A1707
att,A428,A502
att,A428,A1721
att,A428,A1076
att,A428,A1029
att,A428,A12
att,A428,A749
att,A428,A1562
att,A428,A1832
att,A428,A1684
att,A428,A2087
att,A428,A1524
att,A428,A433
att,A428,A1214
att,A428,A1795
att,A428,A2045
att,A428,A1222
att,A428,A113
att,A429,A2630
att,A429,A2399
att,A429,A460
att,A429,A1637
att,A429,A713
att,A429,A2320
att,A429,A1542
att,A429,A799
att,A429,A2102
att,A429,A2635
att,A429,A1649
att,A429,A1840
att,A429,A742
att,A429,A1920
att,A429,A785
att,A429,A553
att,A429,A265
att,A429,A2336
att,A429,A1603
att,A429,A1687
att,A429,A958
att,A429,A733
att,A430,A1386
att,A430,A429
att,A430,A2382
att,A430,A189
att,A430,A1001
att,A430,A1935
att,A430,A1871
att,A430,A6
att,A430,A187
att,A433,A1810
att,A433,A2545
att,A433,A1101
att,A433,A1949
att,A433,A2377
att,A433,A654
att,A433,A1436
att,A433,A1488
att,A433,A162
att,A433,A1471
att,A433,A2394
att,A434,A633
att,A434,A1362
att,A434,A1756
att,A434,A792
att,A434,A1206
att,A434,A2229
att,A434,A454
att,A434,A826
att,A434,A1576
att,A434,A2684
att,A434,A1794
att,A434,A2050
att,A434,A1089
att,A434,A712
att,A434,A1730
att,A434,A2403
att,A434,A1545
att,A434,A216
att,A434,A1860
att,A434,A1167
att,A434,A608
att,A434,A420
att,A436,A624
att,A436,A38
att,A436,A1425
att,A436,A935
att,A436,A2413
att,A436,A53
att,A436,A1387
att,A436,A1325
att,A436,A1668
att,A436,A959
att,A436,A1907
att,A436,A2661
att,A436,A1987
att,A436,A2317
att,A436,A946
att,A436,A2362
att,A436,A771
att,A436,A1869
att,A436,A357
att,A436,A677
att,A436,A194
att,A437,A672
att,A437,A1360
att,A437,A2236
att,A437,A1628
att,A437,A1526
att,A437,A2275
att,A437,A1941
att,A437,A1381
att,A437,A825
att,A437,A823
att,A437,A98
att,A437,A2476
att,A437,A2209
att,A437,A1550
att,A437,A2355
att,A437,A159
att,A437,A2044
att,A437,A337
att,A437,A1422
att,A438,A491
att,A438,A230
att,A438,A1309
att,A438,A2640
att,A438,A133
att,A439,A657
att,A439,A1301
att,A439,A1381
att,A439,A2136
att,A439,A2735
att,A439,A1785
att,A439,A2549
att,A439,A786
att,A439,A1971
att,A439,A709
att,A439,A2499
att,A439,A150
att,A439,A2794
att,A439,A597
att,A439,A781
att,A439,A849
att,A439,A2755
att,A439,A2016
att,A440,A2798
att,A440,A2548
att,A440,A1925
att,A440,A304
att,A440,A2312
att,A440,A2260
att,A440,A1568
att,A442,A2204
att,A442,A1475
att,A442,A1241
att,A442,A36
att,A442,A212
att,A442,A946
att,A442,A767
att,A442,A691
att,A442,A1627
att,A442,A450
att,A442,A2584
att,A442,A161
att,A442,A198
att,A442,A192
att,A442,A2044
att,A442,A1173
att,A442,A299
att,A442,A301
att,A442,A1849
att,A442,A1738
att,A442,A721
att,A442,A2100
att,A442,A1649
att,A442,A1577
att,A442,A1846
att,A442,A1771
att,A442,A2
att,A442,A1324
att,A442,A164
att,A445,A2727
att,A445,A2645
att,A447,A1216
att,A447,A33
att,A447,A1173
att,A447,A669
att,A447,A2506
att,A447,A371
att,A447,A688
att,A449,A1464
att,A449,A492
att,A449,A959
att,A449,A2281
att,A449,A2077
att,A449,A1078
att,A449,A2693
att,A449,A2187
att,A449,A424
att,A449,A910
att,A449,A2741
att,A449,A2685
att,A449,A761
att,A449,A1085
att,A449,A41
att,A449,A298
att,A449,A2273
att,A451,A1821
att,A451,A1346
att,A451,A811
att,A451,A2407
att,A451,A711
att,A451,A1212
att,A451,A209
att,A451,A2246
att,A451,A931
att,A451,A1437
att,A451,A1211
att,A451,A2402
att,A451,A1008
att,A451,A565
att,A451,A1202
att,A451,A115
att,A451,A1949
att,A451,A787
att,A451,A1163
att,A451,A263
att,A451,A190
att,A451,A1765
att,A453,A1984
att,A453,A1383
att,A453,A2281
att,A453,A2619
att,A453,A1016
att,A453,A1295
att,A453,A517
att,A453,A931
att,A453,A593
att,A453,A626
att,A453,A613
att,A453,A1755
att,A453,A1064
att,A453,A2349
att,A453,A1618
att,A453,A1457
att,A453,A2198
att,A453,A2794
att,A453,A1110
att,A453,A832
att,A453,A1594
att,A453,A2697
att,A453,A653
att,A453,A2458
att,A456,A1355
att,A456,A456
att,A456,A64
att,A456,A1217
att,A456,A2581
att,A456,A1257
att,A456,A2015
att,A456,A2251
att,A459,A1302
att,A459,A2276
att,A459,A1072
att,A461,A2505
att,A461,A1595
att,A461,A1301
att,A461,A198
att,A461,A1575
att,A461,A20
att,A461,A1318
att,A461,A1738
att,A461,A440
att,A461,A207
att,A461,A1640
att,A461,A1104
att,A461,A2692
att,A461,A1002
att,A461,A494
att,A461,A880
att,A461,A561
att,A461,A1938
att,A461,A1725
att,A461,A1554
att,A461,A1125
att,A461,A785
att,A463,A1116
att,A463,A309
att,A463,A1103
att,A463,A1060
att,A463,A605
att,A467,A639
att,A467,A2562
att,A467,A2532
att,A468,A2710
att,A468,A1418
att,A468,A439
att,A468,A787
att,A468,A451
att,A468,A1628
att,A470,A1568
att,A470,A1853
att,A470,A459
att,A470,A2781
att,A470,A1259
att,A474,A527
att,A474,A2149
att,A474,A2619
att,A474,A2032
att,A474,A1931
att,A474,A2349
att,A474,A337
att,A474,A206
att,A474,A495
att,A474,A1630
att,A474,A1302
att,A474,A2254
att,A478,A2317
att,A478,A218
att,A478,A2297
att,A478,A71
att,A478,A475
att,A478,A2311
att,A478,A617
att,A478,A472
att,A478,A1721
att,A478,A721
att,A478,A2665
att,A478,A2572
att,A478,A1048
att,A478,A1520
att,A478,A1265
att,A478,A682
att,A478,A306
att,A478,A814
att,A478,A153
att,A478,A394
att,A478,A1450
att,A478,A1360
att,A478,A2057
att,A480,A492
att,A480,A2704
att,A480,A624
att,A480,A998
att,A480,A488
att,A480,A1384
att,A480,A1926
att,A480,A836
att,A480,A637
att,A480,A1394
att,A480,A2114
att,A480,A1196
att,A480,A2059
att,A480,A2669
att,A480,A1768
att,A480,A2533
att,A480,A2176
att,A480,A2377
att,A480,A840
att,A480,A287
att,A480,A1512
att,A480,A2185
att,A483,A2542
att,A483,A2176
att,A483,A1854
att,A483,A1192
att,A483,A1234
att,A483,A365
att,A483,A293
att,A483,A2472
att,A483,A927
att,A483,A2516
att,A483,A2189
att,A483,A1167
att,A483,A786
att,A483,A834
att,A483,A2010
att,A483,A2003
att,A483,A1480
att,A483,A2392
att,A483,A884
att,A483,A1968
att,A483,A1497
att,A483,A1962
att,A483,A2350
att,A483,A292
att,A483,A657
att,A483,A1868
att,A483,A2453
att,A483,A2084
att,A483,A2030
att,A483,A2643
att,A484,A1578
att,A484,A2471
att,A484,A2238
att,A484,A229
att,A484,A217
att,A484,A2651
att,A484,A734
att,A484,A415
att,A484,A666
att,A484,A913
att,A485,A594
att,A485,A1579
att,A485,A2702
att,A485,A2708
att,A485,A1753
att,A485,A554
att,A485,A777
att,A485,A2406
att,A485,A386
att,A485,A504
att,A485,A2533
att,A485,A1730
att,A485,A1605
att,A485,A1251
att,A488,A2131
att,A488,A2157
att,A488,A2341
att,A488,A1933
att,A488,A2662
att,A488,A1901
att,A488,A2467
att,A488,A1488
att,A490,A948
att,A490,A617
att,A490,A658
att,A490,A1737
att,A490,A1290
att,A490,A2472
att,A490,A1631
att,A492,A2117
att,A492,A2310
att,A492,A60
att,A492,A1124
att,A492,A1037
att,A492,A1375
att,A492,A2708
att,A492,A1406
att,A492,A1491
att,A492,A1546
att,A492,A256
att,A492,A1199
att,A492,A2532
att,A492,A605
att,A492,A2199
att,A492,A1143
att,A492,A1820
att,A493,A1872
att,A493,A96
att,A493,A2286
att,A493,A1582
att,A493,A2786
att,A493,A1988
att,A493,A2445
att,A493,A1629
att,A493,A899
att,A493,A1545
att,A493,A2450
att,A493,A224
att,A493,A2247
att,A493,A2740
att,A494,A1698
att,A494,A549
att,A494,A977
att,A494,A2713
att,A494,A273
att,A494,A2336
att,A494,A1664
att,A494,A1623
att,A494,A2793
att,A494,A1328
att,A494,A51
att,A494,A421
att,A494,A1355
att,A494,A2720
att,A494,A869
att,A494,A1823
att,A494,A753
att,A494,A1399
att,A494,A386
att,A494,A652
att,A494,A1852
att,A494,A1324
att,A494,A908
att,A494,A611
att,A495,A432
att,A495,A2008
att,A495,A798
att,A496,A2597
att,A496,A130
att,A496,A1328
att,A502,A1725
att,A502,A1923
att,A502,A1199
att,A502,A2650
att,A502,A43
att,A502,A961
att,A502,A95
att,A502,A1861
att,A502,A719
att,A502,A1046
att,A502,A187
att,A504,A1717
att,A504,A71
att,A504,A93
att,A504,A547
att,A504,A2645
att,A504,A2478
att,A504,A1550
att,A504,A2340
att,A504,A1650
att,A504,A1686
att,A504,A414
att,A504,A1278
att,A504,A2296
att,A504,A780
att,A504,A1106
att,A504,A2098
att,A504,A2729
att,A504,A1485
att,A504,A2616
att,A504,A1868
att,A504,A1167
att,A504,A1848
att,A504,A2449
att,A504,A1965
att,A504,A1729
att,A504,A1021
att,A508,A486
att,A508,A1783
att,A508,A1054
att,A508,A907
att,A508,A342
att,A508,A802
att,A508,A165
att,A508,A2360
att,A508,A818
att,A508,A290
att,A508,A181
att,A508,A2220
att,A508,A1832
att,A508,A2227
att,A508,A1990
att,A508,A2204
att,A508,A220
att,A508,A830
att,A508,A2351
att,A508,A975
att,A508,A325
att,A508,A490
att,A508,A2018
att,A508,A2490
att,A510,A2612
att,A510,A910
att,A510,A1885
att,A510,A2630
att,A510,A2608
att,A510,A1730
att,A510,A1576
att,A510,A987
att,A510,A2010
att,A511,A2225
att,A511,A1421
att,A511,A1263
att,A511,A535
att,A511,A1399
att,A511,A1218
att,A511,A506
att,A511,A570
att,A511,A1079
att,A511,A657
att,A511,A1053
att,A511,A458
att,A511,A2380
att,A512,A901
att,A512,A833
att,A512,A2404
att,A512,A1985
att,A512,A1167
att,A512,A60
att,A512,A111
att,A512,A180
att,A512,A867
att,A512,A277
att,A512,A2338
att,A512,A1072
att,A512,A615
att,A512,A1241
att,A512,A2082
att,A512,A72
att,A512,A2008
att,A512,A2489
att,A512,A1043
att,A513,A402
att,A513,A2520
att,A513,A2334
att,A513,A760
att,A513,A396
att,A513,A2089
att,A513,A985
att,A513,A2336
att,A513,A1788
att,A513,A494
att,A513,A2196
att,A513,A252
att,A513,A2344
att,A513,A141
att,A513,A440
att,A513,A817
att,A513,A1059
att,A513,A39
att,A513,A2378
att,A513,A910
att,A513,A780
att,A513,A1875
att,A516,A2679
att,A516,A1301
att,A516,A1239
att,A516,A1471
att,A516,A1019
att,A516,A2239
att,A516,A1544
att,A516,A2057
att,A516,A2342
att,A516,A887
att,A516,A2533
att,A518,A1685
att,A518,A618
att,A518,A1205
att,A518,A1757
att,A518,A1228
att,A518,A2356
att,A518,A346
att,A518,A366
att,A518,A1500
att,A518,A1664
att,A518,A2559
att,A521,A312
att,A521,A2102
att,A521,A345
att,A521,A1074
att,A521,A2537
att,A521,A1848
att,A521,A565
att,A521,A994
att,A521,A2041
att,A521,A1639
att,A521,A106
att,A521,A1783
att,A521,A61
att,A521,A1089
att,A521,A1970
att,A521,A2438
att,A521,A551
att,A521,A799
att,A526,A1954
att,A527,A2039
att,A527,A1775
att,A527,A2320
att,A527,A629
att,A527,A2362
att,A527,A1095
att,A527,A112
att,A527,A2619
att,A527,A1966
att,A527,A2438
att,A527,A407
att,A527,A1859
att,A527,A2568
att,A527,A2296
att,A527,A1372
att,A527,A1183
att,A527,A2393
att,A527,A2327
att,A527,A1804
att,A527,A1409
att,A529,A384
att,A529,A2349
att,A529,A1555
att,A529,A2617
att,A529,A2324
att,A529,A2751
att,A529,A2397
att,A529,A1330
att,A529,A1518
att,A529,A315
att,A529,A2395
att,A529,A1884
att,A529,A887
att,A529,A1303
att,A529,A2409
att,A529,A281
att,A529,A766
att,A530,A1270
att,A530,A768
att,A530,A2609
att,A530,A505
att,A530,A154
att,A530,A1305
att,A530,A1040
att,A530,A522
att,A530,A1211
att,A530,A1316
att,A530,A222
att,A530,A186
att,A530,A2219
att,A530,A2479
att,A530,A1441
att,A530,A1291
att,A531,A393
att,A531,A615
att,A531,A2359
att,A531,A646
att,A531,A703
att,A531,A1265
att,A531,A2329
att,A531,A2578
att,A531,A1712
att,A531,A1399
att,A531,A447
att,A532,A2764
att,A532,A2597
att,A533,A995
att,A533,A482
att,A533,A2402
att,A533,A872
att,A534,A1670
att,A534,A1073
att,A534,A2297
att,A534,A2581
att,A534,A1443
att,A534,A346
att,A534,A2700
att,A534,A2145
att,A534,A2319
att,A534,A452
att,A534,A2060
att,A534,A1912
att,A534,A992
att,A534,A676
att,A534,A1485
att,A534,A466
att,A534,A1243
att,A534,A1167
att,A534,A1099
att,A534,A2537
att,A534,A952
att,A534,A880
att,A536,A201
att,A536,A498
att,A536,A615
att,A536,A1874
att,A536,A1657
att,A536,A2257
att,A536,A876
att,A536,A369
att,A536,A289
att,A536,A1781
att,A536,A1040
att,A536,A952
att,A536,A571
att,A536,A1764
att,A536,A1774
att,A536,A638
att,A536,A2369
att,A536,A2029
att,A538,A1987
att,A538,A2791
att,A538,A2334
att,A538,A2104
att,A538,A2241
att,A538,A1053
att,A538,A2642
att,A538,A9
att,A538,A327
att,A538,A1253
att,A541,A369
att,A541,A743
att,A541,A1293
att,A541,A1952
att,A541,A1091
att,A541,A473
att,A541,A2599
att,A541,A98
att,A541,A209
att,A541,A1948
att,A541,A2230
att,A541,A1429
att,A541,A2548
att,A541,A99
att,A541,A329
att,A541,A2401
att,A541,A2595
att,A541,A384
att,A541,A2646
att,A542,A850
att,A542,A927
att,A542,A1661
att,A542,A2721
att,A542,A874
att,A543,A132
att,A543,A434
att,A543,A888
att,A543,A2762
att,A543,A49
att,A544,A2355
att,A544,A805
att,A544,A808
att,A544,A1949
att,A544,A1718
att,A544,A1681
att,A544,A456
att,A544,A1727
att,A544,A2215
att,A544,A804
att,A546,A77
att,A546,A2268
att,A546,A2745
att,A546,A1800
att,A546,A2716
att,A546,A2125
att,A546,A53
att,A546,A1203
att,A546,A2788
att,A546,A953
att,A546,A1348
att,A546,A1412
att,A548,A978
att,A548,A1098
att,A548,A1917
att,A548,A835
att,A548,A139
att,A548,A1674
att,A551,A1702
att,A551,A1928
att,A551,A2017
att,A551,A566
att,A551,A1995
att,A551,A1838
att,A551,A2230
att,A551,A598
att,A551,A2115
att,A551,A2481
att,A551,A2048
att,A551,A2413
att,A551,A1845
att,A551,A1239
att,A551,A2105
att,A551,A1925
att,A551,A582
att,A551,A1300
att,A552,A2486
att,A552,A835
att,A552,A256
att,A552,A332
att,A552,A189
att,A552,A2349
att,A552,A2438
att,A552,A1610
att,A552,A2266
att,A552,A2147
att,A552,A770
att,A552,A1672
att,A552,A2364
att,A552,A546
att,A552,A1164
att,A554,A2570
att,A554,A602
att,A554,A1359
att,A554,A2769
att,A554,A170
att,A554,A2195
att,A554,A2547
att,A554,A2456
att,A554,A1317
att,A554,A1934
att,A554,A501
att,A554,A2306
att,A554,A109
att,A554,A131
att,A554,A2241
att,A554,A603
att,A554,A973
att,A554,A2482
att,A554,A459
att,A554,A2399
att,A554,A2531
att,A555,A926
att,A555,A2426
att,A555,A2087
att,A555,A2535
att,A555,A1914
att,A555,A876
att,A555,A2657
att,A555,A1203
att,A555,A678
att,A555,A2088
att,A555,A2654
att,A555,A1972
att,A555,A1235
att,A555,A1196
att,A555,A1915
att,A555,A2172
att,A555,A1117
att,A555,A2279
att,A555,A1847
att,A555,A1681
att,A557,A1782
att,A557,A2549
att,A557,A1912
att,A557,A1173
att,A557,A1478
att,A557,A811
att,A557,A1746
att,A557,A2693
att,A557,A1963
att,A557,A1579
att,A557,A2195
att,A557,A1321
att,A557,A372
att,A557,A72
att,A561,A1317
att,A561,A1478
att,A561,A1391
att,A561,A2431
att,A562,A1801
att,A562,A248
att,A562,A1897
att,A562,A1391
att,A562,A2149
att,A562,A1502
att,A562,A459
att,A563,A2709
att,A563,A784
att,A563,A2313
att,A563,A1466
att,A563,A1033
att,A563,A1620
att,A563,A2122
att,A563,A1701
att,A563,A2690
att,A563,A2366
att,A563,A374
att,A563,A2204
att,A563,A2070
att,A563,A1619
att,A563,A2003
att,A563,A859
att,A563,A2379
att,A563,A2378
att,A563,A1615
att,A563,A2132
att,A563,A1589
att,A563,A1273
att,A563,A86
att,A563,A2381
att,A563,A1411
att,A566,A1894
att,A566,A1643
att,A566,A968
att,A566,A1255
att,A566,A1159
att,A566,A2170
att,A566,A838
att,A566,A2126
att,A566,A130
att,A566,A280
att,A566,A1307
att,A566,A2232
att,A566,A1515
att,A566,A335
att,A566,A715
att,A566,A1026
att,A566,A929
att,A566,A385
att,A566,A849
att,A566,A1203
att,A569,A62
att,A569,A1471
att,A569,A2473
att,A569,A1319
att,A569,A820
att,A569,A1346
att,A569,A512
att,A569,A1394
att,A569,A2223
att,A569,A2400
att,A571,A2155
att,A571,A1669
att,A573,A1100
att,A573,A1246
att,A573,A67
att,A573,A1918
att,A573,A469
att,A573,A582
att,A573,A1506
att,A573,A2291
att,A573,A1197
att,A574,A293
att,A574,A582
att,A574,A606
att,A574,A1631
att,A574,A2118
att,A574,A1903
att,A574,A1929
att,A574,A1517
att,A574,A1872
att,A574,A411
att,A574,A2714
att,A574,A419
att,A574,A1150
att,A574,A1834
att,A574,A2412
att,A574,A1422
att,A574,A884
att,A574,A2610
att,A574,A447
att,A574,A2393
att,A574,A1080
att,A574,A2089
att,A574,A1279
att,A574,A112
att,A575,A1665
att,A575,A1305
att,A575,A544
att,A576,A2129
att,A576,A825
att,A576,A2662
att,A576,A1961
att,A576,A1666
att,A576,A1017
att,A576,A1387
att,A576,A467
att,A576,A1253
att,A576,A2022
att,A576,A2418
att,A576,A386
att,A576,A2547
att,A576,A1962
att,A576,A1969
att,A576,A646
att,A576,A1609
att,A576,A2354
att,A577,A1761
att,A577,A1531
att,A577,A2402
att,A577,A1169
att,A577,A1995
att,A577,A2671
att,A577,A1997
att,A577,A1732
att,A577,A1008
att,A577,A558
att,A577,A1265
att,A577,A1154
att,A577,A384
att,A577,A1822
att,A577,A2562
att,A577,A2204
att,A577,A1150
att,A578,A1894
att,A578,A1419
att,A578,A379
att,A578,A2121
att,A578,A1373
att,A578,A2498
att,A579,A855
att,A579,A987
att,A579,A732
att,A579,A449
att,A579,A208
att,A579,A2491
att,A579,A204
att,A579,A1712
att,A579,A1901
att,A579,A120
att,A579,A223
att,A581,A80
att,A581,A1330
att,A581,A1903
att,A581,A1114
att,A581,A515
att,A581,A1341
att,A581,A34
att,A581,A2666
att,A581,A1501
att,A581,A1908
att,A581,A1046
att,A581,A1629
att,A581,A913
att,A581,A579
att,A581,A808
att,A581,A2774
att,A581,A2729
att,A581,A2040
att,A581,A443
att,A581,A1543
att,A581,A875
att,A581,A2751
att,A581,A919
att,A581,A1678
att,A581,A1577
att,A582,A680
att,A582,A1087
att,A582,A99
att,A582,A1041
att,A582,A1606
att,A582,A2600
att,A582,A1570
att,A582,A1485
att,A582,A2136
att,A582,A2764
att,A582,A1925
att,A582,A1890
att,A582,A299
att,A582,A2633
att,A582,A555
att,A586,A1186
att,A586,A109
att,A586,A293
att,A586,A893
att,A586,A223
att,A586,A1151
att,A586,A2764
att,A586,A631
att,A586,A1801
att,A586,A2654
att,A586,A239
att,A586,A1844
att,A586,A2221
att,A586,A2437
att,A586,A2784
att,A586,A878
att,A586,A1840
att,A586,A218
att,A586,A1495
att,A586,A2741
att,A588,A2607
att,A588,A454
att,A588,A428
att,A588,A682
att,A588,A503
att,A588,A888
att,A588,A20
att,A588,A1828
att,A588,A3
att,A588,A243
att,A588,A2191
att,A588,A2544
att,A588,A566
att,A588,A649
att,A588,A71
att,A588,A2292
att,A588,A1658
att,A588,A2250
att,A588,A1499
att,A588,A2611
att,A588,A1269
att,A588,A1952
att,A588,A1852
att,A593,A1365
att,A593,A2608
att,A593,A2511
att,A593,A1795
att,A593,A924
att,A593,A2019
att,A593,A2325
att,A593,A1593
att,A593,A1972
att,A593,A1141
att,A593,A672
att,A593,A1768
att,A593,A267
att,A593,A2383
att,A593,A911
att,A594,A178
att,A594,A1583
att,A594,A455
att,A594,A319
att,A594,A1584
att,A594,A633
att,A594,A2485
att,A594,A2097
att,A594,A2187
att,A594,A1913
att,A595,A954
att,A595,A71
att,A595,A2573
att,A595,A2292
att,A595,A302
att,A595,A2709
att,A595,A166
att,A595,A1246
att,A595,A2230
att,A595,A1355
att,A595,A2319
att,A595,A61
att,A595,A622
att,A595,A681
att,A595,A1875
att,A595,A467
att,A595,A670
att,A595,A2518
att,A595,A429
att,A595,A2092
att,A595,A2041
att,A595,A323
att,A596,A310
att,A599,A1284
att,A599,A1682
att,A599,A688
att,A599,A2035
att,A599,A785
att,A599,A722
att,A599,A2149
att,A599,A2639
att,A599,A2304
att,A599,A877
att,A599,A504
att,A599,A414
att,A599,A1003
att,A599,A771
att,A599,A2318
att,A599,A1881
att,A599,A852
att,A600,A1343
att,A600,A1508
att,A600,A2583
att,A600,A842
att,A600,A867
att,A600,A2263
att,A600,A1745
att,A604,A479
att,A604,A1466
att,A604,A335
att,A605,A1830
att,A605,A2191
att,A605,A2728
att,A605,A2536
att,A605,A1857
att,A605,A2654
att,A605,A1922
att,A605,A547
att,A605,A1905
att,A605,A1655
att,A605,A1442
att,A605,A2062
att,A605,A1139
att,A605,A1680
att,A605,A220
att,A605,A1136
att,A605,A1022
att,A605,A2223
att,A605,A1609
att,A605,A2799
att,A605,A635
att,A605,A1525
att,A605,A387
att,A605,A2430
att,A605,A2418
att,A605,A964
att,A605,A126
att,A608,A1143
att,A608,A1070
att,A608,A831
att,A608,A2223
att,A608,A1791
att,A608,A373
att,A608,A729
att,A608,A1036
att,A608,A2521
att,A608,A2356
att,A608,A823
att,A608,A914
att,A608,A2259
att,A611,A1286
att,A611,A1622
att,A611,A2789
att,A611,A1844
att,A611,A783
att,A611,A158
att,A611,A1818
att,A611,A123
att,A611,A24
att,A611,A676
att,A611,A1513
att,A611,A94
att,A611,A859
att,A611,A1581
att,A611,A173
att,A611,A2338
att,A611,A2017
att,A611,A404
att,A611,A2514
att,A611,A163
att,A613,A1082
att,A613,A2607
att,A613,A1411
att,A613,A2557
att,A613,A1883
att,A613,A2048
att,A613,A163
att,A613,A2736
att,A613,A1356
att,A613,A529
att,A613,A1029
att,A613,A347
att,A613,A2408
att,A613,A1547
att,A613,A863
att,A613,A1182
att,A613,A934
att,A613,A1245
att,A613,A1810
att,A613,A256
att,A617,A1735
att,A617,A1725
att,A617,A1561
att,A617,A902
att,A617,A1567
att,A617,A578
att,A617,A2315
att,A617,A1030
att,A617,A1629
att,A617,A859
att,A617,A1039
att,A617,A632
att,A617,A102
att,A617,A2233
att,A619,A1423
att,A619,A199
att,A619,A1399
att,A619,A600
att,A619,A2463
att,A619,A1002
att,A619,A1173
att,A619,A1625
att,A619,A218
att,A619,A1654
att,A619,A1779
att,A619,A241
att,A619,A640
att,A619,A1549
att,A619,A2598
att,A619,A384
att,A619,A2208
att,A619,A2450
att,A619,A290
att,A621,A1173
att,A621,A1958
att,A621,A2480
att,A621,A1345
att,A621,A322
att,A621,A1889
att,A621,A2275
att,A622,A1895
att,A622,A1105
att,A622,A900
att,A622,A1293
att,A622,A134
att,A622,A1594
att,A622,A2700
att,A622,A2253
att,A622,A1057
att,A622,A1304
att,A622,A855
att,A622,A329
att,A622,A2689
att,A622,A1709
att,A622,A2181
att,A622,A286
att,A622,A388
att,A622,A2154
att,A622,A269
att,A623,A2215
att,A623,A733
att,A623,A118
att,A623,A247
att,A623,A2109
att,A623,A56
att,A623,A1538
att,A624,A1059
att,A624,A550
att,A624,A837
att,A624,A1486
att,A629,A736
att,A629,A441
att,A629,A666
att,A629,A841
att,A629,A32
att,A635,A157
att,A635,A2288
att,A635,A1319
att,A635,A1151
att,A635,A873
att,A635,A168
att,A635,A429
att,A635,A2619
att,A635,A2508
att,A635,A2011
att,A636,A1441
att,A636,A1091
att,A636,A1028
att,A636,A567
att,A636,A2792
att,A636,A1366
att,A636,A2137
att,A636,A2463
att,A636,A408
att,A636,A1893
att,A636,A2505
att,A636,A357
att,A636,A100
att,A636,A2706
att,A636,A627
att,A636,A2197
att,A636,A308
att,A638,A903
att,A638,A1731
att,A638,A13
att,A638,A674
att,A638,A1736
att,A639,A2577
att,A639,A2134
att,A639,A1297
att,A645,A2726
att,A645,A388
att,A645,A1189
att,A645,A1419
att,A645,A1360
att,A645,A846
att,A645,A69
att,A645,A92
att,A645,A2543
att,A645,A171
att,A645,A2466
att,A645,A1312
att,A645,A856
att,A645,A1619
att,A645,A1807
att,A646,A629
att,A646,A1121
att,A646,A1423
att,A646,A1090
att,A646,A1031
att,A646,A1
att,A646,A1830
att,A646,A967
att,A646,A1326
att,A646,A2089
att,A646,A2306
att,A646,A941
att,A646,A508
att,A646,A2385
att,A646,A2649
att,A646,A774
att,A646,A264
att,A649,A877
att,A649,A2403
att,A649,A1440
att,A649,A1830
att,A649,A364
att,A649,A376
att,A649,A633
att,A649,A1455
att,A649,A2366
att,A649,A2288
att,A649,A2114
att,A649,A489
att,A649,A382
att,A649,A1329
att,A649,A1054
att,A649,A705
att,A649,A1718
att,A649,A2199
att,A649,A2409
att,A649,A850
att,A649,A96
att,A649,A881
att,A649,A1109
att,A649,A1964
att,A651,A1979
att,A651,A1835
att,A651,A246
att,A651,A2200
att,A651,A1551
att,A651,A2684
att,A651,A1401
att,A651,A2720
att,A651,A2556
att,A651,A429
att,A652,A826
att,A652,A2520
att,A652,A467
att,A652,A654
att,A652,A1779
att,A652,A2078
att,A652,A595
att,A652,A1070
att,A652,A1417
att,A652,A2617
att,A652,A352
att,A652,A1211
att,A652,A1930
att,A652,A2737
att,A652,A2612
att,A652,A1331
att,A652,A1778
att,A652,A1275
att,A655,A286
att,A655,A1279
att,A655,A926
att,A655,A1438
att,A655,A223
att,A655,A517
att,A655,A1224
att,A655,A2614
att,A655,A436
att,A655,A2397
att,A655,A2675
att,A655,A2098
att,A655,A2545
att,A655,A2366
att,A655,A1712
att,A655,A1771
att,A655,A2314
att,A655,A262
att,A655,A1321
att,A655,A1514
att,A655,A2038
att,A657,A1808
att,A657,A1202
att,A657,A2363
att,A657,A442
att,A657,A25
att,A657,A791
att,A658,A2396
att,A658,A1576
att,A658,A1329
att,A658,A483
att,A658,A272
att,A658,A2123
att,A658,A829
att,A658,A985
att,A658,A748
att,A658,A2633
att,A659,A2648
att,A659,A1389
att,A659,A1230
att,A659,A319
att,A659,A138
att,A659,A548
att,A659,A1068
att,A659,A2419
att,A659,A2447
att,A659,A2268
att,A659,A2603
att,A659,A1087
att,A659,A283
att,A661,A1919
att,A661,A2078
att,A661,A1467
att,A661,A1188
att,A661,A2449
att,A661,A1392
att,A661,A125
att,A661,A1259
att,A661,A256
att,A661,A1846
att,A661,A2323
att,A661,A2614
att,A661,A728
att,A661,A2365
att,A661,A1631
att,A661,A2066
att,A661,A1167
att,A664,A1664
att,A664,A1869
att,A665,A2152
att,A665,A19
att,A665,A787
att,A665,A2414
att,A665,A1955
att,A665,A1445
att,A665,A733
att,A665,A124
att,A665,A1908
att,A665,A249
att,A665,A1993
att,A665,A2224
att,A665,A1694
att,A665,A149
att,A665,A1468
att,A665,A2753
att,A665,A1071
att,A665,A1072
att,A665,A2142
att,A665,A1689
att,A665,A1346
att,A665,A865
att,A667,A1535
att,A667,A2233
att,A669,A1651
att,A669,A1959
att,A669,A2475
att,A669,A29
att,A669,A1331
att,A669,A585
att,A669,A2519
att,A669,A379
att,A669,A65
att,A669,A1931
att,A669,A1486
att,A669,A1032
att,A669,A1708
att,A669,A2068
att,A669,A741
att,A669,A2333
att,A669,A712
att,A669,A811
att,A671,A267
att,A671,A221
att,A671,A1021
att,A672,A1625
att,A672,A1607
att,A672,A64
att,A672,A2207
att,A672,A1538
att,A672,A476
att,A672,A127
att,A672,A104
att,A672,A2001
att,A672,A394
att,A672,A2370
att,A673,A91
att,A673,A2449
att,A673,A1223
att,A673,A2045
att,A673,A302
att,A673,A458
att,A673,A2417
att,A673,A1475
att,A673,A980
att,A673,A679
att,A673,A286
att,A673,A862
att,A673,A1522
att,A673,A1110
att,A673,A775
att,A673,A2074
att,A673,A244
att,A673,A326
att,A673,A1059
att,A673,A2716
att,A673,A759
att,A673,A2179
att,A673,A580
att,A673,A1750
att,A673,A372
att,A673,A2739
att,A673,A628
att,A673,A607
att,A673,A1886
att,A675,A1741
att,A675,A613
att,A675,A378
att,A675,A1976
att,A675,A2180
att,A675,A1949
att,A675,A667
att,A675,A1293
att,A675,A12
att,A675,A2165
att,A675,A493
att,A675,A1574
att,A675,A884
att,A675,A1597
att,A675,A2536
att,A675,A1425
att,A675,A2657
att,A675,A380
att,A675,A2790
att,A675,A385
att,A675,A1426
att,A675,A470
att,A677,A456
att,A677,A1234
att,A677,A1326
att,A677,A1794
att,A677,A2320
att,A677,A788
att,A677,A2721
att,A677,A1230
att,A677,A13
att,A677,A1580
att,A677,A371
att,A677,A2148
att,A677,A1854
att,A677,A1579
att,A677,A2739
att,A677,A1655
att,A677,A2521
att,A677,A1318
att,A677,A841
att,A678,A2106
att,A678,A2425
att,A678,A515
att,A678,A892
att,A678,A303
att,A678,A1052
att,A678,A2324
att,A678,A941
att,A678,A2528
att,A678,A2519
att,A678,A1829
att,A678,A2275
att,A678,A1156
att,A678,A1381
att,A678,A1412
att,A678,A750
att,A678,A1371
att,A678,A1718
att,A678,A2399
att,A678,A2560
att,A678,A1993
att,A678,A1621
att,A680,A2242
att,A680,A2239
att,A680,A2656
att,A680,A1688
att,A680,A1897
att,A680,A686
att,A680,A957
att,A680,A1076
att,A680,A805
att,A680,A928
att,A680,A507
att,A680,A216
att,A680,A1467
att,A682,A190
att,A682,A717
att,A682,A344
att,A682,A1660
att,A682,A1123
att,A682,A2641
att,A682,A2207
att,A682,A603
att,A684,A530
att,A684,A1026
att,A684,A720
att,A684,A1769
att,A684,A1393
att,A684,A1812
att,A684,A1825
att,A684,A1555
att,A684,A742
att,A684,A1958
att,A684,A1061
att,A684,A2351
att,A684,A2791
att,A684,A209
att,A684,A2506
att,A684,A959
att,A684,A339
att,A684,A1495
att,A684,A297
att,A687,A1131
att,A687,A2408
att,A687,A1117
att,A687,A713
att,A687,A2066
att,A687,A958
att,A687,A2273
att,A687,A348
att,A687,A379
att,A687,A705
att,A687,A2
att,A687,A1242
att,A687,A2023
att,A687,A2043
att,A687,A2076
att,A687,A2103
att,A687,A2793
att,A687,A2585
att,A687,A1479
att,A687,A2755
att,A687,A947
att,A687,A1681
att,A687,A221
att,A687,A1622
att,A689,A1280
att,A689,A2501
att,A689,A106
att,A689,A331
att,A689,A279
att,A689,A533
att,A689,A1096
att,A689,A166
att,A689,A390
att,A689,A905
att,A689,A1747
att,A689,A2633
att,A693,A1281
att,A693,A1316
att,A693,A1820
att,A693,A1690
att,A693,A1796
att,A693,A2606
att,A693,A2747
att,A693,A1147
att,A693,A1096
att,A693,A2388
att,A693,A656
att,A693,A1625
att,A693,A1911
att,A693,A1299
att,A693,A63
att,A693,A129
att,A693,A1439
att,A693,A2679
att,A693,A403
att,A693,A930
att,A693,A870
att,A693,A2609
att,A695,A302
att,A695,A37
att,A695,A1750
att,A695,A1317
att,A695,A1872
att,A695,A2344
att,A695,A842
att,A695,A2291
att,A695,A126
att,A695,A604
att,A695,A2033
att,A695,A2526
att,A695,A1161
att,A695,A1459
att,A695,A1812
att,A695,A325
att,A695,A35
att,A695,A1919
att,A695,A2495
att,A695,A471
att,A695,A80
att,A699,A229
att,A699,A1659
att,A699,A1124
att,A699,A2252
att,A699,A929
att,A699,A1558
att,A699,A2753
att,A699,A1378
att,A699,A1084
att,A699,A2544
att,A699,A553
att,A699,A1699
att,A699,A2158
att,A699,A1875
att,A699,A200
att,A699,A1272
att,A699,A2493
att,A701,A2046
att,A701,A1793
att,A701,A1045
att,A701,A1947
att,A701,A2050
att,A701,A2755
att,A701,A1240
att,A701,A2022
att,A701,A1579
att,A701,A2648
att,A701,A1543
att,A701,A429
att,A704,A2299
att,A704,A840
att,A704,A2470
att,A704,A2577
att,A704,A1247
att,A704,A360
att,A704,A826
att,A704,A147
att,A704,A798
att,A704,A2377
att,A704,A379
att,A704,A2467
att,A704,A2059
att,A704,A1486
att,A704,A2616
att,A704,A483
att,A704,A1377
att,A704,A625
att,A704,A2135
att,A704,A50
att,A704,A1697
att,A704,A1224
att,A704,A562
att,A704,A656
att,A704,A577
att,A704,A1248
att,A705,A92
att,A705,A2203
att,A705,A1396
att,A705,A947
att,A705,A378
att,A705,A905
att,A705,A1172
att,A705,A2767
att,A705,A1880
att,A706,A157
att,A706,A2754
att,A706,A2258
att,A706,A2658
att,A706,A1857
att,A706,A652
att,A706,A2150
att,A706,A344
att,A706,A1608
att,A706,A2219
att,A706,A1855
att,A706,A2452
att,A706,A15
att,A706,A876
att,A706,A1457
att,A706,A965
att,A706,A997
att,A706,A2732
att,A706,A1619
att,A706,A2727
att,A706,A1493
att,A706,A171
att,A706,A1912
att,A706,A984
att,A706,A2231
att,A709,A2456
att,A709,A1901
att,A709,A1198
att,A709,A2468
att,A709,A890
att,A709,A487
att,A709,A753
att,A709,A2422
att,A709,A1685
att,A709,A700
att,A709,A797
att,A709,A1023
att,A709,A80
att,A709,A1429
att,A709,A1673
att,A709,A289
att,A709,A960
att,A709,A2344
att,A709,A846
att,A709,A2636
att,A709,A2186
att,A709,A1747
att,A709,A2540
att,A709,A2732
att,A709,A957
att,A712,A2701
att,A712,A851
att,A712,A932
att,A712,A23
att,A713,A1765
att,A713,A1407
att,A713,A2655
att,A713,A2265
att,A713,A1484
att,A713,A204
att,A713,A693
att,A713,A1691
att,A713,A577
att,A713,A2431
att,A713,A41
att,A713,A650
att,A714,A2028
att,A714,A461
att,A714,A487
att,A714,A1936
att,A714,A1272
att,A714,A1043
att,A714,A2069
att,A714,A1090
att,A714,A1525
att,A714,A2063
att,A714,A227
att,A714,A1703
att,A714,A2176
att,A714,A921
att,A714,A456
att,A714,A3
att,A717,A2473
att,A717,A1439
att,A717,A699
att,A717,A442
att,A717,A1868
att,A717,A2388
att,A717,A1377
att,A717,A567
att,A718,A1546
att,A718,A1690
att,A718,A2312
att,A718,A1894
att,A718,A804
att,A718,A1440
att,A718,A1418
att,A718,A1539
att,A718,A1180
att,A718,A1619
att,A718,A121
att,A718,A1396
att,A718,A2158
att,A718,A1552
att,A718,A2616
att,A718,A2682
att,A718,A186
att,A718,A2250
att,A718,A2106
att,A718,A824
att,A720,A2612
att,A720,A1038
att,A720,A1939
att,A720,A1816
att,A720,A867
att,A720,A1747
att,A720,A2358
att,A720,A2476
att,A724,A2650
att,A724,A1417
att,A724,A1308
att,A724,A192
att,A724,A1263
att,A724,A1673
att,A724,A2679
att,A724,A700
att,A724,A441
att,A724,A770
att,A724,A543
att,A724,A762
att,A724,A443
att,A724,A2340
att,A724,A2744
att,A724,A2587
att,A724,A960
att,A724,A1953
att,A724,A1199
att,A724,A742
att,A724,A1819
att,A724,A977
att,A727,A602
att,A727,A1103
att,A727,A118
att,A727,A4
att,A727,A2091
att,A727,A1580
att,A727,A2343
att,A727,A119
att,A727,A1929
att,A727,A302
att,A727,A2643
att,A727,A26
att,A727,A1003
att,A727,A639
att,A727,A1193
att,A727,A1824
att,A727,A2266
att,A727,A924
att,A727,A1735
att,A728,A1204
att,A728,A699
att,A728,A344
att,A728,A1041
att,A728,A1301
att,A729,A2163
att,A729,A314
att,A731,A1171
att,A731,A1107
att,A731,A638
att,A731,A2238
att,A731,A1632
att,A732,A1025
att,A732,A1558
att,A732,A2079
att,A732,A1400
att,A732,A2638
att,A732,A2784
att,A732,A1524
att,A732,A936
att,A732,A2136
att,A732,A2445
att,A732,A1750
att,A732,A450
att,A732,A1743
att,A732,A1871
att,A732,A299
att,A732,A107
att,A733,A1833
att,A733,A2752
att,A733,A2113
att,A733,A189
att,A734,A554
att,A734,A1687
att,A734,A1734
att,A734,A484
att,A734,A1478
att,A734,A476
att,A734,A581
att,A734,A1840
att,A734,A243
att,A734,A168
att,A734,A1783
att,A737,A347
att,A737,A2235
att,A737,A1491
att,A737,A683
att,A737,A1238
att,A737,A570
att,A737,A2400
att,A737,A2039
att,A737,A811
att,A739,A2245
att,A739,A903
att,A739,A1778
att,A739,A2595
att,A739,A2516
att,A739,A1547
att,A739,A2720
att,A739,A1762
att,A739,A1898
att,A740,A1115
att,A740,A560
att,A740,A1878
att,A740,A1490
att,A740,A74
att,A740,A387
att,A740,A1569
att,A740,A1716
att,A740,A569
att,A740,A1211
att,A741,A1877
att,A741,A2693
att,A741,A2133
att,A741,A1639
att,A741,A201
att,A741,A538
att,A741,A730
att,A741,A1425
att,A741,A2260
att,A741,A621
att,A741,A1600
att,A741,A1795
att,A741,A314
att,A743,A1446
att,A744,A2044
att,A744,A1463
att,A744,A2478
att,A744,A441
att,A744,A523
att,A744,A435
att,A744,A939
att,A744,A390
att,A744,A2764
att,A744,A2667
att,A744,A1840
att,A744,A702
att,A744,A636
att,A744,A831
att,A744,A2662
att,A744,A2081
att,A744,A2538
att,A744,A2594
att,A744,A2435
att,A744,A1627
att,A744,A327
att,A744,A2615
att,A744,A673
att,A744,A1974
att,A744,A643
att,A745,A2677
att,A745,A1176
att,A745,A1067
att,A745,A1594
att,A745,A1629
att,A745,A1376
att,A745,A1332
att,A745,A1905
att,A745,A1747
att,A745,A2594
att,A745,A2073
att,A745,A963
att,A745,A414
att,A745,A1937
att,A745,A1197
att,A745,A271
att,A745,A1195
att,A745,A1512
att,A745,A605
att,A745,A1228
att,A746,A467
att,A746,A166
att,A746,A2406
att,A746,A1047
att,A746,A2590
att,A746,A2127
att,A746,A481
att,A746,A380
att,A746,A2622
att,A746,A636
att,A746,A1824
att,A746,A1590
att,A746,A827
att,A746,A1441
att,A746,A1571
att,A746,A2230
att,A746,A2277
att,A746,A2026
att,A747,A305
att,A747,A767
att,A747,A2010
att,A747,A1613
att,A747,A1024
att,A747,A324
att,A747,A461
att,A747,A700
att,A747,A1536
att,A747,A1942
att,A747,A957
att,A747,A1974
att,A747,A1156
att,A747,A1535
att,A747,A238
att,A747,A1122
att,A747,A2511
att,A747,A1104
att,A748,A2662
att,A748,A1970
att,A748,A1866
att,A748,A1285
att,A748,A2078
att,A748,A1723
att,A748,A42
att,A748,A193
att,A748,A1677
att,A748,A2649
att,A748,A1324
att,A748,A1010
att,A748,A853
att,A748,A1132
att,A748,A1297
att,A748,A1271
att,A751,A389
att,A751,A1132
att,A751,A1679
att,A751,A1529
att,A751,A1796
att,A751,A783
att,A751,A2692
att,A751,A1920
att,A751,A536
att,A751,A702
att,A751,A1055
att,A751,A650
att,A751,A1201
att,A751,A2264
att,A751,A1531
att,A751,A1594
att,A751,A276
att,A751,A1944
att,A751,A1861
att,A751,A2654
att,A751,A45
att,A754,A870
att,A754,A1727
att,A754,A1665
att,A756,A13
att,A757,A1148
att,A757,A2749
att,A757,A262
att,A757,A2300
att,A757,A1996
att,A757,A549
att,A757,A2426
att,A757,A213
att,A759,A838
att,A759,A2629
att,A759,A341
att,A759,A2173
att,A759,A2417
att,A759,A1048
att,A759,A496
att,A759,A473
att,A759,A2714
att,A759,A2307
att,A759,A1492
att,A759,A1360
att,A759,A2033
att,A759,A2299
att,A759,A2405
att,A759,A1028
att,A759,A895
att,A759,A2183
att,A759,A1654
att,A759,A129
att,A759,A2691
att,A759,A566
att,A759,A2174
att,A759,A565
att,A759,A597
att,A759,A2442
att,A759,A430
att,A759,A2573
att,A759,A1058
att,A759,A668
att,A759,A1212
att,A759,A1906
att,A761,A1234
att,A761,A595
att,A761,A2303
att,A761,A2448
att,A761,A562
att,A761,A527
att,A761,A188
att,A761,A1768
att,A761,A1021
att,A761,A228
att,A761,A987
att,A761,A2664
att,A761,A233
att,A761,A1134
att,A761,A464
att,A761,A702
att,A761,A1195
att,A761,A1051
att,A761,A1371
att,A761,A1712
att,A761,A981
att,A761,A1417
att,A761,A1716
att,A761,A2283
att,A761,A499
att,A761,A1740
att,A761,A1281
att,A761,A2474
att,A761,A2159
att,A761,A1336
att,A763,A2420
att,A763,A151
att,A763,A2566
att,A764,A2685
att,A764,A1344
att,A764,A2233
att,A764,A2271
att,A764,A431
att,A764,A1796
att,A764,A1827
att,A764,A2079
att,A764,A230
att,A764,A2452
att,A764,A1031
att,A764,A1477
att,A764,A2018
att,A764,A828
att,A764,A981
att,A764,A927
att,A764,A1738
att,A764,A1908
att,A766,A180
att,A766,A2376
att,A766,A869
att,A766,A2352
att,A766,A2737
att,A766,A2108
att,A766,A642
att,A767,A794
att,A769,A1400
att,A769,A2526
att,A769,A965
att,A769,A1953
att,A769,A2239
att,A773,A1491
att,A773,A329
att,A773,A469
att,A773,A898
att,A773,A600
att,A773,A2146
att,A773,A2789
att,A773,A559
att,A773,A2496
att,A773,A957
att,A773,A2774
att,A773,A99
att,A773,A2509
att,A773,A1412
att,A773,A1522
att,A773,A1489
att,A773,A1154
att,A775,A1395
att,A775,A744
att,A775,A192
att,A775,A2687
att,A775,A2488
att,A775,A1164
att,A775,A1201
att,A775,A1959
att,A776,A1390
att,A776,A325
att,A776,A1180
att,A776,A708
att,A776,A1910
att,A776,A1132
att,A776,A795
att,A776,A1734
att,A778,A1742
att,A778,A686
att,A778,A2292
att,A778,A1173
att,A778,A2087
att,A778,A794
att,A778,A294
att,A778,A316
att,A778,A186
att,A778,A1177
att,A778,A1390
att,A778,A739
att,A778,A1815
att,A778,A2286
att,A778,A2001
att,A778,A1724
att,A779,A2389
att,A779,A1250
att,A779,A1032
att,A779,A1718
att,A779,A407
att,A779,A1067
att,A779,A1354
att,A779,A739
att,A779,A1499
att,A780,A1759
att,A780,A494
att,A780,A1527
att,A780,A2405
att,A780,A1228
att,A780,A2151
att,A780,A1453
att,A780,A926
att,A780,A1779
att,A781,A1242
att,A781,A2308
att,A781,A2352
att,A781,A631
att,A781,A1214
att,A781,A874
att,A781,A1748
att,A781,A1978
att,A781,A2049
att,A781,A2360
att,A781,A1161
att,A781,A1081
att,A781,A2757
att,A781,A2589
att,A781,A208
att,A781,A2755
att,A781,A256
att,A781,A1278
att,A781,A1040
att,A781,A94
att,A781,A407
att,A781,A1219
att,A783,A1091
att,A783,A113
att,A783,A1049
att,A783,A1222
att,A783,A110
att,A783,A1354
att,A783,A1978
att,A783,A2044
att,A783,A1270
att,A783,A458
att,A783,A861
att,A783,A2731
att,A783,A1552
att,A783,A1093
att,A783,A1241
att,A783,A1647
att,A783,A219
att,A783,A2643
att,A783,A2504
att,A783,A286
att,A784,A2285
att,A784,A500
att,A784,A878
att,A784,A1994
att,A784,A309
att,A784,A2225
att,A784,A954
att,A784,A2684
att,A784,A763
att,A784,A989
att,A784,A1502
att,A784,A783
att,A784,A247
att,A784,A1366
att,A784,A1527
att,A784,A1115
att,A784,A193
att,A785,A911
att,A785,A1098
att,A785,A104
att,A785,A165
att,A785,A239
att,A785,A1612
att,A785,A1652
att,A785,A949
att,A785,A2416
att,A785,A235
att,A785,A5
att,A785,A1042
att,A785,A1144
att,A785,A831
att,A785,A178
att,A785,A1519
att,A785,A1713
att,A785,A109
att,A785,A2219
att,A785,A1331
att,A785,A400
att,A786,A2765
att,A786,A2232
att,A786,A579
att,A786,A2711
att,A786,A762
att,A787,A2632
att,A787,A901
att,A787,A1121
att,A787,A1496
att,A787,A1500
att,A787,A670
att,A787,A2535
att,A788,A1004
att,A788,A1289
att,A788,A6
att,A788,A1988
att,A788,A1866
att,A788,A1315
att,A788,A133
att,A788,A1661
att,A788,A1539
att,A788,A89
att,A788,A1232
att,A788,A435
att,A788,A1545
att,A788,A376
att,A788,A1508
att,A788,A460
att,A788,A249
att,A788,A1503
att,A789,A951
att,A789,A1894
att,A789,A167
att,A789,A1226
att,A789,A1115
att,A789,A457
att,A789,A621
att,A789,A1196
att,A789,A81
att,A789,A2042
att,A789,A1011
att,A789,A2081
att,A789,A694
att,A789,A707
att,A789,A1959
att,A789,A168
att,A790,A1052
att,A790,A2049
att,A790,A2254
att,A790,A1528
att,A790,A1515
att,A790,A2681
att,A790,A235
att,A790,A969
att,A790,A1780
att,A790,A2088
att,A793,A177
att,A793,A1990
att,A793,A1024
att,A793,A909
att,A793,A1619
att,A793,A202
att,A797,A78
att,A797,A1080
att,A797,A2533
att,A799,A797
att,A799,A751
att,A799,A1439
att,A799,A1827
att,A799,A398
att,A800,A1326
att,A800,A1390
att,A800,A2315
att,A800,A2220
att,A800,A2695
att,A800,A1166
att,A800,A615
att,A800,A2089
att,A800,A2582
att,A800,A2795
att,A800,A2689
att,A800,A1855
att,A800,A1388
att,A800,A223
att,A800,A840
att,A800,A1377
att,A802,A1239
att,A802,A1095
att,A802,A601
att,A802,A1730
att,A802,A1153
att,A802,A2745
att,A802,A1979
att,A802,A2761
att,A802,A734
att,A802,A2463
att,A802,A181
att,A802,A1732
att,A802,A2345
att,A802,A824
att,A802,A2378
att,A802,A2799
att,A802,A331
att,A802,A2013
att,A802,A2428
att,A802,A2050
att,A802,A1915
att,A809,A1275
att,A809,A2769
att,A809,A1722
att,A809,A16
att,A809,A2316
att,A809,A1932
att,A809,A1138
att,A809,A1499
att,A810,A2109
att,A810,A2479
att,A810,A866
att,A810,A2081
att,A810,A2497
att,A810,A1920
att,A810,A2348
att,A810,A894
att,A810,A1086
att,A810,A385
att,A810,A1397
att,A810,A948
att,A810,A1236
att,A810,A882
att,A810,A2082
att,A810,A1235
att,A810,A1438
att,A810,A2537
att,A810,A709
att,A810,A440
att,A810,A1488
att,A810,A1163
att,A810,A2721
att,A811,A2461
att,A811,A1285
att,A811,A767
att,A811,A1734
att,A811,A974
att,A811,A470
att,A811,A1760
att,A811,A1429
att,A813,A1693
att,A819,A1416
att,A819,A1763
att,A819,A1698
att,A819,A702
att,A819,A1635
att,A819,A906
att,A819,A215
att,A819,A1007
att,A819,A2674
att,A819,A1010
att,A819,A52
att,A820,A1731
att,A820,A2783
att,A820,A353
att,A820,A1407
att,A820,A452
att,A820,A1423
att,A820,A1063
att,A820,A2563
att,A820,A2641
att,A820,A1533
att,A820,A2772
att,A820,A484
att,A820,A1309
att,A820,A804
att,A820,A292
att,A820,A1248
att,A820,A2766
att,A820,A971
att,A820,A417
att,A820,A940
att,A820,A1834
att,A820,A871
att,A820,A1909
att,A820,A2561
att,A820,A602
att,A823,A1240
att,A823,A1743
att,A823,A937
att,A823,A2590
att,A823,A889
att,A824,A1333
att,A824,A2098
att,A824,A1280
att,A824,A2390
att,A825,A2067
att,A825,A1026
att,A825,A442
att,A825,A823
att,A825,A2655
att,A825,A764
att,A825,A704
att,A825,A614
att,A825,A638
att,A825,A776
att,A825,A1613
att,A825,A674
att,A825,A1541
att,A825,A387
att,A825,A2598
att,A825,A1748
att,A825,A1475
att,A825,A2333
att,A825,A1153
att,A825,A994
att,A825,A1072
att,A825,A431
att,A827,A2506
att,A827,A2709
att,A827,A1456
att,A827,A2536
att,A827,A456
att,A827,A2716
att,A827,A2475
att,A827,A1281
att,A827,A2257
att,A827,A1867
att,A827,A1800
att,A827,A2621
att,A827,A1124
att,A827,A1333
att,A827,A1193
att,A827,A2121
att,A827,A56
att,A827,A2361
att,A827,A217
att,A829,A121
att,A829,A1118
att,A830,A2780
att,A830,A1914
att,A830,A743
att,A830,A574
att,A830,A1452
att,A830,A1606
att,A830,A89
att,A830,A233
att,A830,A1294
att,A830,A750
att,A830,A2300
att,A830,A1192
att,A830,A1102
att,A830,A2483
att,A830,A1444
att,A830,A2669
att,A830,A2545
att,A830,A2004
att,A830,A19
att,A830,A979
att,A830,A2608
att,A830,A17
att,A830,A1361
att,A830,A2035
att,A833,A567
att,A833,A2553
att,A833,A1043
att,A833,A1964
att,A833,A875
att,A836,A27
att,A836,A548
att,A836,A1754
att,A836,A2722
att,A836,A1694
att,A836,A172
att,A836,A1392
att,A836,A727
att,A836,A415
att,A836,A1359
att,A836,A2696
att,A836,A1155
att,A836,A1619
att,A836,A52
att,A836,A1790
att,A836,A2267
att,A836,A2439
att,A836,A2192
att,A839,A1943
att,A839,A21
att,A839,A1484
att,A839,A1043
att,A839,A1070
att,A839,A1974
att,A839,A2644
att,A839,A1481
att,A839,A762
att,A840,A1065
att,A840,A733
att,A840,A2182
att,A840,A1631
att,A840,A2566
att,A840,A2354
att,A840,A1958
att,A840,A754
att,A840,A2341
att,A840,A698
att,A840,A2597
att,A840,A502
att,A840,A1223
att,A840,A24
att,A840,A2277
att,A840,A1442
att,A840,A835
att,A840,A2480
att,A840,A2062
att,A846,A1290
att,A846,A1212
att,A849,A542
att,A849,A389
att,A849,A1901
att,A849,A63
att,A849,A2322
att,A849,A1594
att,A849,A2329
att,A849,A1968
att,A849,A82
att,A849,A1152
att,A849,A820
att,A849,A1122
att,A849,A179
att,A849,A988
att,A849,A297
att,A851,A1069
att,A851,A2707
att,A851,A2131
att,A851,A636
att,A851,A1290
att,A851,A559
att,A851,A1442
att,A852,A2132
att,A852,A165
att,A852,A1263
att,A852,A1243
att,A852,A2137
att,A852,A126
att,A852,A2327
att,A852,A1540
att,A852,A2420
att,A852,A1973
att,A852,A16
att,A852,A2138
att,A852,A390
att,A852,A2735
att,A852,A510
att,A852,A2474
att,A852,A2443
att,A852,A262
att,A852,A447
att,A855,A2348
att,A855,A1711
att,A855,A2488
att,A855,A201
att,A855,A1631
att,A855,A2138
att,A855,A833
att,A855,A2227
att,A855,A2690
att,A855,A2033
att,A855,A409
att,A855,A1847
att,A855,A534
att,A855,A676
att,A855,A1591
att,A855,A1707
att,A861,A471
att,A861,A1676
att,A861,A112
att,A861,A1555
att,A861,A2766
att,A861,A2368
att,A861,A2632
att,A861,A1037
att,A861,A1875
att,A861,A1632
att,A861,A945
att,A861,A387
att,A861,A1844
att,A861,A545
att,A861,A648
att,A861,A1527
att,A861,A223
att,A861,A1053
att,A861,A450
att,A861,A551
att,A861,A1770
att,A861,A996
att,A861,A271
att,A861,A1899
att,A861,A596
att,A861,A869
att,A863,A2695
att,A863,A2766
att,A863,A2083
att,A863,A2127
att,A863,A1332
att,A863,A1927
att,A863,A43
att,A863,A488
att,A863,A945
att,A863,A399
att,A863,A2211
att,A863,A2640
att,A863,A1436
att,A863,A658
att,A863,A2568
att,A863,A414
att,A863,A1645
att,A863,A2388
att,A863,A1032
att,A863,A2351
att,A863,A153
att,A863,A500
att,A863,A654
att,A863,A1747
att,A863,A2215
att,A864,A2174
att,A864,A425
att,A864,A2626
att,A864,A2002
att,A864,A948
att,A864,A320
att,A864,A176
att,A864,A2042
att,A864,A2745
att,A865,A1728
att,A865,A192
att,A865,A1326
att,A865,A145
att,A865,A687
att,A865,A1813
att,A865,A2156
att,A865,A1556
att,A865,A673
att,A865,A2456
att,A865,A1641
att,A865,A1581
att,A865,A375
att,A865,A906
att,A865,A2590
att,A865,A1399
att,A865,A1373
att,A865,A328
att,A865,A21
att,A865,A2560
att,A865,A791
att,A865,A1085
att,A865,A251
att,A865,A2717
att,A865,A883
att,A865,A2381
att,A865,A1761
att,A865,A2781
att,A865,A1274
att,A865,A1701
att,A865,A1790
att,A869,A1171
att,A869,A2704
att,A869,A375
att,A869,A2332
att,A869,A2238
att,A869,A673
att,A869,A1977
att,A869,A2475
att,A869,A38
att,A869,A590
att,A869,A2290
att,A869,A2703
att,A869,A2034
att,A869,A1871
att,A869,A2468
att,A869,A1802
att,A869,A965
att,A869,A601
att,A869,A1601
att,A869,A556
att,A869,A274
att,A869,A677
att,A869,A1663
att,A869,A2581
att,A871,A2680
att,A871,A1521
att,A871,A109
att,A871,A2646
att,A871,A1958
att,A871,A889
att,A871,A1027
att,A871,A1922
att,A871,A2520
att,A871,A349
att,A871,A2147
att,A871,A730
att,A871,A1902
att,A871,A1810
att,A871,A1400
att,A871,A1807
att,A871,A784
att,A871,A1159
att,A872,A1496
att,A872,A2278
att,A872,A2480
att,A872,A120
att,A872,A425
att,A872,A1740
att,A872,A354
att,A872,A2678
att,A872,A1130
att,A874,A2404
att,A874,A2358
att,A874,A1764
att,A874,A2351
att,A874,A2010
att,A874,A1315
att,A874,A518
att,A874,A662
att,A874,A480
att,A874,A2203
att,A874,A2711
att,A874,A1269
att,A875,A1289
att,A875,A396
att,A875,A2308
att,A875,A596
att,A875,A1606
att,A875,A233
att,A875,A376
att,A875,A1768
att,A875,A936
att,A875,A2075
att,A875,A2051
att,A875,A1368
att,A875,A1708
att,A875,A1640
att,A875,A1839
att,A875,A458
att,A875,A988
att,A875,A378
att,A881,A833
att,A881,A136
att,A881,A1485
att,A881,A2117
att,A881,A1480
att,A881,A2656
att,A881,A2339
att,A881,A1297
att,A882,A1905
att,A882,A784
att,A882,A1304
att,A882,A1730
att,A882,A1087
att,A883,A848
att,A883,A1166
att,A883,A883
att,A883,A649
att,A883,A1088
att,A883,A2516
att,A883,A545
att,A883,A1256
att,A883,A164
att,A883,A2299
att,A883,A406
att,A883,A2784
att,A887,A2034
att,A887,A1892
att,A887,A2376
att,A887,A2641
att,A887,A85
att,A887,A948
att,A887,A389
att,A887,A363
att,A887,A1939
att,A887,A2452
att,A887,A1106
att,A887,A1065
att,A887,A4
att,A887,A359
att,A887,A1332
att,A887,A1399
att,A887,A266
att,A887,A248
att,A887,A2046
att,A887,A1648
att,A887,A2612
att,A887,A2422
att,A887,A2054
att,A887,A2028
att,A887,A1871
att,A888,A747
att,A888,A2568
att,A888,A2663
att,A888,A1171
att,A888,A2706
att,A888,A1666
att,A888,A1561
att,A888,A119
att,A888,A570
att,A888,A230
att,A888,A2560
att,A888,A218
att,A888,A2148
att,A888,A888
att,A888,A2164
att,A888,A151
att,A888,A1060
att,A888,A205
att,A888,A2411
att,A889,A2248
att,A889,A1389
att,A889,A593
att,A889,A2357
att,A889,A2497
att,A889,A551
att,A889,A1982
att,A889,A1177
att,A889,A542
att,A889,A2288
att,A889,A1526
att,A889,A1416
att,A889,A723
att,A889,A1801
att,A889,A1727
att,A889,A218
att,A889,A487
att,A889,A2610
att,A889,A903
att,A889,A1508
att,A890,A1636
att,A890,A1531
att,A890,A2755
att,A890,A2736
att,A890,A1172
att,A890,A1691
att,A890,A2019
att,A890,A2682
att,A890,A2257
att,A890,A213
att,A890,A2193
att,A891,A2532
att,A891,A2282
att,A891,A1195
att,A891,A1350
att,A891,A2598
att,A891,A1267
att,A891,A1913
att,A891,A586
att,A891,A1140
att,A891,A1280
att,A891,A1247
att,A891,A1764
att,A891,A521
att,A891,A1386
att,A891,A130
att,A891,A1286
att,A891,A1967
att,A891,A1031
att,A891,A266
att,A891,A2362
att,A891,A195
att,A893,A2484
att,A893,A1920
att,A893,A1142
att,A893,A453
att,A896,A591
att,A896,A1859
att,A896,A2014
att,A896,A2551
att,A896,A2583
att,A896,A232
att,A896,A2120
att,A896,A879
att,A896,A1308
att,A896,A1664
att,A896,A357
att,A896,A890
att,A896,A2445
att,A897,A971
att,A897,A1342
att,A897,A1208
att,A897,A1710
att,A897,A332
att,A897,A2288
att,A899,A1519
att,A899,A257
att,A899,A50
att,A899,A1613
att,A899,A1584
att,A899,A268
att,A899,A2650
att,A899,A2367
att,A899,A1910
att,A899,A398
att,A899,A633
att,A899,A2741
att,A899,A2438
att,A901,A249
att,A901,A25
att,A901,A411
att,A901,A958
att,A901,A963
att,A901,A694
att,A901,A2125
att,A901,A1643
att,A901,A314
att,A903,A715
att,A903,A2558
att,A903,A1683
att,A903,A1785
att,A903,A1174
att,A903,A2649
att,A903,A2308
att,A903,A766
att,A903,A475
att,A903,A45
att,A903,A2287
att,A903,A790
att,A903,A2789
att,A903,A30
att,A903,A58
att,A903,A1042
att,A903,A410
att,A903,A779
att,A903,A1676
att,A903,A2777
att,A903,A1926
att,A905,A1487
att,A905,A1571
att,A905,A176
att,A905,A1644
att,A905,A1124
att,A905,A2605
att,A905,A1306
att,A905,A1048
att,A905,A1545
att,A905,A2341
att,A905,A1641
att,A905,A2495
att,A905,A2035
att,A905,A2426
att,A905,A21
att,A905,A865
att,A905,A2232
att,A905,A42
att,A907,A2112
att,A907,A1776
att,A907,A2630
att,A907,A345
att,A907,A222
att,A907,A2392
att,A907,A2513
att,A907,A1017
att,A907,A1749
att,A907,A1905
att,A907,A1917
att,A907,A2149
att,A907,A1793
att,A907,A1865
att,A907,A233
att,A907,A2277
att,A907,A2343
att,A907,A2580
att,A907,A1767
att,A907,A2479
att,A907,A220
att,A907,A1659
att,A907,A2560
att,A908,A1179
att,A908,A369
att,A908,A2582
att,A908,A2333
att,A908,A2543
att,A908,A436
att,A908,A2210
att,A908,A1314
att,A908,A2600
att,A908,A590
att,A908,A1315
att,A908,A1425
att,A908,A2316
att,A908,A1495
att,A908,A2162
att,A908,A1853
att,A908,A1256
att,A908,A264
att,A908,A1386
att,A910,A1066
att,A910,A820
att,A910,A1217
att,A910,A2284
att,A910,A310
att,A910,A1366
att,A919,A2287
att,A919,A50
att,A919,A1028
att,A919,A60
att,A919,A284
att,A919,A2442
att,A919,A1756
att,A919,A1525
att,A919,A86
att,A919,A1788
att,A919,A2199
att,A919,A2511
att,A919,A2087
att,A919,A356
att,A919,A2357
att,A919,A1292
att,A919,A163
att,A919,A201
att,A919,A1794
att,A919,A1175
att,A919,A1387
att,A919,A1272
att,A920,A375
att,A920,A2152
att,A920,A918
att,A920,A778
att,A920,A1943
att,A920,A1655
att,A920,A886
att,A920,A434
att,A920,A133
att,A920,A1045
att,A920,A1486
att,A920,A505
att,A920,A457
att,A920,A1650
att,A920,A2461
att,A920,A2653
att,A920,A1620
att,A920,A668
att,A920,A1024
att,A920,A137
att,A920,A1853
att,A920,A2377
att,A920,A2568
att,A920,A2484
att,A921,A573
att,A921,A972
att,A921,A93
att,A921,A2436
att,A921,A265
att,A921,A258
att,A921,A1913
att,A921,A1226
att,A921,A2419
att,A921,A2172
att,A921,A2597
att,A921,A2097
att,A923,A1451
att,A923,A424
att,A923,A1490
att,A923,A46
att,A923,A98
att,A923,A805
att,A923,A1317
att,A923,A2186
att,A923,A2478
att,A923,A714
att,A923,A687
att,A923,A2166
att,A923,A2330
att,A923,A2660
att,A924,A2251
att,A924,A2220
att,A924,A1405
att,A924,A2482
att,A924,A2315
att,A924,A2187
att,A924,A2774
att,A924,A2561
att,A924,A1114
att,A925,A2297
att,A925,A2117
att,A925,A1130
att,A925,A153
att,A926,A1261
att,A926,A2290
att,A926,A2693
att,A926,A1769
att,A926,A832
att,A926,A1199
att,A926,A1330
att,A926,A484
att,A926,A381
att,A926,A903
att,A926,A2185
att,A926,A2468
att,A926,A139
att,A926,A2691
att,A926,A1480
att,A926,A1080
att,A926,A726
att,A926,A1454
att,A927,A1325
att,A927,A951
att,A927,A2386
att,A927,A419
att,A927,A247
att,A927,A1748
att,A927,A886
att,A927,A1069
att,A927,A2696
att,A927,A548
att,A928,A54
att,A928,A2761
att,A928,A2023
att,A928,A2180
att,A928,A1465
att,A928,A585
att,A928,A2470
att,A928,A933
att,A928,A2484
att,A928,A444
att,A928,A1556
att,A928,A1946
att,A928,A38
att,A928,A508
att,A928,A1485
att,A928,A362
att,A928,A2562
att,A930,A1661
att,A930,A2290
att,A930,A1547
att,A930,A425
att,A930,A1620
att,A930,A2480
att,A930,A774
att,A930,A160
att,A930,A2718
att,A930,A402
att,A930,A2525
att,A931,A271
att,A931,A1540
att,A931,A2085
att,A931,A1661
att,A931,A2057
att,A931,A1561
att,A931,A1545
att,A931,A1382
att,A931,A1254
att,A931,A2681
att,A931,A571
att,A931,A849
att,A931,A987
att,A931,A232
att,A931,A2679
att,A931,A1291
att,A932,A1100
att,A932,A1131
att,A932,A61
att,A932,A60
att,A932,A1993
att,A932,A1718
att,A932,A1741
att,A932,A416
att,A932,A1116
att,A932,A601
att,A932,A1964
att,A932,A1834
att,A932,A1583
att,A932,A2772
att,A932,A812
att,A932,A347
att,A932,A1558
att,A932,A2217
att,A932,A2681
att,A932,A573
att,A932,A1575
att,A932,A1599
att,A932,A719
att,A935,A1166
att,A935,A1380
att,A935,A444
att,A935,A2082
att,A935,A271
att,A935,A2049
att,A935,A1644
att,A935,A997
att,A935,A750
att,A938,A856
att,A938,A885
att,A938,A441
att,A938,A617
att,A938,A1991
att,A938,A2345
att,A938,A1884
att,A938,A2644
att,A938,A1822
att,A938,A2035
att,A938,A1281
att,A938,A1523
att,A938,A167
att,A938,A1870
att,A943,A1110
att,A943,A1303
att,A943,A1016
att,A943,A2168
att,A943,A1424
att,A943,A934
att,A943,A2260
att,A943,A2194
att,A943,A1210
att,A945,A859
att,A945,A246
att,A945,A838
att,A945,A775
att,A945,A1769
att,A945,A2452
att,A945,A1547
att,A945,A1078
att,A945,A2402
att,A945,A582
att,A945,A249
att,A945,A1602
att,A945,A412
att,A945,A959
att,A945,A1625
att,A945,A746
att,A945,A2229
att,A945,A808
att,A946,A1647
att,A946,A2669
att,A946,A772
att,A946,A1660
att,A946,A381
att,A946,A2410
att,A946,A1652
att,A946,A879
att,A946,A2474
att,A946,A2084
att,A946,A1338
att,A946,A1630
att,A946,A2615
att,A946,A1677
att,A946,A884
att,A946,A1035
att,A946,A1178
att,A946,A2493
att,A946,A1792
att,A946,A1871
att,A946,A2169
att,A948,A1615
att,A948,A873
att,A948,A846
att,A948,A2288
att,A948,A514
att,A948,A621
att,A948,A1526
att,A948,A198
att,A948,A2512
att,A948,A2507
att,A948,A500
att,A948,A1120
att,A948,A487
att,A948,A2667
att,A948,A539
att,A948,A734
att,A948,A295
att,A950,A81
att,A950,A2298
att,A950,A1349
att,A950,A1530
att,A950,A597
att,A950,A1415
att,A950,A1482
att,A950,A1541
att,A950,A2490
att,A950,A991
att,A950,A1021
att,A950,A1521
att,A950,A1536
att,A950,A1398
att,A950,A2583
att,A950,A2117
att,A950,A854
att,A950,A199
att,A950,A2073
att,A950,A1264
att,A950,A360
att,A950,A1301
att,A950,A1805
att,A950,A248
att,A950,A1202
att,A950,A1217
att,A950,A2601
att,A951,A2783
att,A951,A1891
att,A951,A738
att,A951,A831
att,A951,A75
att,A951,A1704
att,A951,A2170
att,A951,A669
att,A951,A2373
att,A951,A1969
att,A951,A2171
att,A951,A1548
att,A951,A385
att,A951,A2543
att,A951,A1998
att,A951,A2125
att,A951,A227
att,A951,A2151
att,A951,A947
att,A951,A2375
att,A951,A708
att,A951,A2743
att,A951,A1948
att,A951,A1612
att,A951,A1788
att,A951,A70
att,A952,A1482
att,A952,A2792
att,A952,A1302
att,A952,A1582
att,A952,A458
att,A952,A470
att,A952,A655
att,A952,A1355
att,A952,A582
att,A952,A2457
att,A952,A2705
att,A952,A456
att,A952,A2100
att,A952,A2395
att,A952,A2342
att,A952,A2080
att,A952,A1495
att,A952,A2022
att,A952,A324
att,A952,A2436
att,A952,A209
att,A952,A1151
att,A954,A895
att,A954,A1541
att,A954,A1663
att,A954,A1391
att,A954,A90
att,A954,A1013
att,A954,A1392
att,A954,A1326
att,A954,A51
att,A954,A1737
att,A954,A171
att,A954,A2181
att,A954,A1806
att,A954,A1457
att,A954,A1117
att,A954,A1738
att,A954,A14
att,A954,A1334
att,A954,A12
att,A954,A2496
att,A954,A1418
att,A954,A1973
att,A954,A1225
att,A954,A1347
att,A954,A1495
att,A955,A66
att,A955,A2369
att,A955,A559
att,A955,A1745
att,A955,A2027
att,A955,A1199
att,A955,A372
att,A955,A3
att,A955,A2399
att,A955,A458
att,A955,A1413
att,A955,A1727
att,A955,A2383
att,A955,A755
att,A955,A1816
att,A955,A1060
att,A955,A297
att,A955,A1787
att,A955,A979
att,A955,A785
att,A955,A841
att,A955,A1997
att,A955,A665
att,A955,A2049
att,A956,A2441
att,A956,A441
att,A956,A881
att,A956,A2377
att,A956,A908
att,A956,A813
att,A956,A1246
att,A956,A1037
att,A956,A1533
att,A956,A1653
att,A956,A1625
att,A956,A262
att,A956,A451
att,A956,A1276
att,A956,A2097
att,A958,A577
att,A959,A1860
att,A959,A2668
att,A959,A1703
att,A959,A771
att,A959,A1379
att,A959,A1135
att,A959,A2400
att,A959,A723
att,A959,A571
att,A959,A2102
att,A959,A789
att,A959,A2351
att,A959,A2674
att,A959,A40
att,A959,A982
att,A959,A107
att,A959,A1967
att,A959,A2111
att,A959,A2727
att,A959,A1236
att,A959,A848
att,A959,A1487
att,A959,A2570
att,A959,A538
att,A959,A2122
att,A959,A68
att,A959,A2472
att,A963,A1417
att,A963,A1487
att,A963,A1400
att,A963,A2580
att,A963,A231
att,A963,A2454
att,A963,A2735
att,A963,A2060
att,A963,A1350
att,A963,A2053
att,A963,A2799
att,A963,A294
att,A963,A676
att,A963,A1484
att,A963,A1107
att,A963,A772
att,A963,A1398
att,A963,A2479
att,A963,A1791
att,A963,A832
att,A963,A1421
att,A963,A742
att,A964,A2359
att,A964,A47
att,A964,A424
att,A964,A220
att,A964,A2390
att,A964,A1199
att,A964,A1223
att,A964,A2345
att,A964,A1757
att,A964,A954
att,A964,A1202
att,A964,A562
att,A964,A1340
att,A964,A2497
att,A964,A826
att,A965,A1035
att,A965,A1773
att,A965,A2221
att,A965,A2628
att,A965,A1481
att,A965,A2579
att,A965,A1177
att,A965,A1171
att,A965,A2316
att,A965,A1249
att,A966,A1248
att,A966,A613
att,A966,A2249
att,A966,A358
att,A966,A607
att,A966,A2042
att,A966,A1296
att,A966,A2728
att,A966,A1300
att,A966,A787
att,A966,A644
att,A966,A2412
att,A966,A1671
att,A966,A52
att,A966,A1173
att,A966,A2005
att,A966,A2032
att,A966,A187
att,A966,A1420
att,A966,A714
att,A966,A211
att,A966,A2475
att,A966,A1100
att,A966,A2148
att,A967,A1311
att,A967,A2661
att,A967,A1010
att,A967,A2094
att,A967,A577
att,A967,A248
att,A967,A2137
att,A967,A1851
att,A967,A269
att,A967,A237
att,A967,A70
att,A967,A2020
att,A971,A2149
att,A971,A370
att,A971,A1052
att,A971,A1154
att,A971,A461
att,A971,A2086
att,A971,A2324
att,A972,A530
att,A972,A2650
att,A972,A1475
att,A972,A2
att,A972,A1512
att,A972,A1402
att,A972,A478
att,A972,A2535
att,A972,A1896
att,A972,A1267
att,A972,A882
att,A972,A134
att,A972,A28
att,A972,A2075
att,A972,A2634
att,A972,A756
att,A972,A922
att,A972,A1594
att,A972,A217
att,A972,A254
att,A972,A648
att,A972,A1994
att,A972,A74
att,A972,A2439
att,A972,A1589
att,A972,A2021
att,A972,A921
att,A972,A138
att,A973,A2647
att,A973,A2542
att,A973,A690
att,A973,A2075
att,A973,A1081
att,A973,A675
att,A973,A1741
att,A973,A2407
att,A974,A396
att,A974,A1078
att,A975,A1063
att,A975,A446
att,A975,A475
att,A976,A441
att,A976,A2389
att,A976,A1864
att,A976,A541
att,A976,A213
att,A976,A1977
att,A976,A827
att,A976,A508
att,A976,A295
att,A976,A1168
att,A976,A1583
att,A976,A1011
att,A976,A622
att,A976,A2658
att,A976,A1986
att,A976,A137
att,A976,A889
att,A976,A871
att,A976,A924
att,A976,A1549
att,A977,A1367
att,A977,A1035
att,A977,A785
att,A977,A584
att,A977,A414
att,A977,A259
att,A977,A2269
att,A977,A1947
att,A977,A373
att,A977,A2167
att,A979,A355
att,A979,A2494
att,A979,A923
att,A979,A1138
att,A979,A2751
att,A979,A2234
att,A979,A1047
att,A979,A1008
att,A979,A226
att,A979,A1936
att,A979,A1321
att,A979,A2370
att,A979,A2248
att,A979,A358
att,A979,A1857
att,A979,A2500
att,A979,A69
att,A979,A447
att,A979,A2513
att,A979,A1382
att,A979,A2348
att,A979,A1582
att,A979,A1569
att,A979,A1044
att,A981,A1379
att,A981,A1562
att,A981,A1035
att,A981,A2013
att,A981,A2016
att,A981,A1582
att,A981,A2199
att,A981,A2015
att,A981,A1985
att,A983,A525
att,A983,A1982
att,A983,A187
att,A983,A2458
att,A983,A2161
att,A983,A2044
att,A983,A1353
att,A983,A193
att,A983,A1005
att,A983,A2609
att,A983,A1744
att,A983,A1518
att,A983,A274
att,A984,A348
att,A984,A618
att,A984,A543
att,A984,A756
att,A984,A268
att,A984,A1424
att,A984,A2060
att,A984,A2551
att,A984,A2679
att,A985,A2367
att,A985,A609
att,A985,A1034
att,A985,A1120
att,A985,A1128
att,A985,A2322
att,A985,A2
att,A985,A1743
att,A985,A1485
att,A985,A726
att,A985,A1503
att,A985,A1822
att,A985,A1724
att,A985,A357
att,A985,A1584
att,A985,A1962
att,A985,A2300
att,A985,A2623
att,A985,A2403
att,A985,A1243
att,A985,A1675
att,A985,A425
att,A985,A1752
att,A985,A1476
att,A985,A285
att,A985,A121
att,A985,A1710
att,A986,A7
att,A986,A151
att,A986,A108
att,A986,A819
att,A986,A2657
att,A986,A71
att,A986,A127
att,A986,A2554
att,A986,A1752
att,A986,A2604
att,A986,A352
att,A986,A370
att,A986,A706
att,A986,A1321
att,A986,A2054
att,A986,A1696
att,A986,A2287
att,A986,A1802
att,A986,A1992
att,A986,A2583
att,A986,A1435
att,A986,A174
att,A986,A2481
att,A987,A942
att,A987,A2739
att,A987,A2383
att,A987,A1936
att,A987,A1325
att,A987,A1689
att,A987,A2428
att,A987,A976
att,A987,A1370
att,A987,A2523
att,A987,A1402
att,A987,A1196
att,A987,A2084
att,A987,A387
att,A987,A114
att,A987,A208
att,A987,A2332
att,A987,A623
att,A987,A2103
att,A988,A1489
att,A988,A462
att,A988,A828
att,A988,A1032
att,A988,A2697
att,A988,A279
att,A988,A295
att,A990,A1428
att,A990,A2370
att,A990,A1830
att,A990,A1247
att,A990,A1010
att,A990,A1432
att,A990,A2400
att,A990,A2350
att,A990,A1595
att,A990,A2704
att,A990,A1986
att,A990,A2190
att,A990,A2158
att,A990,A678
att,A990,A359
att,A991,A383
att,A991,A2484
att,A995,A1548
att,A995,A398
att,A995,A2405
att,A995,A1507
att,A995,A435
att,A995,A882
att,A995,A1235
att,A995,A285
att,A995,A2431
att,A995,A1682
att,A995,A28
att,A995,A2689
att,A995,A1543
att,A995,A2686
att,A995,A637
att,A995,A316
att,A995,A696
att,A995,A1606
att,A995,A2533
att,A995,A493
att,A996,A987
att,A996,A414
att,A996,A1390
att,A996,A1398
att,A996,A2147
att,A996,A1566
att,A996,A1790
att,A996,A1631
att,A996,A2671
att,A996,A2227
att,A996,A38
att,A996,A389
att,A996,A616
att,A996,A434
att,A999,A2147
att,A999,A805
att,A999,A2235
att,A999,A1635
att,A999,A550
att,A999,A2241
att,A999,A2052
att,A999,A2793
att,A1001,A307
att,A1001,A1056
att,A1001,A2744
att,A1001,A414
att,A1001,A350
att,A1001,A1601
att,A1001,A1090
att,A1001,A1363
att,A1001,A2698
att,A1001,A685
att,A1001,A742
att,A1001,A2138
att,A1001,A318
att,A1002,A1236
att,A1002,A2048
att,A1002,A383
att,A1002,A1484
att,A1002,A2212
att,A1002,A2301
att,A1002,A1982
att,A1002,A2040
att,A1002,A2603
att,A1002,A2668
att,A1002,A2192
att,A1002,A2367
att,A1002,A2741
att,A1002,A1526
att,A1002,A1999
att,A1002,A957
att,A1002,A1697
att,A1002,A1147
att,A1002,A2028
att,A1002,A617
att,A1002,A38
att,A1002,A1320
att,A1002,A90
att,A1002,A1078
att,A1002,A2543
att,A1002,A131
att,A1007,A2253
att,A1007,A645
att,A1007,A367
att,A1007,A371
att,A1007,A2605
att,A1007,A1264
att,A1007,A495
att,A1007,A2247
att,A1007,A1607
att,A1007,A398
att,A1007,A347
att,A1009,A2269
att,A1009,A2100
att,A1009,A2139
att,A1009,A1377
att,A1009,A2094
att,A1009,A1440
att,A1009,A631
att,A1012,A1847
att,A1012,A195
att,A1012,A953
att,A1012,A823
att,A1012,A2015
att,A1012,A2757
att,A1012,A1749
att,A1012,A2426
att,A1012,A596
att,A1012,A2345
att,A1012,A1006
att,A1012,A1123
att,A1012,A819
att,A1012,A530
att,A1012,A1125
att,A1012,A2697
att,A1012,A2611
att,A1012,A868
att,A1012,A2269
att,A1012,A1922
att,A1012,A1062
att,A1012,A162
att,A1012,A288
att,A1013,A1498
att,A1013,A2731
att,A1013,A424
att,A1013,A2628
att,A1013,A2798
att,A1013,A1015
att,A1013,A808
att,A1013,A1671
att,A1013,A1545
att,A1014,A509
att,A1014,A2041
att,A1014,A2766
att,A1014,A1115
att,A1014,A1198
att,A1014,A2013
att,A1014,A2594
att,A1014,A19
att,A1014,A2522
att,A1017,A217
att,A1017,A947
att,A1017,A224
att,A1017,A446
att,A1017,A1581
att,A1017,A157
att,A1017,A1156
att,A1017,A1734
att,A1017,A545
att,A1020,A1314
att,A1020,A1894
att,A1020,A19
att,A1020,A2551
att,A1020,A1684
att,A1020,A1030
att,A1020,A1222
att,A1020,A908
att,A1020,A996
att,A1020,A1528
att,A1020,A2117
att,A1020,A1281
att,A1020,A1549
att,A1020,A1535
att,A1020,A942
att,A1020,A1354
att,A1025,A861
att,A1025,A1446
att,A1025,A1062
att,A1025,A1016
att,A1025,A2112
att,A1025,A938
att,A1025,A2193
att,A1025,A39
att,A1025,A1897
att,A1025,A487
att,A1025,A2435
att,A1025,A639
att,A1025,A2453
att,A1025,A1256
att,A1025,A10
att,A1025,A233
att,A1025,A670
att,A1025,A2079
att,A1025,A899
att,A1025,A1757
att,A1025,A2211
att,A1025,A1311
att,A1025,A2128
att,A1026,A1522
att,A1026,A787
att,A1026,A1284
att,A1026,A854
att,A1026,A2335
att,A1026,A1933
att,A1026,A800
att,A1026,A1376
att,A1026,A1275
att,A1026,A1928
att,A1026,A802
att,A1026,A1302
att,A1026,A227
att,A1026,A2753
att,A1026,A2036
att,A1026,A609
att,A1026,A539
att,A1026,A1904
att,A1026,A707
att,A1026,A2004
att,A1026,A2003
att,A1026,A299
att,A1026,A369
att,A1027,A971
att,A1027,A2072
att,A1029,A1650
att,A1029,A1557
att,A1029,A805
att,A1029,A1158
att,A1029,A100
att,A1029,A26
att,A1029,A1232
att,A1029,A1465
att,A1029,A596
att,A1029,A1507
att,A1029,A1143
att,A1029,A1398
att,A1029,A2389
att,A1029,A778
att,A1029,A1270
att,A1029,A940
att,A1029,A2634
att,A1029,A2599
att,A1029,A814
att,A1029,A679
att,A1029,A1732
att,A1029,A12
att,A1029,A2471
att,A1029,A450
att,A1029,A1033
att,A1029,A2407
att,A1029,A2449
att,A1029,A1066
att,A1029,A2564
att,A1029,A1529
att,A1030,A62
att,A1030,A249
att,A1030,A2450
att,A1030,A998
att,A1030,A550
att,A1030,A1952
att,A1030,A519
att,A1030,A2150
att,A1030,A1204
att,A1030,A2701
att,A1030,A1021
att,A1030,A831
att,A1030,A80
att,A1030,A297
att,A1030,A1466
att,A1030,A1977
att,A1030,A391
att,A1030,A2360
att,A1030,A1342
att,A1030,A1514
att,A1030,A23
att,A1030,A1493
att,A1030,A1709
att,A1030,A2540
att,A1030,A2513
att,A1030,A2204
att,A1030,A2618
att,A1030,A2776
att,A1030,A322
att,A1031,A1105
att,A1031,A647
att,A1031,A336
att,A1031,A1877
att,A1031,A1867
att,A1031,A2320
att,A1031,A522
att,A1031,A29
att,A1031,A2361
att,A1033,A2658
att,A1033,A2555
att,A1033,A1667
att,A1033,A577
att,A1033,A1524
att,A1033,A1577
att,A1033,A1187
att,A1033,A2657
att,A1033,A2586
att,A1033,A2371
att,A1033,A1361
att,A1033,A928
att,A1033,A306
att,A1033,A2175
att,A1033,A1381
att,A1033,A2713
att,A1033,A636
att,A1033,A226
att,A1033,A2
att,A1033,A1240
att,A1033,A2089
att,A1037,A617
att,A1037,A826
att,A1037,A429
att,A1037,A1515
att,A1037,A118
att,A1037,A2507
att,A1037,A2014
att,A1037,A152
att,A1037,A2204
att,A1037,A266
att,A1037,A2094
att,A1037,A1276
att,A1037,A125
att,A1037,A1795
att,A1037,A2530
att,A1037,A677
att,A1037,A2102
att,A1037,A1755
att,A1037,A1737
att,A1037,A845
att,A1037,A2144
att,A1037,A857
att,A1037,A1262
att,A1037,A36
att,A1037,A1722
att,A1037,A400
att,A1037,A1245
att,A1037,A1875
att,A1037,A1565
att,A1037,A2323
att,A1037,A1107
att,A1037,A1316
att,A1038,A747
att,A1038,A1900
att,A1038,A427
att,A1038,A281
att,A1041,A1265
att,A1041,A1329
att,A1041,A451
att,A1041,A757
att,A1041,A1292
att,A1043,A2387
att,A1043,A1308
att,A1043,A560
att,A1043,A2696
att,A1043,A919
att,A1043,A928
att,A1043,A2648
att,A1043,A938
att,A1043,A1628
att,A1043,A728
att,A1043,A1532
att,A1043,A652
att,A1043,A780
att,A1044,A1498
att,A1044,A1920
att,A1044,A2502
att,A1044,A2014
att,A1044,A2761
att,A1046,A1671
att,A1046,A835
att,A1046,A2132
att,A1046,A77
att,A1046,A1254
att,A1046,A2603
att,A1046,A2650
att,A1046,A800
att,A1046,A396
att,A1046,A2347
att,A1046,A14
att,A1046,A2398
att,A1046,A2263
att,A1046,A922
att,A1046,A1736
att,A1046,A2003
att,A1046,A1835
att,A1046,A1273
att,A1046,A19
att,A1048,A666
att,A1048,A2267
att,A1048,A684
att,A1048,A711
att,A1048,A618
att,A1048,A2223
att,A1048,A2271
att,A1048,A2584
att,A1048,A980
att,A1048,A884
att,A1048,A2249
att,A1048,A2561
att,A1052,A1889
att,A1052,A2761
att,A1052,A1534
att,A1052,A1038
att,A1052,A1129
att,A1052,A2643
att,A1052,A2117
att,A1052,A1968
att,A1052,A1399
att,A1052,A77
att,A1052,A2362
att,A1052,A809
att,A1052,A536
att,A1052,A219
att,A1052,A718
att,A1052,A552
att,A1052,A420
att,A1052,A2287
att,A1055,A2224
att,A1055,A2335
att,A1056,A2307
att,A1056,A1283
att,A1056,A1286
att,A1056,A2361
att,A1056,A891
att,A1056,A2580
att,A1056,A255
att,A1058,A557
att,A1058,A2635
att,A1058,A431
att,A1058,A98
att,A1058,A966
att,A1058,A1509
att,A1058,A1856
att,A1058,A543
att,A1058,A1625
att,A1058,A2321
att,A1058,A381
att,A1058,A2177
att,A1058,A2330
att,A1058,A2501
att,A1058,A445
att,A1058,A1220
att,A1058,A764
att,A1058,A2374
att,A1058,A2289
att,A1058,A1103
att,A1058,A2539
att,A1058,A1353
att,A1058,A536
att,A1058,A1419
att,A1058,A1286
att,A1059,A1386
att,A1059,A163
att,A1064,A1625
att,A1064,A19
att,A1064,A2777
att,A1064,A1751
att,A1064,A2174
att,A1064,A1536
att,A1064,A1734
att,A1064,A1950
att,A1064,A265
att,A1064,A1644
att,A1064,A1604
att,A1064,A295
att,A1064,A2458
att,A1064,A1187
att,A1064,A1232
att,A1064,A523
att,A1065,A1397
att,A1065,A1880
att,A1065,A2082
att,A1065,A443
att,A1065,A2099
att,A1065,A807
att,A1065,A425
att,A1065,A1254
att,A1065,A1259
att,A1065,A1027
att,A1065,A1134
att,A1065,A1243
att,A1065,A1846
att,A1065,A2586
att,A1065,A2512
att,A1065,A2452
att,A1065,A2196
att,A1065,A2024
att,A1065,A1097
att,A1065,A2228
att,A1065,A1284
att,A1065,A1430
att,A1065,A1459
att,A1065,A1411
att,A1067,A1740
att,A1067,A280
att,A1067,A2700
att,A1067,A1413
att,A1067,A1855
att,A1067,A2750
att,A1067,A1286
att,A1067,A2540
att,A1067,A1392
att,A1067,A2534
att,A1067,A73
att,A1067,A2412
att,A1069,A2032
att,A1069,A1889
att,A1069,A786
att,A1069,A2730
att,A1069,A2364
att,A1069,A1215
att,A1069,A1684
att,A1069,A2111
att,A1069,A1286
att,A1069,A408
att,A1069,A1457
att,A1069,A2619
att,A1069,A1444
att,A1069,A1981
att,A1069,A2710
att,A1069,A1602
att,A1069,A549
att,A1070,A1697
att,A1070,A9
att,A1070,A777
att,A1070,A2511
att,A1070,A526
att,A1070,A113
att,A1070,A2485
att,A1070,A833
att,A1070,A1621
att,A1070,A847
att,A1070,A2061
att,A1070,A1513
att,A1070,A2392
att,A1070,A2472
att,A1070,A1208
att,A1070,A778
att,A1070,A2080
att,A1070,A1408
att,A1070,A2351
att,A1081,A97
att,A1083,A2567
att,A1083,A1539
att,A1083,A1506
att,A1083,A2664
att,A1083,A241
att,A1083,A96
att,A1083,A1559
att,A1083,A2086
att,A1083,A150
att,A1083,A1209
att,A1084,A18
att,A1084,A2699
att,A1084,A2400
att,A1084,A1913
att,A1084,A1877
att,A1084,A2736
att,A1084,A2586
att,A1084,A552
att,A1084,A905
att,A1084,A1207
att,A1084,A2137
att,A1084,A1714
att,A1084,A1395
att,A1084,A2538
att,A1084,A2069
att,A1084,A2533
att,A1084,A1149
att,A1085,A771
att,A1085,A91
att,A1085,A835
att,A1085,A53
att,A1085,A95
att,A1085,A1925
att,A1085,A576
att,A1085,A1115
att,A1085,A2471
att,A1085,A1238
att,A1085,A740
att,A1085,A1260
att,A1085,A2039
att,A1088,A434
att,A1088,A810
att,A1088,A1093
att,A1088,A2106
att,A1088,A164
att,A1088,A2438
att,A1088,A267
att,A1088,A2725
att,A1088,A143
att,A1088,A2630
att,A1088,A1260
att,A1088,A2539
att,A1088,A2585
att,A1088,A2595
att,A1088,A2042
att,A1088,A2376
att,A1088,A2216
att,A1088,A930
att,A1088,A1580
att,A1088,A175
att,A1090,A592
att,A1090,A1304
att,A1090,A2128
att,A1090,A2383
att,A1090,A2268
att,A1090,A120
att,A1090,A2385
att,A1090,A1764
att,A1090,A447
att,A1090,A2774
att,A1090,A1372
att,A1090,A2587
att,A1090,A144
att,A1090,A1164
att,A1090,A1061
att,A1090,A2162
att,A1090,A1460
att,A1090,A2084
att,A1090,A1151
att,A1090,A173
att,A1090,A1114
att,A1090,A2526
att,A1090,A2589
att,A1090,A2397
att,A1090,A440
att,A1091,A2624
att,A1091,A216
att,A1091,A743
att,A1093,A773
att,A1093,A1095
att,A1095,A1848
att,A1095,A1229
att,A1095,A1644
att,A1095,A1547
att,A1095,A44
att,A1095,A2617
att,A1095,A2394
att,A1095,A1585
att,A1095,A1173
att,A1095,A782
att,A1096,A2360
att,A1096,A1684
att,A1096,A673
att,A1096,A2188
att,A1096,A2666
att,A1098,A1022
att,A1098,A1443
att,A1098,A1577
att,A1098,A2381
att,A1098,A660
att,A1098,A1702
att,A1098,A265
att,A1098,A910
att,A1098,A1569
att,A1098,A2389
att,A1098,A1292
att,A1102,A709
att,A1102,A720
att,A1105,A997
att,A1105,A2017
att,A1105,A102
att,A1105,A162
att,A1105,A73
att,A1105,A290
att,A1107,A1099
att,A1107,A891
att,A1107,A479
att,A1107,A101
att,A1107,A656
att,A1107,A1459
att,A1107,A2431
att,A1107,A371
att,A1107,A548
att,A1115,A703
att,A1115,A936
att,A1115,A1291
att,A1115,A2127
att,A1115,A612
att,A1115,A1013
att,A1115,A294
att,A1115,A322
att,A1115,A985
att,A1115,A2176
att,A1115,A2315
att,A1115,A2255
att,A1115,A1692
att,A1115,A2440
att,A1115,A890
att,A1115,A1907
att,A1116,A2050
att,A1116,A1542
att,A1116,A1862
att,A1119,A136
att,A1119,A1951
att,A1119,A291
att,A1119,A2513
att,A1119,A449
att,A1119,A2729
att,A1119,A1971
att,A1119,A624
att,A1119,A1190
att,A1119,A2011
att,A1119,A362
att,A1119,A1391
att,A1119,A637
att,A1119,A1506
att,A1119,A1516
att,A1119,A279
att,A1119,A201
att,A1119,A432
att,A1119,A1178
att,A1119,A1723
att,A1121,A87
att,A1121,A64
att,A1121,A1190
att,A1121,A2330
att,A1121,A1091
att,A1121,A1281
att,A1121,A1454
att,A1121,A934
att,A1121,A1264
att,A1121,A1145
att,A1121,A2717
att,A1121,A2164
att,A1121,A2012
att,A1121,A2648
att,A1121,A1752
att,A1121,A1258
att,A1121,A1345
att,A1121,A1577
att,A1121,A1675
att,A1121,A1687
att,A1121,A2161
att,A1121,A1850
att,A1122,A300
att,A1122,A2283
att,A1125,A592
att,A1125,A105
att,A1125,A1533
att,A1125,A496
att,A1125,A632
att,A1125,A816
att,A1125,A644
att,A1125,A875
att,A1126,A1371
att,A1126,A2214
att,A1126,A448
att,A1126,A2668
att,A1128,A850
att,A1128,A2632
att,A1128,A1158
att,A1128,A1467
att,A1128,A2511
att,A1128,A734
att,A1128,A707
att,A1128,A855
att,A1128,A2563
att,A1128,A599
att,A1128,A1530
att,A1128,A2602
att,A1128,A1343
att,A1128,A1635
att,A1128,A2255
att,A1131,A2630
att,A1131,A634
att,A1131,A1005
att,A1131,A1527
att,A1131,A624
att,A1131,A2544
att,A1132,A2223
att,A1132,A2785
att,A1132,A16
att,A1132,A1106
att,A1133,A2111
att,A1133,A1571
att,A1133,A1286
att,A1133,A16
att,A1133,A780
att,A1133,A1099
att,A1133,A1124
att,A1133,A2738
att,A1138,A1538
att,A1138,A1275
att,A1138,A1577
att,A1138,A1201
att,A1138,A2124
att,A1138,A2328
att,A1138,A1955
att,A1138,A2760
att,A1138,A2411
att,A1138,A566
att,A1138,A1114
att,A1138,A511
att,A1138,A2293
att,A1138,A1204
att,A1138,A985
att,A1138,A2303
att,A1138,A960
att,A1138,A1246
att,A1139,A1740
att,A1139,A2064
att,A1139,A160
att,A1139,A1494
att,A1139,A292
att,A1139,A989
att,A1141,A2311
att,A1141,A1349
att,A1141,A1822
att,A1141,A1389
att,A1141,A72
att,A1141,A2324
att,A1141,A22
att,A1141,A90
att,A1141,A2216
att,A1141,A1711
att,A1141,A741
att,A1141,A2499
att,A1141,A2056
att,A1141,A394
att,A1141,A2318
att,A1141,A2103
att,A1141,A1868
att,A1141,A2083
att,A1143,A2328
att,A1143,A2060
att,A1143,A2278
att,A1143,A2237
att,A1143,A2784
att,A1143,A522
att,A1143,A1670
att,A1143,A811
att,A1143,A1858
att,A1143,A1630
att,A1143,A1825
att,A1143,A549
att,A1143,A1892
att,A1143,A1618
att,A1145,A628
att,A1145,A1970
att,A1145,A2734
att,A1145,A1876
att,A1145,A137
att,A1145,A2284
att,A1145,A1263
att,A1145,A1786
att,A1145,A1672
att,A1145,A1790
att,A1145,A675
att,A1145,A2412
att,A1145,A1583
att,A1145,A105
att,A1146,A1956
att,A1146,A362
att,A1146,A259
att,A1146,A115
att,A1146,A1175
att,A1146,A532
att,A1146,A970
att,A1146,A21
att,A1146,A2238
att,A1146,A2718
att,A1146,A1012
att,A1146,A946
att,A1146,A2158
att,A1148,A749
att,A1148,A311
att,A1148,A2134
att,A1148,A559
att,A1148,A325
att,A1148,A397
att,A1148,A2073
att,A1148,A888
att,A1148,A1169
att,A1148,A524
att,A1148,A1186
att,A1148,A2229
att,A1148,A494
att,A1148,A1274
att,A1148,A1827
att,A1148,A1249
att,A1148,A2558
att,A1148,A18
att,A1148,A1820
att,A1148,A2657
att,A1148,A1136
att,A1150,A1362
att,A1150,A1987
att,A1150,A957
att,A1150,A1338
att,A1150,A1445
att,A1150,A2496
att,A1150,A267
att,A1150,A2673
att,A1152,A625
att,A1152,A1167
att,A1152,A1347
att,A1152,A2493
att,A1152,A1164
att,A1152,A1462
att,A1152,A2473
att,A1152,A2302
att,A1152,A303
att,A1152,A1184
att,A1152,A2108
att,A1152,A1544
att,A1152,A1387
att,A1152,A833
att,A1152,A158
att,A1152,A775
att,A1152,A2558
att,A1152,A169
att,A1152,A2720
att,A1152,A1233
att,A1152,A2760
att,A1152,A1252
att,A1152,A2423
att,A1152,A1510
att,A1152,A377
att,A1152,A1349
att,A1156,A1051
att,A1156,A749
att,A1156,A869
att,A1156,A1744
att,A1157,A633
att,A1157,A1734
att,A1157,A742
att,A1157,A1310
att,A1157,A1977
att,A1158,A1291
att,A1158,A27
att,A1158,A2753
att,A1158,A349
att,A1158,A2076
att,A1158,A1706
att,A1158,A882
att,A1158,A2637
att,A1158,A1900
att,A1158,A2318
att,A1158,A939
att,A1158,A318
att,A1158,A598
att,A1158,A570
att,A1158,A2174
att,A1158,A614
att,A1158,A122
att,A1158,A2380
att,A1158,A2729
att,A1158,A1601
att,A1158,A2069
att,A1158,A775
att,A1159,A1264
att,A1159,A2541
att,A1159,A568
att,A1159,A2576
att,A1159,A1888
att,A1161,A867
att,A1161,A1371
att,A1161,A2332
att,A1161,A2073
att,A1161,A500
att,A1161,A844
att,A1161,A735
att,A1161,A1639
att,A1161,A1231
att,A1161,A732
att,A1161,A1591
att,A1161,A1566
att,A1162,A316
att,A1162,A384
att,A1162,A1342
att,A1162,A2691
att,A1162,A2619
att,A1162,A625
att,A1162,A2739
att,A1162,A583
att,A1162,A2453
att,A1162,A1135
att,A1162,A2196
att,A1162,A1671
att,A1162,A1756
att,A1162,A1474
att,A1162,A1062
att,A1162,A1737
att,A1162,A1804
att,A1162,A2114
att,A1164,A2341
att,A1164,A2314
att,A1164,A1115
att,A1164,A735
att,A1164,A2157
att,A1164,A1861
att,A1164,A1522
att,A1164,A2378
att,A1164,A849
att,A1164,A449
att,A1164,A1284
att,A1164,A1382
att,A1164,A1110
att,A1164,A1770
att,A1164,A767
att,A1164,A1059
att,A1164,A2005
att,A1164,A474
att,A1164,A2750
att,A1164,A761
att,A1164,A2582
att,A1164,A201
att,A1164,A2784
att,A1164,A2603
att,A1164,A997
att,A1164,A1862
att,A1164,A1206
att,A1164,A304
att,A1164,A1672
att,A1165,A1641
att,A1165,A73
att,A1165,A277
att,A1165,A745
att,A1165,A1700
att,A1165,A763
att,A1165,A2537
att,A1165,A2085
att,A1165,A534
att,A1165,A1060
att,A1165,A2326
att,A1165,A2024
att,A1165,A2274
att,A1165,A1108
att,A1165,A172
att,A1165,A2177
att,A1165,A2708
att,A1167,A1635
att,A1167,A525
att,A1167,A1074
att,A1167,A2765
att,A1167,A2626
att,A1167,A981
att,A1167,A2058
att,A1167,A1816
att,A1167,A365
att,A1167,A2435
att,A1167,A1707
att,A1167,A190
att,A1167,A1742
att,A1167,A1245
att,A1167,A1715
att,A1167,A1739
att,A1167,A817
att,A1167,A2750
att,A1167,A538
att,A1167,A1386
att,A1167,A212
att,A1168,A269
att,A1169,A2302
att,A1169,A343
att,A1169,A308
att,A1169,A546
att,A1169,A658
att,A1169,A57
att,A1169,A1100
att,A1169,A2176
att,A1169,A2506
att,A1169,A1935
att,A1169,A1597
att,A1169,A689
att,A1169,A1868
att,A1169,A2720
att,A1169,A1232
att,A1169,A287
att,A1179,A1970
att,A1179,A2242
att,A1179,A1847
att,A1179,A1818
att,A1179,A376
att,A1179,A246
att,A1179,A360
att,A1179,A1923
att,A1179,A603
att,A1179,A164
att,A1179,A208
att,A1179,A2722
att,A1179,A75
att,A1179,A1134
att,A1179,A2182
att,A1179,A1874
att,A1179,A337
att,A1179,A1377
att,A1179,A1248
att,A1179,A1886
att,A1179,A1219
att,A1179,A1520
att,A1179,A723
att,A1180,A2689
att,A1180,A774
att,A1180,A1054
att,A1180,A2272
att,A1180,A1761
att,A1180,A449
att,A1180,A2513
att,A1180,A1645
att,A1180,A2469
att,A1180,A1174
att,A1180,A2718
att,A1181,A2528
att,A1181,A1599
att,A1181,A141
att,A1181,A1707
att,A1183,A1058
att,A1185,A1638
att,A1185,A615
att,A1185,A1410
att,A1185,A34
att,A1185,A1657
att,A1185,A1672
att,A1185,A2217
att,A1185,A1708
att,A1185,A490
att,A1185,A2372
att,A1185,A1965
att,A1185,A454
att,A1185,A922
att,A1185,A715
att,A1185,A1262
att,A1185,A123
att,A1185,A358
att,A1185,A2257
att,A1185,A1342
att,A1185,A2044
att,A1185,A1701
att,A1185,A1926
att,A1185,A2664
att,A1185,A1666
att,A1187,A216
att,A1187,A2683
att,A1187,A2736
att,A1187,A1099
att,A1188,A803
att,A1188,A2465
att,A1188,A1776
att,A1188,A126
att,A1188,A989
att,A1188,A1942
att,A1188,A416
att,A1188,A2726
att,A1188,A2342
att,A1188,A2008
att,A1188,A2215
att,A1189,A1045
att,A1189,A2269
att,A1189,A2104
att,A1189,A1459
att,A1189,A977
att,A1189,A2047
att,A1189,A29
att,A1189,A1418
att,A1189,A2766
att,A1189,A2246
att,A1189,A1057
att,A1189,A1524
att,A1189,A525
att,A1189,A2765
att,A1189,A557
att,A1189,A2324
att,A1189,A555
att,A1189,A103
att,A1189,A1610
att,A1192,A2106
att,A1192,A1658
att,A1192,A2004
att,A1192,A885
att,A1192,A2429
att,A1192,A762
att,A1192,A992
att,A1193,A1687
att,A1193,A2352
att,A1193,A1506
att,A1193,A2340
att,A1193,A2097
att,A1193,A1644
att,A1193,A1116
att,A1193,A1740
att,A1193,A756
att,A1193,A212
att,A1193,A278
att,A1195,A736
att,A1195,A2474
att,A1195,A2077
att,A1195,A1469
att,A1195,A2266
att,A1195,A390
att,A1195,A482
att,A1195,A2607
att,A1195,A1984
att,A1195,A1367
att,A1195,A1905
att,A1195,A235
att,A1195,A471
att,A1196,A185
att,A1196,A2169
att,A1196,A2254
att,A1196,A1293
att,A1196,A1018
att,A1196,A2783
att,A1196,A735
att,A1196,A1077
att,A1196,A162
att,A1196,A1915
att,A1196,A51
att,A1196,A701
att,A1198,A1774
att,A1198,A1710
att,A1198,A609
att,A1198,A2071
att,A1198,A1968
att,A1198,A2211
att,A1198,A543
att,A1198,A1288
att,A1198,A1213
att,A1198,A1129
att,A1198,A2727
att,A1198,A509
att,A1198,A2255
att,A1198,A2245
att,A1198,A1150
att,A1198,A2716
att,A1198,A159
att,A1198,A2358
att,A1198,A1036
att,A1198,A2104
att,A1198,A2471
att,A1198,A1525
att,A1198,A889
att,A1198,A698
att,A1198,A2103
att,A1198,A1781
att,A1198,A738
att,A1200,A1752
att,A1200,A670
att,A1200,A1086
att,A1200,A1952
att,A1200,A2286
att,A1200,A1998
att,A1200,A376
att,A1200,A1577
att,A1200,A2510
att,A1200,A885
att,A1200,A2019
att,A1200,A2238
att,A1200,A937
att,A1200,A6
att,A1200,A583
att,A1200,A722
att,A1200,A2649
att,A1200,A2350
att,A1200,A2672
att,A1200,A1628
att,A1200,A2743
att,A1200,A343
att,A1202,A2604
att,A1202,A617
att,A1202,A2369
att,A1202,A412
att,A1202,A1717
att,A1202,A560
att,A1202,A250
att,A1202,A2293
att,A1202,A2238
att,A1202,A2444
att,A1202,A932
att,A1202,A2056
att,A1202,A1980
att,A1202,A50
att,A1202,A2052
att,A1202,A2675
att,A1202,A1092
att,A1203,A1544
att,A1203,A1813
att,A1203,A654
att,A1203,A2152
att,A1203,A1697
att,A1203,A1029
att,A1203,A770
att,A1203,A1589
att,A1203,A951
att,A1203,A2248
att,A1203,A940
att,A1203,A2602
att,A1203,A2330
att,A1203,A1450
att,A1203,A2354
att,A1203,A571
att,A1204,A1310
att,A1204,A2700
att,A1204,A1066
att,A1204,A1097
att,A1204,A360
att,A1204,A667
att,A1205,A342
att,A1205,A700
att,A1205,A777
att,A1205,A2202
att,A1205,A1148
att,A1205,A375
att,A1205,A1776
att,A1205,A1870
att,A1205,A732
att,A1205,A946
att,A1207,A1910
att,A1207,A1315
att,A1207,A2717
att,A1208,A1036
att,A1208,A2425
att,A1208,A797
att,A1208,A1877
att,A1208,A2342
att,A1208,A53
att,A1208,A682
att,A1208,A542
att,A1208,A2207
att,A1209,A1622
att,A1209,A1829
att,A1209,A1503
att,A1209,A1601
att,A1209,A1989
att,A1209,A734
att,A1209,A605
att,A1209,A1579
att,A1209,A1237
att,A1209,A771
att,A1209,A802
att,A1209,A682
att,A1209,A2391
att,A1209,A116
att,A1209,A121
att,A1209,A199
att,A1209,A1523
att,A1209,A2579
att,A1209,A502
att,A1209,A482
att,A1209,A668
att,A1209,A866
att,A1209,A2590
att,A1209,A2395
att,A1209,A2666
att,A1212,A2463
att,A1212,A2278
att,A1212,A767
att,A1212,A1921
att,A1212,A441
att,A1212,A2175
att,A1212,A1416
att,A1212,A408
att,A1212,A674
att,A1212,A1617
att,A1212,A2491
att,A1212,A509
att,A1212,A1087
att,A1212,A2114
att,A1212,A1155
att,A1214,A1534
att,A1214,A559
att,A1214,A595
att,A1214,A128
att,A1214,A847
att,A1214,A626
att,A1214,A1460
att,A1214,A2432
att,A1214,A2173
att,A1214,A544
att,A1214,A356
att,A1214,A452
att,A1217,A1197
att,A1217,A1448
att,A1218,A2705
att,A1218,A811
att,A1218,A2387
att,A1218,A2657
att,A1218,A35
att,A1218,A961
att,A1218,A2547
att,A1218,A748
att,A1218,A573
att,A1218,A1534
att,A1218,A788
att,A1218,A1830
att,A1218,A1655
att,A1218,A850
att,A1218,A2683
att,A1218,A1562
att,A1218,A576
att,A1220,A744
att,A1220,A136
att,A1220,A2479
att,A1220,A403
att,A1220,A768
att,A1220,A432
att,A1220,A2677
att,A1220,A1588
att,A1220,A1929
att,A1220,A2303
att,A1220,A2024
att,A1220,A2595
att,A1220,A316
att,A1220,A481
att,A1220,A2528
att,A1220,A1972
att,A1220,A208
att,A1220,A141
att,A1220,A887
att,A1221,A963
att,A1221,A79
att,A1222,A2758
att,A1222,A57
att,A1222,A1584
att,A1222,A1348
att,A1222,A1758
att,A1222,A2731
att,A1222,A844
att,A1222,A2381
att,A1222,A2256
att,A1222,A939
att,A1222,A2482
att,A1222,A772
att,A1222,A551
att,A1222,A452
att,A1223,A666
att,A1223,A458
att,A1223,A2203
att,A1223,A1279
att,A1223,A142
att,A1223,A38
att,A1223,A2062
att,A1223,A1274
att,A1223,A173
att,A1223,A2783
att,A1223,A1015
att,A1223,A212
att,A1223,A2777
att,A1223,A2376
att,A1223,A2274
att,A1223,A2476
att,A1223,A299
att,A1223,A1833
att,A1223,A170
att,A1223,A1726
att,A1223,A738
att,A1223,A852
att,A1223,A1455
att,A1223,A399
att,A1223,A2493
att,A1223,A9
att,A1223,A2375
att,A1223,A197
att,A1223,A2485
att,A1224,A2307
att,A1224,A2199
att,A1224,A1844
att,A1224,A1890
att,A1224,A810
att,A1224,A2176
att,A1224,A750
att,A1224,A1517
att,A1224,A826
att,A1224,A2077
att,A1224,A82
att,A1224,A1950
att,A1224,A819
att,A1224,A2130
att,A1224,A250
att,A1224,A1446
att,A1224,A1364
att,A1224,A342
att,A1224,A2722
att,A1224,A489
att,A1224,A1904
att,A1224,A2375
att,A1224,A1124
att,A1224,A607
att,A1224,A1830
att,A1227,A865
att,A1227,A2338
att,A1227,A1483
att,A1227,A1980
att,A1227,A946
att,A1227,A2507
att,A1227,A2058
att,A1227,A1608
att,A1227,A2311
att,A1227,A2043
att,A1227,A1493
att,A1227,A1378
att,A1227,A1107
att,A1227,A945
att,A1227,A1586
att,A1227,A471
att,A1227,A2699
att,A1227,A2078
att,A1227,A738
att,A1227,A1858
att,A1227,A623
att,A1227,A2791
att,A1227,A209
att,A1227,A2506
att,A1231,A520
att,A1231,A2340
att,A1231,A981
att,A1231,A293
att,A1231,A2683
att,A1231,A1339
att,A1231,A1584
att,A1231,A2031
att,A1231,A2571
att,A1231,A1989
att,A1231,A1187
att,A1231,A665
att,A1231,A2329
att,A1231,A2720
att,A1231,A1055
att,A1231,A751
att,A1231,A2722
att,A1231,A2555
att,A1232,A2353
att,A1232,A1277
att,A1232,A2554
att,A1232,A1431
att,A1232,A242
att,A1232,A1482
att,A1232,A197
att,A1232,A348
att,A1232,A357
att,A1232,A962
att,A1232,A1459
att,A1232,A1032
att,A1232,A2324
att,A1232,A977
att,A1232,A2317
att,A1233,A758
att,A1233,A1584
att,A1233,A1227
att,A1233,A1264
att,A1233,A2741
att,A1233,A625
att,A1233,A92
att,A1233,A222
att,A1233,A262
att,A1233,A1558
att,A1233,A577
att,A1233,A396
att,A1233,A692
att,A1233,A1512
att,A1233,A2384
att,A1233,A1852
att,A1233,A1524
att,A1233,A793
att,A1233,A2221
att,A1233,A990
att,A1233,A2203
att,A1233,A1193
att,A1233,A723
att,A1233,A2214
att,A1233,A1588
att,A1233,A1921
att,A1233,A410
att,A1235,A2395
att,A1235,A553
att,A1235,A1291
att,A1235,A181
att,A1235,A1329
att,A1235,A184
att,A1235,A2058
att,A1235,A2144
att,A1235,A1862
att,A1235,A1927
att,A1235,A2583
att,A1235,A277
att,A1235,A1202
att,A1235,A909
att,A1235,A147
att,A1235,A1635
att,A1235,A1562
att,A1235,A1744
att,A1235,A2493
att,A1236,A878
att,A1236,A500
att,A1236,A846
att,A1236,A1060
att,A1236,A1907
att,A1236,A618
att,A1236,A1765
att,A1236,A594
att,A1236,A106
att,A1236,A1634
att,A1236,A2549
att,A1236,A374
att,A1236,A300
att,A1236,A2496
att,A1236,A583
att,A1236,A2353
att,A1237,A1801
att,A1237,A829
att,A1237,A2418
att,A1237,A1054
att,A1237,A1649
att,A1238,A1232
att,A1238,A289
att,A1238,A2130
att,A1238,A2590
att,A1238,A2440
att,A1238,A115
att,A1238,A2525
att,A1238,A112
att,A1238,A2346
att,A1238,A1557
att,A1238,A2282
att,A1238,A2050
att,A1238,A1058
att,A1238,A2745
att,A1238,A1270
att,A1238,A316
att,A1238,A468
att,A1238,A2693
att,A1238,A322
att,A1238,A947
att,A1238,A1996
att,A1239,A2353
att,A1239,A1746
att,A1239,A2085
att,A1239,A2270
att,A1239,A278
att,A1239,A2503
att,A1239,A1229
att,A1239,A160
att,A1239,A1409
att,A1239,A2247
att,A1239,A207
att,A1239,A1772
att,A1239,A1161
att,A1239,A1157
att,A1239,A651
att,A1239,A2631
att,A1239,A2659
att,A1239,A571
att,A1239,A542
att,A1239,A1956
att,A1239,A2321
att,A1240,A411
att,A1240,A2089
att,A1241,A2332
att,A1241,A257
att,A1241,A1800
att,A1241,A1936
att,A1241,A2258
att,A1241,A352
att,A1241,A2178
att,A1241,A1083
att,A1252,A2659
att,A1252,A437
att,A1252,A188
att,A1252,A228
att,A1252,A1867
att,A1252,A367
att,A1252,A1072
att,A1252,A1459
att,A1252,A825
att,A1252,A1248
att,A1252,A1073
att,A1252,A1255
att,A1252,A2475
att,A1252,A620
att,A1252,A2208
att,A1252,A2226
att,A1252,A2154
att,A1252,A1953
att,A1252,A2547
att,A1252,A1425
att,A1252,A1894
att,A1252,A2582
att,A1252,A2551
att,A1254,A433
att,A1254,A413
att,A1254,A295
att,A1254,A1700
att,A1254,A369
att,A1254,A2020
att,A1254,A829
att,A1254,A764
att,A1254,A610
att,A1254,A1610
att,A1254,A1790
att,A1254,A1804
att,A1254,A73
att,A1254,A2185
att,A1254,A798
att,A1254,A1968
att,A1254,A873
att,A1254,A206
att,A1254,A2305
att,A1254,A1531
att,A1254,A608
att,A1254,A376
att,A1254,A1802
att,A1254,A2113
att,A1254,A754
att,A1255,A622
att,A1255,A996
att,A1255,A1149
att,A1255,A459
att,A1255,A1771
att,A1255,A427
att,A1255,A1250
att,A1255,A2757
att,A1255,A1452
att,A1255,A192
att,A1255,A1589
att,A1255,A1393
att,A1256,A1434
att,A1256,A778
att,A1256,A2565
att,A1260,A955
att,A1260,A2094
att,A1260,A254
att,A1262,A2659
att,A1262,A543
att,A1262,A1360
att,A1262,A2298
att,A1262,A2338
att,A1262,A1036
att,A1262,A1236
att,A1262,A267
att,A1262,A2244
att,A1262,A919
att,A1262,A460
att,A1263,A2160
att,A1263,A892
att,A1263,A1599
att,A1263,A2501
att,A1263,A2411
att,A1263,A1096
att,A1263,A323
att,A1263,A1268
att,A1263,A2783
att,A1263,A524
att,A1263,A982
att,A1263,A1752
att,A1263,A227
att,A1263,A1781
att,A1266,A922
att,A1266,A311
att,A1266,A1054
att,A1266,A2179
att,A1266,A582
att,A1266,A577
att,A1266,A1852
att,A1266,A957
att,A1266,A2271
att,A1266,A1612
att,A1266,A2310
att,A1266,A2644
att,A1266,A2366
att,A1266,A2315
att,A1266,A1150
att,A1266,A1982
att,A1266,A1140
att,A1266,A810
att,A1266,A1874
att,A1266,A2257
att,A1267,A324
att,A1267,A1119
att,A1267,A2248
att,A1267,A305
att,A1267,A2229
att,A1267,A702
att,A1267,A1942
att,A1267,A310
att,A1267,A103
att,A1267,A2354
att,A1267,A233
att,A1267,A817
att,A1267,A1565
att,A1267,A193
att,A1267,A2252
att,A1267,A2673
att,A1267,A2393
att,A1267,A1054
att,A1267,A1921
att,A1267,A806
att,A1267,A766
att,A1267,A728
att,A1268,A1225
att,A1268,A1254
att,A1268,A496
att,A1268,A1124
att,A1268,A1790
att,A1268,A713
att,A1268,A992
att,A1268,A219
att,A1268,A500
att,A1268,A1702
att,A1268,A789
att,A1268,A1049
att,A1268,A655
att,A1268,A637
att,A1268,A1744
att,A1268,A1447
att,A1268,A2360
att,A1268,A979
att,A1268,A1746
att,A1268,A1707
att,A1268,A2469
att,A1268,A13
att,A1268,A362
att,A1268,A2587
att,A1270,A1688
att,A1270,A802
att,A1270,A1055
att,A1270,A1268
att,A1270,A1037
att,A1270,A2464
att,A1270,A133
att,A1270,A2633
att,A1270,A161
att,A1270,A445
att,A1270,A1421
att,A1270,A189
att,A1270,A770
att,A1270,A110
att,A1270,A2417
att,A1270,A1616
att,A1270,A351
att,A1270,A2757
att,A1270,A2045
att,A1270,A1997
att,A1270,A1952
att,A1270,A1976
att,A1270,A1260
att,A1270,A2199
att,A1272,A1031
att,A1272,A2448
att,A1272,A1352
att,A1272,A2660
att,A1272,A2137
att,A1272,A353
att,A1272,A224
att,A1272,A1870
att,A1272,A1992
att,A1272,A1019
att,A1272,A2322
att,A1272,A954
att,A1272,A1723
att,A1272,A510
att,A1272,A242
att,A1272,A2398
att,A1272,A2536
att,A1272,A1362
att,A1272,A1450
att,A1272,A99
att,A1272,A945
att,A1272,A1824
att,A1273,A463
att,A1273,A1352
att,A1273,A1819
att,A1273,A724
att,A1273,A709
att,A1273,A2518
att,A1273,A810
att,A1273,A2043
att,A1273,A813
att,A1273,A833
att,A1273,A1328
att,A1273,A985
att,A1273,A1523
att,A1275,A158
att,A1275,A589
att,A1275,A1265
att,A1275,A906
att,A1275,A2548
att,A1275,A1151
att,A1275,A2690
att,A1275,A2559
att,A1275,A169
att,A1275,A2510
att,A1275,A619
att,A1275,A1182
att,A1275,A729
att,A1275,A686
att,A1275,A191
att,A1275,A1857
att,A1275,A2672
att,A1275,A2452
att,A1275,A1477
att,A1275,A162
att,A1275,A176
att,A1276,A2429
att,A1276,A1372
att,A1276,A1946
att,A1276,A1248
att,A1276,A1498
att,A1276,A785
att,A1276,A173
att,A1276,A1182
att,A1276,A2393
att,A1276,A1894
att,A1276,A1660
att,A1276,A1153
att,A1276,A1893
att,A1276,A1202
att,A1276,A2764
att,A1276,A1666
att,A1276,A2493
att,A1276,A1068
att,A1276,A2184
att,A1276,A1712
att,A1279,A1942
att,A1279,A1954
att,A1280,A1550
att,A1280,A910
att,A1280,A178
att,A1280,A1966
att,A1280,A435
att,A1280,A947
att,A1280,A2263
att,A1281,A2380
att,A1281,A1140
att,A1281,A1139
att,A1281,A1137
att,A1281,A623
att,A1281,A1673
att,A1281,A1973
att,A1281,A891
att,A1281,A2627
att,A1281,A1615
att,A1281,A2202
att,A1281,A2668
att,A1281,A852
att,A1283,A76
att,A1283,A2659
att,A1283,A2515
att,A1283,A1922
att,A1283,A319
att,A1283,A1690
att,A1283,A1579
att,A1283,A686
att,A1283,A1670
att,A1283,A1586
att,A1283,A1544
att,A1283,A2583
att,A1283,A751
att,A1283,A1268
att,A1283,A873
att,A1283,A1590
att,A1286,A757
att,A1286,A1235
att,A1286,A154
att,A1286,A1627
att,A1286,A1514
att,A1286,A2430
att,A1286,A971
att,A1286,A136
att,A1286,A1842
att,A1286,A2282
att,A1286,A976
att,A1286,A308
att,A1286,A272
att,A1286,A2199
att,A1286,A2275
att,A1286,A586
att,A1286,A2042
att,A1286,A1744
att,A1286,A2215
att,A1286,A1394
att,A1287,A2657
att,A1287,A456
att,A1287,A2258
att,A1287,A2294
att,A1287,A1862
att,A1287,A1930
att,A1287,A1685
att,A1287,A844
att,A1287,A187
att,A1287,A120
att,A1287,A2516
att,A1287,A1951
att,A1287,A2239
att,A1287,A2359
att,A1287,A2576
att,A1287,A1878
att,A1287,A2025
att,A1288,A1378
att,A1288,A1339
att,A1288,A2182
att,A1288,A518
att,A1288,A368
att,A1288,A521
att,A1288,A1962
att,A1288,A1576
att,A1288,A1198
att,A1288,A2269
att,A1288,A108
att,A1288,A164
att,A1288,A1390
att,A1288,A1623
att,A1288,A971
att,A1288,A1586
att,A1288,A2222
att,A1289,A2738
att,A1289,A609
att,A1289,A283
att,A1289,A2422
att,A1289,A2004
att,A1289,A2701
att,A1289,A2018
att,A1289,A607
att,A1289,A1045
att,A1289,A790
att,A1289,A2262
att,A1289,A2573
att,A1289,A2764
att,A1290,A728
att,A1290,A940
att,A1290,A2561
att,A1290,A1884
att,A1290,A2603
att,A1290,A2413
att,A1290,A2080
att,A1290,A375
att,A1290,A2068
att,A1290,A442
att,A1290,A824
att,A1290,A2620
att,A1290,A531
att,A1290,A364
att,A1290,A1506
att,A1290,A1314
att,A1290,A1136
att,A1290,A1362
att,A1290,A2391
att,A1290,A1152
att,A1290,A2445
att,A1290,A941
att,A1290,A1473
att,A1290,A813
att,A1290,A1961
att,A1290,A2156
att,A1290,A1550
att,A1290,A1028
att,A1294,A2260
att,A1294,A2462
att,A1294,A1349
att,A1294,A720
att,A1294,A1830
att,A1294,A2384
att,A1294,A505
att,A1294,A1355
att,A1294,A1834
att,A1294,A2194
att,A1294,A1448
att,A1294,A1726
att,A1294,A1575
att,A1294,A1582
att,A1294,A2769
att,A1294,A989
att,A1294,A2498
att,A1294,A961
att,A1294,A1180
att,A1294,A1972
att,A1294,A1853
att,A1294,A1685
att,A1294,A865
att,A1294,A1993
att,A1294,A1010
att,A1294,A2333
att,A1297,A2070
att,A1297,A505
att,A1297,A2143
att,A1297,A1579
att,A1297,A521
att,A1297,A2786
att,A1297,A289
att,A1297,A1237
att,A1298,A2754
att,A1298,A629
att,A1298,A2479
att,A1298,A1347
att,A1298,A1007
att,A1298,A2332
att,A1298,A595
att,A1298,A1140
att,A1301,A361
att,A1301,A1777
att,A1301,A1108
att,A1301,A1374
att,A1301,A1057
att,A1301,A15
att,A1301,A2306
att,A1301,A917
att,A1301,A890
att,A1301,A2668
att,A1301,A2303
att,A1301,A1576
att,A1301,A401
att,A1301,A1017
att,A1301,A2391
att,A1301,A2731
att,A1303,A1111
att,A1303,A1597
att,A1303,A132
att,A1303,A228
att,A1303,A2505
att,A1303,A716
att,A1303,A1017
att,A1303,A1624
att,A1303,A1936
att,A1303,A1232
att,A1303,A1974
att,A1303,A1303
att,A1303,A2237
att,A1303,A2219
att,A1303,A710
att,A1303,A1321
att,A1303,A2249
att,A1303,A707
att,A1303,A698
att,A1304,A134
att,A1304,A2092
att,A1304,A2292
att,A1304,A2213
att,A1304,A601
att,A1304,A1011
att,A1304,A795
att,A1304,A2356
att,A1304,A2138
att,A1304,A1222
att,A1304,A498
att,A1304,A49
att,A1304,A241
att,A1304,A205
att,A1304,A2255
att,A1304,A577
att,A1304,A2481
att,A1304,A258
att,A1304,A1290
att,A1304,A2596
att,A1304,A617
att,A1304,A861
att,A1304,A507
att,A1304,A200
att,A1304,A1354
att,A1305,A1272
att,A1305,A1950
att,A1305,A1675
att,A1305,A2554
att,A1305,A9
att,A1305,A548
att,A1306,A1459
att,A1306,A1447
att,A1306,A288
att,A1308,A764
att,A1308,A381
att,A1308,A18
att,A1308,A375
att,A1308,A101
att,A1308,A1370
att,A1308,A853
att,A1308,A2458
att,A1308,A2410
att,A1308,A937
att,A1308,A581
att,A1309,A1473
att,A1309,A374
att,A1309,A307
att,A1309,A2386
att,A1309,A2594
att,A1309,A1666
att,A1309,A1929
att,A1309,A1714
att,A1309,A1587
att,A1309,A1425
att,A1309,A899
att,A1309,A2445
att,A1309,A401
att,A1309,A2796
att,A1312,A2324
att,A1312,A779
att,A1312,A1293
att,A1312,A2549
att,A1312,A1768
att,A1312,A2184
att,A1312,A1686
att,A1314,A1421
att,A1314,A1046
att,A1314,A1155
att,A1314,A335
att,A1314,A174
att,A1314,A1949
att,A1314,A2325
att,A1314,A2793
att,A1314,A526
att,A1314,A400
att,A1314,A168
att,A1314,A2164
att,A1314,A1801
att,A1314,A1710
att,A1314,A95
att,A1314,A2300
att,A1314,A1289
att,A1314,A60
att,A1314,A51
att,A1314,A588
att,A1314,A1023
att,A1314,A1217
att,A1314,A1781
att,A1314,A923
att,A1314,A219
att,A1314,A172
att,A1314,A47
att,A1314,A768
att,A1314,A2777
att,A1315,A1532
att,A1315,A743
att,A1315,A1584
att,A1315,A1939
att,A1315,A1262
att,A1315,A706
att,A1315,A2373
att,A1315,A1353
att,A1315,A771
att,A1315,A1507
att,A1315,A1052
att,A1325,A1891
att,A1325,A2747
att,A1325,A560
att,A1326,A2721
att,A1326,A2433
att,A1326,A1668
att,A1326,A442
att,A1326,A2564
att,A1326,A1710
att,A1326,A2213
att,A1326,A175
att,A1326,A329
att,A1326,A797
att,A1326,A965
att,A1326,A16
att,A1326,A1219
att,A1326,A691
att,A1326,A458
att,A1326,A337
att,A1326,A1788
att,A1326,A452
att,A1326,A2734
att,A1326,A68
att,A1326,A2725
att,A1326,A1625
att,A1326,A1671
att,A1328,A310
att,A1328,A2650
att,A1328,A1583
att,A1329,A2211
att,A1329,A2712
att,A1329,A2209
att,A1329,A2619
att,A1329,A1794
att,A1329,A1692
att,A1329,A1086
att,A1329,A2643
att,A1329,A1286
att,A1329,A1740
att,A1329,A974
att,A1329,A327
att,A1329,A1401
att,A1329,A2158
att,A1330,A806
att,A1330,A531
att,A1330,A2368
att,A1330,A951
att,A1330,A1435
att,A1330,A1982
att,A1330,A894
att,A1330,A2503
att,A1330,A480
att,A1330,A1965
att,A1330,A2145
att,A1330,A2424
att,A1332,A577
att,A1332,A901
att,A1332,A483
att,A1334,A954
att,A1334,A722
att,A1334,A244
att,A1334,A777
att,A1334,A1588
att,A1339,A1899
att,A1339,A2118
att,A1339,A915
att,A1339,A2169
att,A1339,A16
att,A1339,A1468
att,A1339,A2326
att,A1339,A163
att,A1339,A292
att,A1339,A118
att,A1339,A1999
att,A1339,A931
att,A1339,A98
att,A1339,A643
att,A1339,A1256
att,A1339,A875
att,A1339,A1888
att,A1339,A2746
att,A1339,A799
att,A1339,A2367
att,A1341,A129
att,A1341,A2676
att,A1341,A1674
att,A1341,A223
att,A1341,A1055
att,A1341,A1241
att,A1341,A687
att,A1341,A273
att,A1341,A711
att,A1341,A2656
att,A1341,A43
att,A1341,A19
att,A1341,A1834
att,A1341,A771
att,A1341,A980
att,A1341,A34
att,A1343,A2394
att,A1343,A2261
att,A1343,A10
att,A1343,A1366
att,A1343,A1857
att,A1343,A987
att,A1343,A2377
att,A1343,A295
att,A1343,A377
att,A1343,A2343
att,A1343,A2460
att,A1343,A742
att,A1343,A113
att,A1343,A2436
att,A1343,A1228
att,A1343,A2338
att,A1343,A1403
att,A1343,A1158
att,A1343,A2335
att,A1343,A2598
att,A1343,A2124
att,A1343,A411
att,A1343,A1317
att,A1343,A1080
att,A1344,A1855
att,A1344,A633
att,A1344,A1971
att,A1344,A2118
att,A1344,A2400
att,A1344,A1925
att,A1344,A926
att,A1344,A2512
att,A1344,A353
att,A1344,A1354
att,A1346,A919
att,A1346,A378
att,A1346,A958
att,A1346,A2183
att,A1346,A497
att,A1346,A1924
att,A1346,A2538
att,A1346,A190
att,A1346,A2659
att,A1346,A1473
att,A1346,A2253
att,A1346,A1616
att,A1346,A116
att,A1346,A310
att,A1346,A183
att,A1346,A799
att,A1346,A1095
att,A1346,A1103
att,A1346,A189
att,A1346,A2733
att,A1346,A1143
att,A1346,A2504
att,A1346,A1089
att,A1346,A1187
att,A1347,A1183
att,A1347,A2051
att,A1347,A1784
att,A1347,A2386
att,A1347,A1199
att,A1350,A983
att,A1350,A476
att,A1350,A862
att,A1350,A1001
att,A1350,A1241
att,A1350,A1829
att,A1350,A2098
att,A1350,A2129
att,A1350,A2696
att,A1350,A972
att,A1350,A2265
att,A1350,A2777
att,A1350,A41
att,A1350,A231
att,A1350,A66
att,A1350,A2636
att,A1350,A692
att,A1350,A1449
att,A1350,A1012
att,A1350,A1559
att,A1350,A2163
att,A1350,A2342
att,A1350,A1353
att,A1350,A2639
att,A1350,A2733
att,A1354,A271
att,A1354,A1795
att,A1354,A1303
att,A1354,A415
att,A1354,A2347
att,A1354,A2311
att,A1354,A1636
att,A1354,A343
att,A1354,A1351
att,A1354,A1019
att,A1354,A963
att,A1354,A1130
att,A1354,A2475
att,A1354,A2428
att,A1354,A27
att,A1354,A1298
att,A1354,A1969
att,A1354,A1621
att,A1356,A756
att,A1356,A2682
att,A1356,A2674
att,A1356,A1385
att,A1356,A150
att,A1356,A532
att,A1356,A487
att,A1356,A2117
att,A1356,A1010
att,A1356,A318
att,A1356,A1631
att,A1356,A1558
att,A1356,A2262
att,A1356,A1706
att,A1356,A1440
att,A1356,A1865
att,A1356,A2056
att,A1356,A2299
att,A1356,A1695
att,A1356,A2716
att,A1357,A1137
att,A1357,A583
att,A1357,A396
att,A1357,A2315
att,A1357,A1049
att,A1357,A1795
att,A1357,A1912
att,A1357,A2050
att,A1357,A1301
att,A1357,A212
att,A1357,A1101
att,A1357,A652
att,A1357,A159
att,A1357,A892
att,A1357,A2618
att,A1357,A1297
att,A1357,A1524
att,A1360,A816
att,A1360,A798
att,A1360,A850
att,A1360,A559
att,A1360,A1838
att,A1360,A866
att,A1360,A1219
att,A1360,A698
att,A1360,A938
att,A1362,A1707
att,A1362,A328
att,A1362,A1903
att,A1362,A94
att,A1362,A1677
att,A1362,A2156
att,A1362,A1931
att,A1362,A1767
att,A1362,A226
att,A1362,A668
att,A1362,A866
att,A1362,A2640
att,A1362,A2509
att,A1362,A1087
att,A1362,A1997
att,A1362,A1276
att,A1362,A2357
att,A1362,A1645
att,A1362,A888
att,A1362,A1461
att,A1364,A1428
att,A1364,A1432
att,A1364,A2197
att,A1364,A1431
att,A1364,A239
att,A1364,A1607
att,A1364,A946
att,A1365,A2646
att,A1365,A1880
att,A1365,A1006
att,A1365,A328
att,A1365,A1114
att,A1365,A397
att,A1365,A2189
att,A1365,A510
att,A1365,A2583
att,A1365,A825
att,A1365,A1689
att,A1365,A289
att,A1365,A1289
att,A1365,A1396
att,A1365,A1352
att,A1365,A2194
att,A1365,A1126
att,A1365,A2772
att,A1365,A1507
att,A1365,A2184
att,A1365,A2185
att,A1365,A1133
att,A1365,A1091
att,A1365,A2400
att,A1366,A900
att,A1366,A1967
att,A1366,A828
att,A1366,A411
att,A1366,A641
att,A1366,A2453
att,A1366,A1186
att,A1367,A2387
att,A1367,A915
att,A1367,A2070
att,A1367,A2798
att,A1367,A279
att,A1367,A2694
att,A1368,A1290
att,A1368,A2146
att,A1368,A714
att,A1369,A1080
att,A1369,A1059
att,A1370,A680
att,A1370,A1773
att,A1370,A110
att,A1370,A2058
att,A1372,A2524
att,A1372,A1581
att,A1372,A1120
att,A1372,A1642
att,A1372,A1278
att,A1372,A1127
att,A1372,A979
att,A1372,A2191
att,A1372,A466
att,A1372,A1549
att,A1372,A2234
att,A1372,A792
att,A1372,A776
att,A1372,A732
att,A1372,A1058
att,A1377,A1994
att,A1377,A201
att,A1377,A1437
att,A1377,A479
att,A1377,A1422
att,A1377,A473
att,A1377,A530
att,A1377,A1003
att,A1377,A807
att,A1377,A1716
att,A1377,A1747
att,A1377,A1154
att,A1377,A1333
att,A1378,A1707
att,A1378,A149
att,A1378,A971
att,A1378,A1785
att,A1378,A844
att,A1378,A657
att,A1378,A2542
att,A1378,A373
att,A1378,A399
att,A1378,A1552
att,A1378,A1789
att,A1378,A476
att,A1378,A660
att,A1378,A1399
att,A1378,A2190
att,A1378,A280
att,A1378,A1587
att,A1378,A2229
att,A1378,A2201
att,A1378,A454
att,A1378,A2646
att,A1378,A2386
att,A1378,A855
att,A1379,A1212
att,A1379,A858
att,A1379,A1049
att,A1380,A2241
att,A1380,A986
att,A1380,A1799
att,A1380,A1545
att,A1380,A467
att,A1380,A2692
att,A1380,A2672
att,A1383,A2031
att,A1383,A2595
att,A1383,A1079
att,A1383,A2367
att,A1383,A98
att,A1383,A1623
att,A1383,A1202
att,A1383,A2487
att,A1383,A2345
att,A1383,A605
att,A1383,A1437
att,A1383,A2499
att,A1383,A2066
att,A1383,A338
att,A1383,A2399
att,A1383,A981
att,A1383,A2308
att,A1383,A1102
att,A1383,A2512
att,A1383,A2278
att,A1383,A530
att,A1383,A1557
att,A1383,A1028
att,A1383,A2671
att,A1384,A2504
att,A1387,A1662
att,A1387,A66
att,A1387,A722
att,A1387,A864
att,A1387,A291
att,A1387,A822
att,A1387,A2501
att,A1387,A1888
att,A1387,A2200
att,A1387,A489
att,A1387,A2548
att,A1387,A2259
att,A1387,A375
att,A1387,A1759
att,A1387,A2164
att,A1387,A1399
att,A1387,A197
att,A1387,A2776
att,A1387,A537
att,A1387,A485
att,A1387,A1845
att,A1388,A651
att,A1388,A977
att,A1390,A2283
att,A1390,A1468
att,A1390,A871
att,A1390,A2551
att,A1390,A683
att,A1390,A606
att,A1390,A2330
att,A1390,A2504
att,A1390,A2689
att,A1390,A36
att,A1390,A1189
att,A1390,A729
att,A1390,A381
att,A1390,A714
att,A1390,A1503
att,A1390,A1949
att,A1390,A2299
att,A1390,A31
att,A1390,A1390
att,A1390,A256
att,A1390,A1024
att,A1390,A265
att,A1390,A1697
att,A1390,A1366
att,A1390,A182
att,A1390,A2382
att,A1390,A1647
att,A1390,A1229
att,A1390,A512
att,A1393,A2324
att,A1393,A1578
att,A1393,A210
att,A1393,A800
att,A1393,A1654
att,A1393,A495
att,A1393,A2211
att,A1393,A2732
att,A1393,A1313
att,A1393,A1064
att,A1393,A1792
att,A1393,A520
att,A1393,A2328
att,A1393,A549
att,A1393,A875
att,A1393,A1542
att,A1393,A1603
att,A1393,A853
att,A1393,A2193
att,A1393,A198
att,A1393,A764
att,A1393,A506
att,A1394,A2701
att,A1394,A721
att,A1394,A2010
att,A1394,A1145
att,A1394,A717
att,A1394,A1902
att,A1394,A1661
att,A1394,A666
att,A1394,A1702
att,A1394,A2223
att,A1394,A1694
att,A1394,A1973
att,A1394,A2755
att,A1395,A1338
att,A1395,A1312
att,A1395,A1446
att,A1395,A2615
att,A1395,A2111
att,A1395,A975
att,A1395,A1723
att,A1395,A2469
att,A1395,A1766
att,A1395,A569
att,A1395,A1315
att,A1395,A2059
att,A1395,A295
att,A1395,A1381
att,A1395,A2585
att,A1396,A2062
att,A1396,A1837
att,A1396,A1075
att,A1396,A875
att,A1396,A2256
att,A1396,A1792
att,A1396,A2131
att,A1396,A2730
att,A1396,A550
att,A1396,A2115
att,A1396,A1879
att,A1396,A506
att,A1396,A416
att,A1396,A433
att,A1396,A2082
att,A1396,A257
att,A1396,A1503
att,A1396,A915
att,A1396,A2113
att,A1396,A1530
att,A1396,A2441
att,A1396,A1808
att,A1396,A1931
att,A1396,A1541
att,A1396,A2771
att,A1397,A698
att,A1397,A390
att,A1397,A2516
att,A1397,A558
att,A1397,A941
att,A1397,A1791
att,A1397,A559
att,A1397,A1735
att,A1397,A1701
att,A1399,A1017
att,A1399,A327
att,A1399,A934
att,A1399,A2378
att,A1399,A1505
att,A1399,A1286
att,A1399,A1068
att,A1399,A872
att,A1399,A1368
att,A1399,A1382
att,A1399,A2452
att,A1399,A950
att,A1399,A445
att,A1399,A1710
att,A1399,A2244
att,A1399,A101
att,A1399,A1766
att,A1399,A892
att,A1399,A557
att,A1399,A641
att,A1399,A1179
att,A1400,A1403
att,A1400,A1775
att,A1400,A161
att,A1400,A1435
att,A1400,A6
att,A1400,A1460
att,A1400,A741
att,A1400,A794
att,A1400,A8
att,A1400,A2526
att,A1400,A2584
att,A1400,A197
att,A1400,A2285
att,A1400,A1153
att,A1400,A2217
att,A1400,A2688
att,A1400,A1995
att,A1403,A1744
att,A1403,A1058
att,A1403,A1682
att,A1403,A2110
att,A1403,A117
att,A1403,A1075
att,A1406,A1187
att,A1406,A1496
att,A1406,A1963
att,A1406,A1843
att,A1406,A431
att,A1406,A1575
att,A1406,A1964
att,A1406,A1319
att,A1406,A1417
att,A1406,A1291
att,A1406,A197
att,A1406,A797
att,A1408,A2035
att,A1408,A1939
att,A1408,A592
att,A1408,A718
att,A1408,A2730
att,A1408,A538
att,A1408,A181
att,A1408,A178
att,A1408,A1544
att,A1408,A520
att,A1409,A2654
att,A1409,A2333
att,A1409,A1446
att,A1409,A2585
att,A1409,A498
att,A1409,A2099
att,A1409,A1548
att,A1409,A59
att,A1409,A516
att,A1409,A1928
att,A1409,A1670
att,A1412,A1257
att,A1412,A902
att,A1412,A1617
att,A1412,A1269
att,A1412,A1122
att,A1414,A115
att,A1414,A772
att,A1414,A1189
att,A1414,A1732
att,A1414,A2137
att,A1414,A2300
att,A1416,A868
att,A1416,A1465
att,A1416,A138
att,A1416,A401
att,A1416,A664
att,A1416,A1042
att,A1416,A1761
att,A1416,A1898
att,A1417,A1945
att,A1417,A550
att,A1417,A1228
att,A1417,A1959
att,A1417,A850
att,A1417,A1295
att,A1417,A798
att,A1417,A1365
att,A1417,A1836
att,A1418,A926
att,A1418,A307
att,A1418,A2278
att,A1418,A1686
att,A1418,A819
att,A1418,A2194
att,A1418,A90
att,A1418,A212
att,A1418,A248
att,A1418,A2636
att,A1418,A1890
att,A1418,A2342
att,A1418,A1328
att,A1418,A1530
att,A1418,A2653
att,A1418,A1255
att,A1418,A1120
att,A1418,A2658
att,A1419,A2441
att,A1419,A823
att,A1419,A968
att,A1419,A1353
att,A1419,A2362
att,A1419,A2610
att,A1419,A2183
att,A1419,A1401
att,A1419,A173
att,A1419,A1064
att,A1419,A2414
att,A1419,A2192
att,A1419,A2178
att,A1419,A2145
att,A1419,A842
att,A1419,A1010
att,A1419,A1564
att,A1419,A1068
att,A1420,A1047
att,A1420,A175
att,A1420,A2644
att,A1420,A1848
att,A1420,A804
att,A1420,A1776
att,A1420,A1477
att,A1420,A70
att,A1420,A77
att,A1420,A2370
att,A1420,A795
att,A1420,A1970
att,A1420,A2590
att,A1420,A815
att,A1420,A2638
att,A1420,A271
att,A1420,A1460
att,A1420,A748
att,A1420,A1595
att,A1420,A2040
att,A1420,A315
att,A1421,A2367
att,A1421,A382
att,A1421,A1393
att,A1421,A1900
att,A1421,A1742
att,A1421,A1113
att,A1421,A1013
att,A1421,A3
att,A1421,A219
att,A1421,A74
att,A1421,A2282
att,A1421,A1379
att,A1421,A1425
att,A1421,A884
att,A1421,A2712
att,A1421,A620
att,A1421,A1058
att,A1421,A29
att,A1421,A2096
att,A1421,A718
att,A1421,A832
att,A1421,A1964
att,A1423,A1111
att,A1426,A1407
att,A1426,A1752
att,A1426,A2030
att,A1426,A1978
att,A1426,A983
att,A1426,A89
att,A1426,A2001
att,A1426,A1616
att,A1433,A627
att,A1433,A1225
att,A1433,A1886
att,A1433,A1014
att,A1433,A687
att,A1438,A1583
att,A1438,A842
att,A1442,A575
att,A1442,A340
att,A1442,A1027
att,A1442,A1948
att,A1442,A1926
att,A1442,A1353
att,A1442,A834
att,A1442,A1644
att,A1442,A970
att,A1442,A2258
att,A1442,A61
att,A1442,A921
att,A1442,A1531
att,A1444,A1333
att,A1444,A120
att,A1444,A1109
att,A1444,A2371
att,A1444,A23
att,A1444,A1059
att,A1444,A1506
att,A1444,A1962
att,A1444,A507
att,A1444,A1800
att,A1444,A534
att,A1444,A947
att,A1444,A2281
att,A1444,A891
att,A1444,A351
att,A1444,A116
att,A1444,A2749
att,A1444,A2503
att,A1444,A1563
att,A1444,A1037
att,A1444,A1575
att,A1445,A1779
att,A1445,A1986
att,A1445,A1971
att,A1445,A1191
att,A1445,A743
att,A1445,A2165
att,A1446,A1095
att,A1446,A1015
att,A1446,A1729
att,A1446,A264
att,A1446,A124
att,A1446,A2075
att,A1446,A2566
att,A1446,A2695
att,A1447,A2564
att,A1447,A1172
att,A1447,A376
att,A1448,A1096
att,A1448,A919
att,A1448,A1944
att,A1448,A213
att,A1448,A141
att,A1448,A321
att,A1448,A299
att,A1448,A1558
att,A1448,A2316
att,A1448,A818
att,A1448,A778
att,A1448,A1198
att,A1448,A1573
att,A1448,A330
att,A1448,A1833
att,A1448,A1553
att,A1448,A2453
att,A1448,A2545
att,A1448,A1560
att,A1448,A2390
att,A1451,A2026
att,A1451,A2675
att,A1451,A2417
att,A1451,A630
att,A1452,A1635
att,A1452,A1969
att,A1452,A2615
att,A1452,A1054
att,A1452,A2489
att,A1452,A502
att,A1452,A2237
att,A1452,A1095
att,A1452,A2535
att,A1452,A2457
att,A1452,A1026
att,A1452,A2571
att,A1452,A1153
att,A1455,A2701
att,A1455,A1642
att,A1455,A2662
att,A1455,A718
att,A1455,A363
att,A1455,A115
att,A1455,A1609
att,A1459,A892
att,A1459,A907
att,A1459,A2493
att,A1459,A1060
att,A1459,A1995
att,A1459,A1479
att,A1459,A2771
att,A1459,A1169
att,A1459,A1619
att,A1460,A666
att,A1460,A2151
att,A1460,A908
att,A1460,A1398
att,A1460,A275
att,A1460,A1061
att,A1460,A1658
att,A1460,A1866
att,A1460,A1976
att,A1460,A1275
att,A1460,A2017
att,A1460,A1965
att,A1460,A1767
att,A1460,A767
att,A1460,A2309
att,A1460,A1570
att,A1460,A71
att,A1460,A2338
att,A1460,A1755
att,A1460,A1949
att,A1460,A318
att,A1460,A2260
att,A1460,A2636
att,A1460,A2236
att,A1460,A950
att,A1461,A1204
att,A1461,A1183
att,A1461,A450
att,A1461,A788
att,A1461,A1569
att,A1461,A2189
att,A1461,A311
att,A1461,A2082
att,A1461,A324
att,A1461,A855
att,A1461,A301
att,A1461,A320
att,A1461,A901
att,A1461,A2103
att,A1461,A358
att,A1461,A459
att,A1461,A2570
att,A1461,A2694
att,A1461,A560
att,A1461,A1727
att,A1461,A1790
att,A1462,A850
att,A1462,A347
att,A1462,A2703
att,A1462,A1160
att,A1462,A1394
att,A1462,A97
att,A1462,A1252
att,A1462,A2796
att,A1462,A2740
att,A1462,A1666
att,A1462,A2230
att,A1462,A768
att,A1462,A641
att,A1462,A721
att,A1462,A21
att,A1462,A1734
att,A1462,A1320
att,A1462,A708
att,A1462,A2616
att,A1462,A2304
att,A1462,A1795
att,A1462,A1674
att,A1462,A1805
att,A1462,A52
att,A1463,A2043
att,A1464,A798
att,A1464,A357
att,A1464,A2492
att,A1464,A1477
att,A1464,A2287
att,A1464,A2100
att,A1464,A1950
att,A1464,A1642
att,A1464,A1148
att,A1464,A2743
att,A1464,A1651
att,A1464,A2070
att,A1464,A2421
att,A1464,A69
att,A1465,A1755
att,A1465,A2774
att,A1465,A1297
att,A1465,A680
att,A1465,A679
att,A1465,A92
att,A1465,A1902
att,A1465,A1002
att,A1465,A632
att,A1465,A1348
att,A1465,A1453
att,A1465,A961
att,A1465,A892
att,A1465,A446
att,A1465,A1021
att,A1465,A4
att,A1465,A1394
att,A1465,A1062
att,A1465,A2083
att,A1465,A923
att,A1465,A276
att,A1465,A1968
att,A1465,A948
att,A1465,A683
att,A1465,A1196
att,A1465,A2183
att,A1465,A1512
att,A1465,A1722
att,A1465,A1637
att,A1465,A270
att,A1465,A2379
att,A1466,A2309
att,A1466,A1117
att,A1466,A1139
att,A1466,A2386
att,A1466,A1630
att,A1466,A476
att,A1467,A671
att,A1467,A2258
att,A1467,A1570
att,A1467,A618
att,A1467,A1159
att,A1467,A847
att,A1467,A147
att,A1467,A2625
att,A1467,A2658
att,A1467,A2420
att,A1467,A1003
att,A1467,A281
att,A1467,A1290
att,A1469,A1716
att,A1469,A2279
att,A1469,A749
att,A1469,A1779
att,A1469,A1038
att,A1469,A52
att,A1469,A2038
att,A1469,A2247
att,A1470,A17
att,A1470,A480
att,A1470,A956
att,A1470,A2365
att,A1470,A1925
att,A1470,A734
att,A1470,A2113
att,A1470,A2548
att,A1470,A1306
att,A1470,A2772
att,A1470,A1974
att,A1470,A1225
att,A1470,A1388
att,A1470,A211
att,A1470,A279
att,A1470,A434
att,A1470,A958
att,A1470,A1554
att,A1470,A2218
att,A1470,A437
att,A1470,A2579
att,A1470,A1454
att,A1470,A82
att,A1470,A2529
att,A1470,A2764
att,A1470,A1789
att,A1470,A2174
att,A1470,A2517
att,A1470,A1476
att,A1470,A1014
att,A1470,A2320
att,A1471,A2272
att,A1471,A1927
att,A1471,A730
att,A1471,A32
att,A1471,A2160
att,A1471,A861
att,A1471,A2789
att,A1471,A2266
att,A1471,A2022
att,A1471,A2497
att,A1471,A2312
att,A1471,A1607
att,A1471,A1359
att,A1471,A1223
att,A1471,A24
att,A1471,A2105
att,A1471,A1984
att,A1471,A1481
att,A1471,A2551
att,A1471,A484
att,A1471,A1469
att,A1471,A1342
att,A1471,A1384
att,A1471,A2088
att,A1471,A894
att,A1471,A1024
att,A1471,A2273
att,A1475,A390
att,A1475,A705
att,A1475,A853
att,A1475,A1611
att,A1475,A1041
att,A1475,A695
att,A1475,A1034
att,A1475,A1957
att,A1475,A217
att,A1476,A368
att,A1476,A2141
att,A1476,A583
att,A1476,A1589
att,A1476,A189
att,A1476,A2470
att,A1476,A1990
att,A1476,A1616
att,A1476,A716
att,A1476,A788
att,A1476,A1645
att,A1476,A533
att,A1476,A2580
att,A1476,A2618
att,A1476,A1679
att,A1476,A2381
att,A1476,A91
att,A1476,A866
att,A1477,A244
att,A1477,A1915
att,A1477,A495
att,A1477,A2609
att,A1477,A2551
att,A1477,A1628
att,A1477,A2524
att,A1477,A520
att,A1477,A1826
att,A1477,A146
att,A1477,A2088
att,A1477,A1365
att,A1477,A506
att,A1479,A395
att,A1479,A807
att,A1479,A2439
att,A1479,A1903
att,A1479,A786
att,A1479,A2414
att,A1479,A750
att,A1479,A976
att,A1479,A2180
att,A1479,A1231
att,A1479,A874
att,A1479,A191
att,A1479,A4
att,A1479,A2388
att,A1479,A449
att,A1479,A130
att,A1479,A7
att,A1479,A153
att,A1479,A773
att,A1479,A82
att,A1479,A1747
att,A1480,A567
att,A1480,A1460
att,A1480,A1007
att,A1480,A261
att,A1480,A1839
att,A1480,A788
att,A1480,A1391
att,A1480,A239
att,A1480,A2235
att,A1480,A531
att,A1480,A781
att,A1480,A2072
att,A1481,A306
att,A1481,A49
att,A1481,A911
att,A1481,A2781
att,A1481,A2123
att,A1481,A708
att,A1481,A485
att,A1481,A1852
att,A1481,A405
att,A1481,A2656
att,A1481,A375
att,A1481,A2466
att,A1481,A908
att,A1481,A619
att,A1482,A2121
att,A1482,A740
att,A1482,A1958
att,A1482,A114
att,A1482,A2347
att,A1482,A1790
att,A1482,A904
att,A1482,A1064
att,A1482,A370
att,A1482,A667
att,A1482,A760
att,A1482,A723
att,A1482,A1281
att,A1482,A1738
att,A1482,A1075
att,A1482,A1693
att,A1482,A741
att,A1482,A2729
att,A1483,A326
att,A1483,A1721
att,A1483,A2745
att,A1483,A2790
att,A1483,A1552
att,A1483,A410
att,A1483,A683
att,A1483,A526
att,A1483,A1031
att,A1483,A1047
att,A1483,A355
att,A1483,A886
att,A1483,A1072
att,A1483,A1064
att,A1483,A1866
att,A1483,A139
att,A1483,A972
att,A1484,A450
att,A1484,A2210
att,A1484,A2656
att,A1484,A35
att,A1484,A1328
att,A1484,A1989
att,A1484,A652
att,A1484,A1752
att,A1484,A1705
att,A1484,A611
att,A1484,A2246
att,A1484,A509
att,A1484,A2581
att,A1484,A1607
att,A1484,A2585
att,A1484,A2798
att,A1484,A299
att,A1484,A2288
att,A1484,A946
att,A1485,A628
att,A1485,A1450
att,A1485,A1985
att,A1485,A2249
att,A1485,A623
att,A1485,A703
att,A1487,A2189
att,A1487,A764
att,A1487,A215
att,A1487,A598
att,A1487,A502
att,A1487,A2665
att,A1487,A901
att,A1487,A1120
att,A1487,A2000
att,A1487,A1177
att,A1487,A62
att,A1487,A1764
att,A1487,A819
att,A1487,A539
att,A1487,A2689
att,A1489,A1458
att,A1489,A1366
att,A1489,A392
att,A1489,A2405
att,A1489,A2423
att,A1489,A987
att,A1489,A148
att,A1489,A786
att,A1489,A2739
att,A1489,A1969
att,A1489,A941
att,A1489,A60
att,A1489,A1628
att,A1489,A1931
att,A1489,A2738
att,A1489,A719
att,A1489,A2376
att,A1489,A769
att,A1494,A189
att,A1494,A2331
att,A1494,A779
att,A1494,A2525
att,A1494,A1818
att,A1494,A1627
att,A1494,A151
att,A1494,A2307
att,A1494,A2535
att,A1494,A2640
att,A1494,A2280
att,A1494,A1734
att,A1494,A326
att,A1494,A2051
att,A1496,A2649
att,A1496,A1375
att,A1496,A2594
att,A1496,A467
att,A1496,A1966
att,A1496,A263
att,A1496,A535
att,A1496,A2114
att,A1496,A2136
att,A1496,A2689
att,A1496,A1931
att,A1496,A896
att,A1496,A1228
att,A1496,A2485
att,A1496,A2460
att,A1496,A2013
att,A1501,A505
att,A1501,A1663
att,A1501,A1423
att,A1501,A185
att,A1501,A358
att,A1501,A1629
att,A1501,A1833
att,A1501,A2794
att,A1501,A848
att,A1501,A624
att,A1501,A129
att,A1503,A120
att,A1503,A2190
att,A1503,A1490
att,A1506,A2555
att,A1506,A1953
att,A1506,A2224
att,A1506,A803
att,A1506,A792
att,A1506,A1451
att,A1506,A2293
att,A1506,A1039
att,A1506,A291
att,A1506,A1766
att,A1506,A1761
att,A1506,A162
att,A1506,A1981
att,A1506,A95
att,A1506,A1680
att,A1506,A2505
att,A1508,A606
att,A1508,A2061
att,A1508,A1089
att,A1508,A627
att,A1508,A1886
att,A1508,A1691
att,A1508,A183
att,A1509,A1267
att,A1509,A2663
att,A1509,A545
att,A1509,A192
att,A1509,A2219
att,A1509,A858
att,A1509,A809
att,A1509,A1986
att,A1509,A1058
att,A1509,A2659
att,A1509,A1921
att,A1509,A698
att,A1509,A2423
att,A1509,A1979
att,A1509,A2132
att,A1509,A1519
att,A1509,A235
att,A1510,A979
att,A1510,A1643
att,A1510,A2407
att,A1510,A1824
att,A1510,A735
att,A1510,A872
att,A1511,A2662
att,A1511,A2190
att,A1511,A286
att,A1511,A2075
att,A1511,A1426
att,A1511,A1960
att,A1511,A2525
att,A1511,A879
att,A1511,A2350
att,A1511,A1268
att,A1511,A550
att,A1511,A2066
att,A1511,A2791
att,A1511,A2242
att,A1511,A1202
att,A1511,A2140
att,A1511,A143
att,A1511,A2338
att,A1511,A570
att,A1511,A2675
att,A1511,A2461
att,A1511,A2181
att,A1513,A1882
att,A1513,A2267
att,A1513,A493
att,A1513,A396
att,A1513,A1995
att,A1513,A389
att,A1513,A2155
att,A1513,A2132
att,A1513,A1459
att,A1513,A2526
att,A1513,A1372
att,A1513,A636
att,A1513,A191
att,A1513,A1062
att,A1513,A1281
att,A1513,A630
att,A1513,A596
att,A1513,A1068
att,A1513,A569
att,A1514,A408
att,A1514,A852
att,A1514,A147
att,A1514,A1920
att,A1514,A1071
att,A1514,A565
att,A1514,A2796
att,A1514,A1547
att,A1515,A1197
att,A1515,A2657
att,A1515,A2193
att,A1515,A2748
att,A1515,A2182
att,A1515,A1098
att,A1515,A491
att,A1515,A142
att,A1515,A1864
att,A1515,A1049
att,A1515,A2525
att,A1515,A1879
att,A1515,A815
att,A1515,A2459
att,A1516,A295
att,A1516,A517
att,A1516,A2385
att,A1516,A2338
att,A1518,A1414
att,A1518,A1235
att,A1518,A217
att,A1518,A711
att,A1518,A1670
att,A1518,A393
att,A1519,A1609
att,A1519,A532
att,A1519,A2393
att,A1519,A1853
att,A1519,A1232
att,A1519,A494
att,A1519,A2271
att,A1519,A2612
att,A1519,A2623
att,A1519,A861
att,A1520,A769
att,A1520,A320
att,A1520,A1510
att,A1520,A2663
att,A1520,A61
att,A1520,A1576
att,A1520,A1106
att,A1520,A2434
att,A1520,A1045
att,A1520,A1980
att,A1520,A7
att,A1520,A102
att,A1520,A689
att,A1520,A2578
att,A1520,A2056
att,A1520,A2503
att,A1521,A275
att,A1521,A2049
att,A1524,A1454
att,A1524,A1695
att,A1524,A825
att,A1524,A245
att,A1524,A1133
att,A1524,A1898
att,A1524,A312
att,A1524,A894
att,A1524,A2602
att,A1524,A2008
att,A1524,A1778
att,A1524,A1838
att,A1524,A2061
att,A1524,A2546
att,A1524,A2458
att,A1524,A1490
att,A1524,A1751
att,A1524,A2593
att,A1524,A2354
att,A1526,A1826
att,A1526,A803
att,A1526,A1431
att,A1526,A263
att,A1526,A764
att,A1526,A2347
att,A1529,A1836
att,A1529,A2028
att,A1529,A986
att,A1529,A137
att,A1529,A1524
att,A1529,A591
att,A1529,A1570
att,A1529,A656
att,A1529,A337
att,A1529,A2531
att,A1529,A2333
att,A1529,A326
att,A1529,A2133
att,A1529,A1742
att,A1529,A2566
att,A1529,A1108
att,A1529,A2551
att,A1529,A1518
att,A1534,A238
att,A1534,A1749
att,A1534,A1042
att,A1534,A1784
att,A1534,A1852
att,A1534,A1648
att,A1534,A1106
att,A1534,A926
att,A1534,A2474
att,A1534,A2746
att,A1534,A2589
att,A1534,A438
att,A1534,A1874
att,A1534,A707
att,A1534,A2161
att,A1534,A2427
att,A1535,A882
att,A1535,A2574
att,A1537,A1790
att,A1537,A1623
att,A1541,A44
att,A1541,A534
att,A1541,A648
att,A1541,A762
att,A1541,A1446
att,A1541,A358
att,A1541,A1770
att,A1541,A1493
att,A1541,A2697
att,A1541,A324
att,A1541,A1143
att,A1541,A437
att,A1541,A1510
att,A1541,A1354
att,A1541,A926
att,A1541,A2642
att,A1541,A2058
att,A1541,A345
att,A1541,A2603
att,A1541,A1873
att,A1541,A448
att,A1542,A2449
att,A1542,A2262
att,A1542,A1932
att,A1542,A1601
att,A1542,A639
att,A1542,A1468
att,A1542,A129
att,A1542,A925
att,A1542,A2253
att,A1542,A1148
att,A1542,A2798
att,A1542,A1475
att,A1542,A2354
att,A1542,A947
att,A1542,A1111
att,A1542,A1936
att,A1542,A3
att,A1542,A2257
att,A1542,A2419
att,A1542,A1481
att,A1542,A262
att,A1543,A2484
att,A1543,A2316
att,A1543,A1615
att,A1543,A1956
att,A1543,A310
att,A1543,A1024
att,A1543,A166
att,A1543,A1321
att,A1543,A420
att,A1543,A1229
att,A1543,A2432
att,A1543,A740
att,A1543,A160
att,A1543,A1817
att,A1543,A2788
att,A1543,A1307
att,A1543,A2090
att,A1544,A1098
att,A1544,A844
att,A1544,A694
att,A1544,A1439
att,A1544,A2720
att,A1544,A851
att,A1544,A1858
att,A1544,A204
att,A1544,A2127
att,A1544,A255
att,A1544,A2476
att,A1544,A486
att,A1544,A2058
att,A1546,A611
att,A1546,A739
att,A1546,A2782
att,A1546,A2343
att,A1546,A1563
att,A1546,A64
att,A1546,A1658
att,A1546,A542
att,A1546,A608
att,A1546,A981
att,A1546,A268
att,A1546,A816
att,A1546,A2799
att,A1546,A2216
att,A1546,A1876
att,A1546,A2246
att,A1546,A1053
att,A1546,A342
att,A1546,A2713
att,A1548,A2442
att,A1548,A2032
att,A1548,A1808
att,A1548,A2071
att,A1548,A780
att,A1548,A2739
att,A1548,A1727
att,A1548,A401
att,A1548,A1018
att,A1548,A1191
att,A1548,A772
att,A1550,A926
att,A1550,A2169
att,A1550,A608
att,A1550,A855
att,A1550,A1790
att,A1550,A2306
att,A1550,A2349
att,A1550,A562
att,A1550,A989
att,A1552,A1787
att,A1552,A1988
att,A1552,A430
att,A1552,A810
att,A1552,A544
att,A1552,A1412
att,A1552,A2065
att,A1552,A1634
att,A1553,A2597
att,A1553,A663
att,A1553,A889
att,A1553,A786
att,A1555,A1365
att,A1555,A1452
att,A1555,A1532
att,A1555,A1446
att,A1555,A2757
att,A1555,A2685
att,A1555,A2261
att,A1559,A2009
att,A1559,A1923
att,A1559,A2087
att,A1559,A2103
att,A1559,A1406
att,A1559,A1814
att,A1559,A29
att,A1560,A2719
att,A1560,A2661
att,A1560,A190
att,A1560,A745
att,A1560,A1138
att,A1560,A19
att,A1560,A1180
att,A1560,A663
att,A1560,A2063
att,A1560,A2466
att,A1560,A2590
att,A1560,A2231
att,A1560,A1467
att,A1560,A143
att,A1560,A1346
att,A1560,A841
att,A1560,A1281
att,A1560,A1890
att,A1560,A81
att,A1560,A1246
att,A1560,A782
att,A1560,A2734
att,A1566,A2340
att,A1566,A32
att,A1566,A2697
att,A1566,A2603
att,A1566,A2796
att,A1566,A1234
att,A1566,A204
att,A1566,A2220
att,A1566,A467
att,A1566,A1820
att,A1566,A403
att,A1566,A580
att,A1566,A1697
att,A1566,A49
att,A1566,A2784
att,A1566,A2578
att,A1566,A1214
att,A1567,A39
att,A1567,A672
att,A1567,A191
att,A1567,A1471
att,A1567,A2536
att,A1567,A1846
att,A1567,A789
att,A1567,A2786
att,A1567,A385
att,A1567,A240
att,A1567,A408
att,A1567,A1590
att,A1567,A1774
att,A1567,A1595
att,A1567,A905
att,A1567,A2190
att,A1567,A2524
att,A1567,A1101
att,A1567,A522
att,A1571,A2080
att,A1571,A2614
att,A1571,A214
att,A1571,A755
att,A1571,A2580
att,A1571,A507
att,A1571,A1326
att,A1572,A283
att,A1572,A923
att,A1572,A12
att,A1572,A1650
att,A1572,A2764
att,A1572,A1125
att,A1572,A246
att,A1572,A1733
att,A1574,A2417
att,A1574,A443
att,A1574,A2743
att,A1574,A2079
att,A1574,A2231
att,A1574,A567
att,A1574,A1576
att,A1574,A1175
att,A1574,A2651
att,A1574,A1209
att,A1574,A1182
att,A1574,A1973
att,A1574,A1330
att,A1574,A1672
att,A1574,A73
att,A1575,A1494
att,A1575,A1765
att,A1575,A1782
att,A1575,A1848
att,A1575,A1193
att,A1575,A160
att,A1575,A2319
att,A1575,A517
att,A1575,A373
att,A1576,A567
att,A1576,A894
att,A1576,A1664
att,A1576,A528
att,A1576,A1838
att,A1576,A197
att,A1576,A1554
att,A1576,A2224
att,A1576,A2442
att,A1576,A11
att,A1576,A1525
att,A1576,A2147
att,A1577,A40
att,A1577,A1877
att,A1577,A269
att,A1577,A2419
att,A1577,A2026
att,A1581,A1625
att,A1581,A2220
att,A1581,A2686
att,A1581,A2531
att,A1581,A857
att,A1581,A1001
att,A1581,A666
att,A1581,A1212
att,A1581,A1901
att,A1581,A38
att,A1581,A1429
att,A1581,A1557
att,A1581,A481
att,A1581,A1371
att,A1583,A1534
att,A1583,A2440
att,A1583,A935
att,A1583,A1174
att,A1583,A127
att,A1585,A1089
att,A1585,A657
att,A1585,A521
att,A1585,A1965
att,A1586,A167
att,A1586,A91
att,A1586,A2343
att,A1586,A2244
att,A1586,A2394
att,A1586,A691
att,A1586,A173
att,A1586,A893
att,A1586,A239
att,A1586,A408
att,A1586,A2576
att,A1586,A855
att,A1586,A1734
att,A1586,A1482
att,A1586,A902
att,A1586,A1893
att,A1586,A460
att,A1586,A2345
att,A1586,A159
att,A1586,A1835
att,A1586,A1065
att,A1586,A1745
att,A1586,A1286
att,A1587,A2055
att,A1587,A339
att,A1587,A2286
att,A1587,A867
att,A1587,A2646
att,A1587,A1976
att,A1587,A499
att,A1587,A373
att,A1587,A1578
att,A1587,A2564
att,A1587,A1240
att,A1587,A2083
att,A1587,A1412
att,A1587,A2217
att,A1587,A1280
att,A1589,A846
att,A1589,A1267
att,A1589,A620
att,A1589,A2090
att,A1589,A2410
att,A1589,A347
att,A1589,A2575
att,A1589,A2150
att,A1589,A2420
att,A1589,A925
att,A1589,A258
att,A1589,A1314
att,A1589,A1249
att,A1589,A1320
att,A1589,A343
att,A1589,A1959
att,A1589,A445
att,A1589,A2698
att,A1592,A149
att,A1592,A2530
att,A1592,A321
att,A1592,A2030
att,A1592,A1784
att,A1592,A165
att,A1592,A2014
att,A1592,A2063
att,A1592,A1419
att,A1592,A145
att,A1592,A1551
att,A1592,A2163
att,A1592,A1590
att,A1592,A297
att,A1592,A2175
att,A1592,A1371
att,A1592,A24
att,A1594,A2394
att,A1594,A1983
att,A1594,A2175
att,A1594,A283
att,A1594,A1002
att,A1594,A2712
att,A1594,A1025
att,A1594,A588
att,A1594,A336
att,A1594,A502
att,A1594,A658
att,A1594,A0
att,A1594,A372
att,A1594,A80
att,A1594,A1572
att,A1594,A1436
att,A1594,A413
att,A1594,A421
att,A1594,A145
att,A1594,A1658
att,A1594,A2276
att,A1594,A1253
att,A1594,A781
att,A1594,A1071
att,A1594,A1541
att,A1594,A62
att,A1594,A981
att,A1596,A729
att,A1596,A1720
att,A1596,A2576
att,A1596,A2202
att,A1596,A853
att,A1596,A2020
att,A1596,A1600
att,A1596,A1313
att,A1596,A787
att,A1596,A2018
att,A1596,A60
att,A1596,A1303
att,A1596,A2584
att,A1596,A212
att,A1596,A1404
att,A1596,A2321
att,A1596,A2162
att,A1596,A59
att,A1596,A2749
att,A1596,A1251
att,A1596,A371
att,A1596,A1820
att,A1596,A366
att,A1597,A13
att,A1597,A1226
att,A1597,A181
att,A1597,A675
att,A1597,A2548
att,A1597,A2411
att,A1597,A1120
att,A1597,A2283
att,A1597,A274
att,A1597,A892
att,A1599,A929
att,A1599,A2388
att,A1599,A2411
att,A1599,A908
att,A1599,A817
att,A1599,A2590
att,A1599,A1140
att,A1599,A2190
att,A1599,A1215
att,A1599,A895
att,A1599,A1402
att,A1599,A1541
att,A1599,A367
att,A1599,A2676
att,A1599,A125
att,A1604,A2372
att,A1604,A2400
att,A1604,A956
att,A1604,A516
att,A1604,A2150
att,A1604,A550
att,A1604,A580
att,A1604,A1766
att,A1604,A1352
att,A1604,A2707
att,A1604,A687
att,A1604,A1380
att,A1604,A254
att,A1605,A171
att,A1605,A316
att,A1605,A269
att,A1605,A2138
att,A1605,A2269
att,A1605,A2209
att,A1607,A2686
att,A1607,A1553
att,A1607,A773
att,A1607,A2680
att,A1607,A519
att,A1607,A1671
att,A1607,A1190
att,A1607,A2298
att,A1607,A340
att,A1607,A915
att,A1607,A1326
att,A1607,A199
att,A1607,A589
att,A1607,A790
att,A1607,A964
att,A1607,A2548
att,A1607,A1420
att,A1608,A1901
att,A1608,A2692
att,A1608,A64
att,A1608,A2781
att,A1608,A2595
att,A1608,A733
att,A1608,A1655
att,A1608,A2318
att,A1608,A2647
att,A1608,A2013
att,A1608,A426
att,A1608,A2382
att,A1608,A135
att,A1612,A2758
att,A1612,A2659
att,A1612,A2254
att,A1612,A2687
att,A1612,A350
att,A1612,A527
att,A1612,A1470
att,A1612,A2798
att,A1612,A2123
att,A1612,A852
att,A1612,A976
att,A1612,A162
att,A1612,A604
att,A1612,A2263
att,A1612,A1314
att,A1612,A441
att,A1612,A1348
att,A1612,A745
att,A1613,A266
att,A1613,A1080
att,A1613,A2799
att,A1613,A1436
att,A1613,A1947
att,A1613,A72
att,A1613,A1074
att,A1613,A1958
att,A1613,A2054
att,A1613,A1598
att,A1613,A56
att,A1613,A1094
att,A1613,A107
att,A1613,A672
att,A1613,A94
att,A1615,A2204
att,A1615,A1394
att,A1615,A1199
att,A1615,A2454
att,A1615,A879
att,A1615,A1415
att,A1615,A1909
att,A1615,A492
att,A1615,A450
att,A1615,A1543
att,A1615,A367
att,A1615,A315
att,A1615,A2342
att,A1615,A1532
att,A1615,A457
att,A1615,A2048
att,A1615,A776
att,A1615,A1810
att,A1615,A545
att,A1623,A990
att,A1623,A1430
att,A1623,A1195
att,A1623,A581
att,A1623,A1493
att,A1623,A851
att,A1623,A1428
att,A1623,A97
att,A1623,A1865
att,A1623,A633
att,A1623,A2782
att,A1623,A1650
att,A1623,A461
att,A1623,A2581
att,A1623,A706
att,A1623,A494
att,A1630,A2627
att,A1630,A350
att,A1630,A1425
att,A1630,A907
att,A1630,A591
att,A1630,A2508
att,A1630,A761
att,A1630,A378
att,A1630,A1134
att,A1630,A1543
att,A1631,A653
att,A1631,A2745
att,A1631,A1135
att,A1631,A207
att,A1631,A439
att,A1631,A1293
att,A1631,A631
att,A1631,A43
att,A1631,A2149
att,A1631,A1177
att,A1631,A160
att,A1631,A2761
att,A1631,A1279
att,A1631,A2104
att,A1631,A2186
att,A1631,A267
att,A1632,A1302
att,A1632,A231
att,A1632,A1269
att,A1632,A2312
att,A1632,A1333
att,A1632,A1914
att,A1632,A1378
att,A1632,A283
att,A1632,A443
att,A1632,A1134
att,A1632,A945
att,A1632,A314
att,A1632,A683
att,A1632,A1374
att,A1632,A2258
att,A1632,A2558
att,A1632,A2719
att,A1632,A196
att,A1632,A2322
att,A1632,A1021
att,A1632,A2625
att,A1632,A805
att,A1632,A1091
att,A1632,A1870
att,A1634,A1902
att,A1634,A511
att,A1634,A2219
att,A1634,A653
att,A1634,A2578
att,A1634,A2556
att,A1634,A2268
att,A1634,A2119
att,A1634,A2776
att,A1634,A1860
att,A1634,A2226
att,A1634,A824
att,A1634,A2287
att,A1634,A1259
att,A1634,A1247
att,A1634,A498
att,A1634,A1196
att,A1634,A82
att,A1634,A1700
att,A1634,A392
att,A1634,A1574
att,A1634,A1035
att,A1634,A1982
att,A1635,A2436
att,A1635,A1538
att,A1635,A2794
att,A1635,A1880
att,A1635,A2212
att,A1635,A438
att,A1635,A1827
att,A1635,A2396
att,A1635,A1
att,A1635,A1742
att,A1635,A864
att,A1635,A2165
att,A1635,A2693
att,A1635,A1709
att,A1635,A2334
att,A1635,A1179
att,A1635,A1726
att,A1635,A2258
att,A1635,A1533
att,A1635,A1751
att,A1635,A1722
att,A1635,A1972
att,A1635,A1815
att,A1635,A744
att,A1635,A74
att,A1636,A513
att,A1636,A757
att,A1636,A2441
att,A1636,A2538
att,A1636,A1121
att,A1636,A2352
att,A1637,A974
att,A1637,A2035
att,A1637,A287
att,A1637,A2230
att,A1637,A2025
att,A1637,A225
att,A1637,A653
att,A1637,A441
att,A1637,A2782
att,A1637,A2183
att,A1637,A284
att,A1637,A390
att,A1637,A29
att,A1637,A205
att,A1637,A2684
att,A1637,A1262
att,A1637,A2470
att,A1638,A910
att,A1638,A1063
att,A1638,A1428
att,A1638,A1180
att,A1638,A1290
att,A1638,A903
att,A1638,A995
att,A1638,A735
att,A1638,A232
att,A1638,A2699
att,A1638,A2155
att,A1638,A2429
att,A1638,A646
att,A1638,A1522
att,A1638,A52
att,A1638,A1992
att,A1638,A2662
att,A1638,A505
att,A1638,A1449
att,A1638,A2543
att,A1638,A2482
att,A1638,A345
att,A1638,A2619
att,A1638,A2381
att,A1638,A816
att,A1638,A1636
att,A1638,A953
att,A1638,A985
att,A1638,A766
att,A1638,A1285
att,A1638,A1577
att,A1638,A1263
att,A1638,A1042
att,A1639,A2092
att,A1639,A1831
att,A1639,A1093
att,A1639,A1746
att,A1639,A432
att,A1639,A2152
att,A1639,A29
att,A1639,A102
att,A1639,A5
att,A1639,A1660
att,A1640,A589
att,A1640,A2255
att,A1640,A1074
att,A1640,A2265
att,A1640,A666
att,A1640,A1753
att,A1640,A2385
att,A1640,A2368
att,A1640,A2062
att,A1640,A1980
att,A1640,A2364
att,A1640,A1864
att,A1640,A497
att,A1640,A1839
att,A1640,A2318
att,A1641,A2096
att,A1641,A671
att,A1641,A2396
att,A1641,A820
att,A1641,A2668
att,A1641,A1902
att,A1641,A1516
att,A1641,A2231
att,A1641,A123
att,A1642,A1890
att,A1642,A1689
att,A1642,A14
att,A1642,A209
att,A1642,A990
att,A1642,A2015
att,A1642,A1777
att,A1642,A1177
att,A1642,A608
att,A1642,A1079
att,A1642,A51
att,A1642,A1058
att,A1643,A1289
att,A1643,A375
att,A1643,A2307
att,A1644,A156
att,A1644,A285
att,A1644,A1347
att,A1644,A1357
att,A1644,A1014
att,A1649,A1020
att,A1649,A1310
att,A1650,A799
att,A1650,A1291
att,A1650,A972
att,A1650,A1734
att,A1650,A1223
att,A1650,A2533
att,A1650,A572
att,A1650,A931
att,A1650,A1867
att,A1650,A2182
att,A1650,A968
att,A1650,A1107
att,A1650,A1743
att,A1650,A105
att,A1650,A803
att,A1650,A1849
att,A1650,A1797
att,A1650,A270
att,A1651,A1911
att,A1651,A1633
att,A1651,A1412
att,A1651,A2176
att,A1651,A1787
att,A1651,A1596
att,A1651,A2069
att,A1651,A1812
att,A1651,A447
att,A1651,A622
att,A1651,A1461
att,A1651,A1910
att,A1651,A2662
att,A1651,A606
att,A1651,A1045
att,A1651,A469
att,A1651,A2090
att,A1651,A579
att,A1651,A1403
att,A1651,A710
att,A1651,A2340
att,A1654,A92
att,A1654,A2176
att,A1654,A168
att,A1654,A527
att,A1654,A2107
att,A1654,A675
att,A1654,A2084
att,A1655,A2770
att,A1655,A2221
att,A1655,A69
att,A1655,A660
att,A1655,A1331
att,A1655,A1905
att,A1657,A136
att,A1657,A833
att,A1657,A2491
att,A1657,A2413
att,A1658,A600
att,A1658,A1943
att,A1658,A97
att,A1659,A374
att,A1659,A1790
att,A1659,A1953
att,A1659,A2750
att,A1659,A648
att,A1659,A1029
att,A1659,A372
att,A1660,A2708
att,A1660,A1501
att,A1660,A588
att,A1660,A373
att,A1660,A1543
att,A1660,A700
att,A1660,A2629
att,A1660,A1914
att,A1660,A519
att,A1660,A929
att,A1660,A2418
att,A1660,A1748
att,A1660,A2601
att,A1660,A2754
att,A1660,A2222
att,A1660,A2309
att,A1660,A147
att,A1660,A248
att,A1660,A1976
att,A1660,A897
att,A1660,A916
att,A1660,A2532
att,A1660,A2233
att,A1660,A1356
att,A1660,A365
att,A1664,A2027
att,A1664,A917
att,A1664,A1283
att,A1664,A97
att,A1664,A2021
att,A1664,A2400
att,A1664,A2467
att,A1664,A908
att,A1664,A301
att,A1664,A2578
att,A1664,A1820
att,A1664,A1214
att,A1664,A2482
att,A1665,A1639
att,A1665,A583
att,A1665,A1718
att,A1665,A2188
att,A1665,A2311
att,A1665,A275
att,A1665,A895
att,A1665,A471
att,A1665,A1935
att,A1665,A790
att,A1665,A1914
att,A1665,A1010
att,A1665,A1643
att,A1665,A1800
att,A1665,A306
att,A1665,A426
att,A1665,A996
att,A1665,A1462
att,A1665,A374
att,A1665,A26
att,A1665,A882
att,A1665,A1187
att,A1666,A2102
att,A1666,A673
att,A1666,A2165
att,A1666,A1236
att,A1666,A1011
att,A1666,A974
att,A1666,A1260
att,A1666,A956
att,A1666,A1036
att,A1666,A1759
att,A1666,A1818
att,A1666,A2554
att,A1666,A825
att,A1666,A1786
att,A1666,A2021
att,A1666,A1340
att,A1666,A2641
att,A1666,A1787
att,A1666,A20
att,A1668,A583
att,A1668,A790
att,A1668,A1970
att,A1668,A459
att,A1668,A1975
att,A1668,A1302
att,A1671,A680
att,A1671,A1123
att,A1671,A857
att,A1671,A2539
att,A1671,A596
att,A1671,A166
att,A1676,A806
att,A1676,A1613
att,A1676,A861
att,A1676,A2407
att,A1676,A793
att,A1676,A587
att,A1676,A359
att,A1676,A1181
att,A1676,A1644
att,A1676,A1085
att,A1676,A1150
att,A1676,A1648
att,A1676,A2307
att,A1676,A497
att,A1676,A1156
att,A1676,A1383
att,A1676,A309
att,A1677,A2099
att,A1678,A643
att,A1678,A2205
att,A1678,A2248
att,A1678,A1314
att,A1678,A1191
att,A1678,A996
att,A1678,A1686
att,A1679,A2135
att,A1679,A2175
att,A1679,A2091
att,A1679,A2339
att,A1679,A2162
att,A1679,A1873
att,A1681,A2101
att,A1681,A2172
att,A1681,A1262
att,A1681,A1065
att,A1681,A1041
att,A1681,A2780
att,A1681,A1798
att,A1681,A2598
att,A1681,A1285
att,A1681,A197
att,A1681,A2658
att,A1682,A1131
att,A1682,A2017
att,A1682,A2779
att,A1682,A511
att,A1682,A1818
att,A1682,A847
att,A1682,A39
att,A1682,A412
att,A1682,A1870
att,A1682,A369
att,A1682,A103
att,A1682,A2337
att,A1682,A2346
att,A1682,A2763
att,A1682,A2533
att,A1682,A224
att,A1682,A2049
att,A1682,A876
att,A1682,A2127
att,A1682,A2560
att,A1682,A164
att,A1683,A791
att,A1683,A2749
att,A1683,A752
att,A1687,A2194
att,A1687,A2515
att,A1687,A2048
att,A1687,A1210
att,A1687,A2718
att,A1687,A2677
att,A1687,A1021
att,A1687,A201
att,A1687,A986
att,A1687,A1346
att,A1687,A1628
att,A1687,A95
att,A1687,A1406
att,A1687,A1429
att,A1687,A1123
att,A1687,A2036
att,A1687,A1639
att,A1687,A1718
att,A1687,A514
att,A1690,A781
att,A1691,A1571
att,A1691,A1198
att,A1691,A819
att,A1691,A2144
att,A1691,A553
att,A1691,A1385
att,A1691,A2674
att,A1692,A645
att,A1692,A805
att,A1692,A540
att,A1692,A1637
att,A1692,A1239
att,A1692,A2703
att,A1692,A1936
att,A1692,A2217
att,A1692,A1191
att,A1692,A2775
att,A1692,A167
att,A1692,A1307
att,A1692,A2216
att,A1692,A1515
att,A1692,A394
att,A1692,A1709
att,A1692,A1042
att,A1692,A2156
att,A1692,A2177
att,A1692,A583
att,A1692,A2660
att,A1692,A408
att,A1692,A620
att,A1692,A389
att,A1692,A1143
att,A1692,A546
att,A1692,A1362
att,A1693,A2340
att,A1696,A2215
att,A1696,A1452
att,A1696,A209
att,A1696,A1722
att,A1696,A1141
att,A1696,A2434
att,A1696,A415
att,A1696,A2227
att,A1696,A2029
att,A1696,A1850
att,A1696,A1207
att,A1696,A512
att,A1696,A2748
att,A1696,A422
att,A1696,A2785
att,A1696,A1509
att,A1696,A1685
att,A1696,A218
att,A1697,A503
att,A1697,A584
att,A1697,A731
att,A1702,A2043
att,A1702,A2298
att,A1702,A2150
att,A1702,A1062
att,A1702,A286
att,A1702,A2080
att,A1702,A1748
att,A1702,A386
att,A1702,A569
att,A1702,A1365
att,A1702,A385
att,A1702,A844
att,A1702,A934
att,A1702,A1665
att,A1702,A1852
att,A1702,A628
att,A1702,A1085
att,A1702,A1842
att,A1702,A447
att,A1702,A2333
att,A1702,A969
att,A1702,A2476
att,A1702,A2110
att,A1703,A1167
att,A1703,A163
att,A1703,A1814
att,A1703,A2523
att,A1703,A2533
att,A1703,A2028
att,A1703,A708
att,A1703,A2122
att,A1703,A1003
att,A1703,A2789
att,A1703,A2379
att,A1703,A2499
att,A1703,A2293
att,A1703,A2265
att,A1703,A982
att,A1703,A2625
att,A1703,A106
att,A1703,A571
att,A1703,A2408
att,A1703,A36
att,A1703,A1756
att,A1703,A673
att,A1706,A1521
att,A1706,A2248
att,A1706,A121
att,A1706,A1855
att,A1706,A72
att,A1706,A716
att,A1706,A893
att,A1706,A375
att,A1706,A2258
att,A1706,A2730
att,A1706,A1073
att,A1707,A1729
att,A1707,A1475
att,A1707,A1165
att,A1707,A1669
att,A1707,A2041
att,A1707,A430
att,A1707,A2414
att,A1707,A86
att,A1707,A437
att,A1707,A225
att,A1710,A753
att,A1710,A1709
att,A1710,A220
att,A1710,A464
att,A1710,A2037
att,A1710,A2507
att,A1710,A1455
att,A1710,A2694
att,A1710,A1468
att,A1710,A1178
att,A1710,A990
att,A1710,A2797
att,A1710,A1943
att,A1710,A2205
att,A1710,A2358
att,A1710,A2556
att,A1711,A2039
att,A1711,A2718
att,A1711,A30
att,A1713,A1664
att,A1713,A2770
att,A1713,A956
att,A1713,A1812
att,A1713,A2603
att,A1713,A1375
att,A1713,A1501
att,A1713,A379
att,A1713,A1490
att,A1713,A682
att,A1713,A1452
att,A1713,A1218
att,A1713,A2019
att,A1713,A1188
att,A1713,A537
att,A1713,A2106
att,A1713,A2548
att,A1715,A628
att,A1715,A151
att,A1715,A1258
att,A1715,A2488
att,A1715,A1608
att,A1715,A559
att,A1716,A2492
att,A1716,A804
att,A1716,A339
att,A1716,A1489
att,A1721,A2489
att,A1721,A2065
att,A1721,A1074
att,A1721,A1204
att,A1721,A2799
att,A1721,A1903
att,A1721,A1359
att,A1721,A1996
att,A1721,A664
att,A1721,A812
att,A1721,A2114
att,A1721,A884
att,A1721,A2426
att,A1721,A705
att,A1721,A1612
att,A1721,A1168
att,A1721,A1913
att,A1721,A1551
att,A1721,A2358
att,A1721,A1266
att,A1721,A2020
att,A1721,A2732
att,A1721,A2735
att,A1721,A1518
att,A1721,A1524
att,A1721,A1398
att,A1721,A1526
att,A1721,A1947
att,A1721,A733
att,A1722,A2531
att,A1722,A2396
att,A1722,A1576
att,A1722,A2752
att,A1722,A2635
att,A1722,A73
att,A1722,A941
att,A1722,A1201
att,A1722,A272
att,A1722,A1397
att,A1722,A622
att,A1722,A2632
att,A1722,A1971
att,A1722,A2193
att,A1722,A1611
att,A1722,A80
att,A1722,A2137
att,A1722,A762
att,A1722,A1835
att,A1722,A1105
att,A1722,A2064
att,A1722,A2148
att,A1722,A110
att,A1722,A1409
att,A1722,A347
att,A1722,A1981
att,A1723,A1842
att,A1723,A638
att,A1723,A935
att,A1723,A1976
att,A1723,A2396
att,A1723,A408
att,A1723,A632
att,A1723,A931
att,A1723,A2425
att,A1723,A534
att,A1723,A179
att,A1723,A2077
att,A1723,A1865
att,A1723,A2286
att,A1723,A2726
att,A1723,A1521
att,A1723,A1504
att,A1723,A2007
att,A1723,A1555
att,A1723,A2742
att,A1723,A2537
att,A1724,A2045
att,A1724,A2620
att,A1724,A271
att,A1724,A2775
att,A1724,A1447
att,A1724,A1656
att,A1724,A377
att,A1724,A1811
att,A1724,A666
att,A1724,A2655
att,A1724,A2281
att,A1724,A1353
att,A1724,A423
att,A1724,A1389
att,A1724,A683
att,A1724,A817
att,A1724,A2699
att,A1724,A1000
att,A1724,A2459
att,A1724,A2042
att,A1724,A862
att,A1724,A1928
att,A1724,A441
att,A1724,A1174
att,A1724,A2239
att,A1729,A1416
att,A1729,A1781
att,A1729,A2378
att,A1729,A1786
att,A1729,A176
att,A1729,A2392
att,A1729,A1008
att,A1729,A2022
att,A1729,A2288
att,A1729,A798
att,A1729,A1016
att,A1729,A2586
att,A1729,A823
att,A1729,A987
att,A1729,A1126
att,A1729,A1722
att,A1729,A106
att,A1729,A1617
att,A1729,A554
att,A1731,A1177
att,A1731,A2771
att,A1731,A50
att,A1731,A932
att,A1731,A905
att,A1731,A1413
att,A1731,A2078
att,A1731,A1327
att,A1731,A1474
att,A1731,A1546
att,A1731,A894
att,A1731,A898
att,A1731,A1784
att,A1731,A275
att,A1731,A2701
att,A1731,A714
att,A1731,A2747
att,A1731,A2314
att,A1731,A1483
att,A1731,A508
att,A1731,A194
att,A1731,A2312
att,A1731,A1597
att,A1731,A864
att,A1732,A2710
att,A1732,A1794
att,A1732,A206
att,A1732,A1400
att,A1734,A2680
att,A1735,A2130
att,A1735,A1696
att,A1735,A1990
att,A1735,A38
att,A1737,A1207
att,A1737,A2459
att,A1737,A1148
att,A1737,A1309
att,A1737,A1315
att,A1737,A570
att,A1737,A1366
att,A1737,A956
att,A1737,A1027
att,A1737,A1251
att,A1743,A1349
att,A1743,A1877
att,A1743,A155
att,A1743,A447
att,A1743,A2798
att,A1743,A2407
att,A1743,A1281
att,A1743,A262
att,A1744,A997
att,A1745,A2224
att,A1745,A717
att,A1745,A2440
att,A1745,A1607
att,A1745,A914
att,A1745,A1051
att,A1745,A880
att,A1745,A1148
att,A1745,A2202
att,A1745,A1310
att,A1745,A1541
att,A1745,A1287
att,A1745,A2662
att,A1745,A921
att,A1745,A2433
att,A1745,A2025
att,A1745,A111
att,A1745,A15
att,A1745,A2345
att,A1745,A1315
att,A1745,A2581
att,A1746,A476
att,A1746,A2442
att,A1746,A1768
att,A1746,A1320
att,A1746,A2678
att,A1746,A2402
att,A1746,A5
att,A1746,A1481
att,A1746,A2651
att,A1746,A495
att,A1746,A1081
att,A1746,A2023
att,A1746,A2587
att,A1746,A2262
att,A1746,A1499
att,A1746,A397
att,A1746,A2036
att,A1750,A494
att,A1752,A1010
att,A1752,A1506
att,A1752,A150
att,A1752,A1096
att,A1752,A1337
att,A1752,A2582
att,A1752,A2455
att,A1752,A1356
att,A1752,A2650
att,A1752,A937
att,A1752,A1410
att,A1752,A2099
att,A1752,A2169
att,A1752,A1424
att,A1752,A799
att,A1752,A2627
att,A1752,A909
att,A1752,A2690
att,A1752,A844
att,A1752,A2670
att,A1752,A1885
att,A1752,A1140
att,A1752,A1307
att,A1752,A2611
att,A1752,A1255
att,A1754,A2329
att,A1754,A2512
att,A1754,A1075
att,A1754,A1698
att,A1754,A2254
att,A1754,A1080
att,A1754,A1545
att,A1754,A191
att,A1754,A1823
att,A1754,A2058
att,A1754,A1908
att,A1754,A1685
att,A1754,A1106
att,A1754,A1451
att,A1754,A1501
att,A1754,A1940
att,A1754,A658
att,A1754,A2176
att,A1754,A707
att,A1754,A2567
att,A1754,A1147
att,A1754,A2671
att,A1758,A1654
att,A1758,A2013
att,A1758,A2196
att,A1758,A1321
att,A1758,A2184
att,A1758,A1698
att,A1758,A1154
att,A1758,A954
att,A1758,A1117
att,A1758,A2489
att,A1758,A1562
att,A1758,A987
att,A1758,A2617
att,A1758,A2272
att,A1758,A1288
att,A1759,A1334
att,A1759,A2693
att,A1759,A1567
att,A1759,A1731
att,A1759,A1535
att,A1759,A2124
att,A1759,A2051
att,A1759,A2301
att,A1759,A2451
att,A1759,A652
att,A1759,A906
att,A1759,A33
att,A1759,A579
att,A1759,A423
att,A1759,A2336
att,A1759,A948
att,A1762,A785
att,A1762,A862
att,A1762,A2296
att,A1762,A1805
att,A1762,A1122
att,A1762,A1633
att,A1762,A2605
att,A1762,A1889
att,A1762,A2450
att,A1762,A955
att,A1762,A2564
att,A1762,A2123
att,A1762,A208
att,A1762,A295
att,A1762,A1215
att,A1762,A1378
att,A1762,A2672
att,A1762,A1770
att,A1762,A509
att,A1762,A408
att,A1762,A435
att,A1762,A766
att,A1762,A559
att,A1764,A170
att,A1764,A2109
att,A1765,A2296
att,A1765,A2302
att,A1765,A2698
att,A1765,A167
att,A1765,A2472
att,A1765,A540
att,A1765,A2190
att,A1765,A2216
att,A1765,A872
att,A1765,A64
att,A1765,A1942
att,A1765,A1712
att,A1765,A2088
att,A1765,A2308
att,A1765,A47
att,A1765,A1009
att,A1765,A463
att,A1765,A325
att,A1765,A2772
att,A1765,A49
att,A1765,A1800
att,A1765,A1245
att,A1765,A2775
att,A1766,A317
att,A1766,A2250
att,A1766,A49
att,A1766,A512
att,A1766,A1688
att,A1766,A1976
att,A1766,A286
att,A1766,A823
att,A1766,A1985
att,A1766,A382
att,A1766,A2794
att,A1766,A1549
att,A1766,A1159
att,A1766,A1593
att,A1766,A1588
att,A1766,A1898
att,A1766,A642
att,A1766,A914
att,A1768,A1764
att,A1768,A878
att,A1768,A2645
att,A1770,A703
att,A1770,A1273
att,A1771,A220
att,A1771,A1553
att,A1771,A2312
att,A1771,A2383
att,A1771,A1554
att,A1771,A993
att,A1771,A175
att,A1771,A1967
att,A1771,A1295
att,A1771,A1957
att,A1771,A2575
att,A1771,A2228
att,A1771,A823
att,A1771,A1100
att,A1771,A1261
att,A1771,A631
att,A1771,A1086
att,A1771,A1393
att,A1771,A2082
att,A1771,A1378
att,A1771,A1716
att,A1771,A114
att,A1771,A1413
att,A1771,A1463
att,A1771,A999
att,A1771,A1163
att,A1771,A152
att,A1771,A1997
att,A1776,A2126
att,A1776,A2156
att,A1776,A883
att,A1776,A1820
att,A1776,A1657
att,A1776,A718
att,A1776,A189
att,A1776,A1504
att,A1776,A2074
att,A1776,A2233
att,A1776,A1195
att,A1776,A1263
att,A1777,A225
att,A1777,A2231
att,A1777,A432
att,A1777,A2509
att,A1777,A1568
att,A1777,A734
att,A1778,A2244
att,A1779,A1748
att,A1779,A1589
att,A1779,A847
att,A1779,A2211
att,A1779,A1799
att,A1779,A777
att,A1779,A479
att,A1779,A2065
att,A1779,A568
att,A1779,A2119
att,A1779,A2328
att,A1781,A2706
att,A1781,A2369
att,A1781,A1605
att,A1781,A1810
att,A1781,A554
att,A1781,A0
att,A1781,A1587
att,A1781,A1279
att,A1781,A1885
att,A1781,A867
att,A1783,A757
att,A1783,A1552
att,A1783,A1938
att,A1783,A162
att,A1783,A1967
att,A1783,A2200
att,A1783,A139
att,A1783,A990
att,A1783,A1005
att,A1783,A1882
att,A1783,A2427
att,A1783,A2600
att,A1783,A2114
att,A1783,A1626
att,A1783,A1004
att,A1783,A2394
att,A1783,A353
att,A1783,A2730
att,A1783,A2549
att,A1783,A876
att,A1783,A1869
att,A1783,A1840
att,A1783,A300
att,A1783,A731
att,A1783,A1764
att,A1783,A2329
att,A1785,A1407
att,A1785,A1534
att,A1786,A1493
att,A1786,A2401
att,A1786,A2453
att,A1786,A842
att,A1786,A377
att,A1786,A288
att,A1786,A1289
att,A1786,A1829
att,A1786,A2689
att,A1786,A1045
att,A1787,A907
att,A1787,A674
att,A1787,A930
att,A1787,A178
att,A1787,A228
att,A1787,A1956
att,A1787,A1974
att,A1787,A495
att,A1787,A129
att,A1787,A219
att,A1787,A1313
att,A1787,A2288
att,A1787,A257
att,A1787,A2600
att,A1787,A2755
att,A1787,A2320
att,A1787,A1168
att,A1787,A1624
att,A1787,A126
att,A1787,A2384
att,A1787,A1252
att,A1789,A1754
att,A1789,A2326
att,A1789,A1377
att,A1789,A2288
att,A1789,A2128
att,A1789,A2588
att,A1789,A1127
att,A1789,A998
att,A1789,A1278
att,A1789,A1030
att,A1789,A2239
att,A1789,A2342
att,A1789,A673
att,A1789,A95
att,A1789,A914
att,A1789,A2516
att,A1789,A1883
att,A1789,A2010
att,A1789,A1526
att,A1790,A1756
att,A1790,A1997
att,A1790,A729
att,A1790,A2480
att,A1790,A423
att,A1790,A2275
att,A1790,A2329
att,A1790,A1466
att,A1790,A1198
att,A1793,A2376
att,A1793,A387
att,A1793,A2299
att,A1793,A2096
att,A1793,A2212
att,A1793,A1252
att,A1793,A1553
att,A1793,A2660
att,A1793,A2013
att,A1793,A979
att,A1793,A192
att,A1793,A1748
att,A1793,A129
att,A1793,A172
att,A1793,A379
att,A1793,A990
att,A1793,A1320
att,A1798,A1248
att,A1798,A2069
att,A1798,A511
att,A1798,A2015
att,A1798,A915
att,A1798,A669
att,A1798,A2187
att,A1798,A970
att,A1799,A1028
att,A1799,A271
att,A1799,A538
att,A1799,A964
att,A1799,A557
att,A1799,A2084
att,A1799,A1326
att,A1799,A1904
att,A1799,A2074
att,A1799,A2077
att,A1799,A615
att,A1799,A292
att,A1799,A656
att,A1799,A1510
att,A1799,A757
att,A1799,A1893
att,A1799,A297
att,A1799,A2246
att,A1799,A1862
att,A1799,A710
att,A1799,A2472
att,A1801,A2161
att,A1801,A58
att,A1801,A1128
att,A1802,A2301
att,A1802,A1824
att,A1802,A2666
att,A1802,A2556
att,A1802,A2487
att,A1802,A95
att,A1802,A1435
att,A1802,A2787
att,A1802,A864
att,A1802,A1426
att,A1802,A1832
att,A1802,A915
att,A1802,A2684
att,A1805,A1642
att,A1805,A2241
att,A1805,A1395
att,A1805,A537
att,A1805,A1302
att,A1805,A2039
att,A1805,A2760
att,A1806,A527
att,A1806,A2375
att,A1806,A1885
att,A1806,A443
att,A1806,A2372
att,A1806,A2126
att,A1806,A554
att,A1806,A589
att,A1807,A901
att,A1807,A1747
att,A1807,A2207
att,A1807,A1539
att,A1807,A318
att,A1807,A2251
att,A1807,A2313
att,A1807,A1297
att,A1807,A2477
att,A1807,A2759
att,A1807,A2479
att,A1810,A2454
att,A1810,A1365
att,A1810,A1704
att,A1810,A492
att,A1810,A114
att,A1810,A1270
att,A1810,A372
att,A1810,A2737
att,A1810,A2367
att,A1810,A766
att,A1810,A2549
att,A1810,A1849
att,A1810,A541
att,A1810,A2628
att,A1810,A1019
att,A1810,A1998
att,A1810,A171
att,A1810,A1700
att,A1810,A1402
att,A1810,A657
att,A1810,A1993
att,A1810,A913
att,A1810,A608
att,A1810,A1218
att,A1810,A2770
att,A1810,A1739
att,A1810,A1568
att,A1810,A630
att,A1811,A261
att,A1811,A652
att,A1811,A381
att,A1813,A2305
att,A1813,A142
att,A1813,A1635
att,A1813,A0
att,A1813,A2140
att,A1813,A71
att,A1813,A2227
att,A1813,A2793
att,A1813,A1443
att,A1813,A1865
att,A1813,A2667
att,A1813,A341
att,A1813,A82
att,A1813,A171
att,A1813,A476
att,A1813,A453
att,A1813,A2369
att,A1813,A1927
att,A1813,A1839
att,A1813,A1594
att,A1813,A695
att,A1813,A140
att,A1814,A767
att,A1817,A255
att,A1817,A235
att,A1817,A2641
att,A1817,A2307
att,A1818,A2537
att,A1818,A2264
att,A1818,A1752
att,A1818,A397
att,A1818,A394
att,A1818,A2289
att,A1818,A2639
att,A1818,A2100
att,A1818,A805
att,A1818,A754
att,A1818,A2296
att,A1818,A2163
att,A1818,A1715
att,A1818,A651
att,A1819,A2102
att,A1819,A766
att,A1819,A1013
att,A1819,A2724
att,A1819,A2274
att,A1819,A1906
att,A1819,A1775
att,A1819,A2418
att,A1819,A2217
att,A1819,A671
att,A1819,A2231
att,A1819,A1143
att,A1819,A995
att,A1819,A2133
att,A1819,A420
att,A1819,A2691
att,A1821,A641
att,A1821,A2313
att,A1821,A638
att,A1821,A1425
att,A1821,A1436
att,A1821,A1761
att,A1821,A169
att,A1822,A1209
att,A1822,A623
att,A1822,A1894
att,A1822,A794
att,A1822,A1169
att,A1822,A2790
att,A1822,A1205
att,A1822,A1298
att,A1822,A2746
att,A1822,A1049
att,A1822,A2457
att,A1822,A1506
att,A1822,A2223
att,A1822,A1629
att,A1822,A2029
att,A1822,A2427
att,A1822,A760
att,A1823,A1758
att,A1823,A1439
att,A1823,A257
att,A1823,A2271
att,A1823,A1037
att,A1823,A1127
att,A1823,A316
att,A1823,A888
att,A1823,A1387
att,A1823,A1468
att,A1823,A2437
att,A1823,A1281
att,A1823,A1245
att,A1823,A528
att,A1823,A2262
att,A1823,A2594
att,A1825,A2742
att,A1825,A1191
att,A1825,A196
att,A1825,A676
att,A1825,A1976
att,A1825,A2187
att,A1825,A574
att,A1825,A1127
att,A1825,A584
att,A1825,A1131
att,A1825,A2259
att,A1825,A615
att,A1825,A1048
att,A1825,A75
att,A1825,A2325
att,A1825,A2747
att,A1825,A558
att,A1825,A669
att,A1825,A2012
att,A1825,A2653
att,A1825,A178
att,A1825,A253
att,A1825,A282
att,A1825,A1150
att,A1825,A1834
att,A1825,A2056
att,A1826,A151
att,A1826,A2139
att,A1826,A1745
att,A1826,A956
att,A1826,A2239
att,A1826,A1519
att,A1826,A2229
att,A1826,A1775
att,A1826,A1668
att,A1826,A686
att,A1826,A1412
att,A1826,A2385
att,A1826,A2311
att,A1826,A1645
att,A1826,A1129
att,A1826,A732
att,A1826,A2200
att,A1826,A1230
att,A1826,A2577
att,A1826,A594
att,A1826,A2287
att,A1826,A2142
att,A1826,A2520
att,A1826,A2349
att,A1826,A2345
att,A1827,A408
att,A1827,A668
att,A1827,A2148
att,A1827,A1293
att,A1827,A693
att,A1827,A85
att,A1827,A129
att,A1827,A1919
att,A1827,A64
att,A1827,A1686
att,A1827,A1261
att,A1827,A560
att,A1827,A2785
att,A1827,A768
att,A1827,A492
att,A1827,A2033
att,A1827,A1558
att,A1827,A442
att,A1828,A2433
att,A1835,A2087
att,A1835,A687
att,A1835,A53
att,A1835,A2022
att,A1835,A2095
att,A1835,A31
att,A1835,A844
att,A1835,A2307
att,A1835,A2594
att,A1835,A2357
att,A1835,A1423
att,A1835,A1816
att,A1835,A1352
att,A1835,A493
att,A1836,A120
att,A1836,A2554
att,A1837,A2245
att,A1837,A978
att,A1837,A625
att,A1837,A2255
att,A1837,A1448
att,A1837,A848
att,A1837,A178
att,A1837,A2480
att,A1837,A1591
att,A1837,A821
att,A1837,A2331
att,A1837,A428
att,A1837,A1993
att,A1837,A1269
att,A1838,A40
att,A1838,A197
att,A1838,A2220
att,A1838,A1129
att,A1838,A1746
att,A1838,A1190
att,A1838,A14
att,A1838,A2085
att,A1838,A1033
att,A1838,A2264
att,A1838,A191
att,A1838,A2318
att,A1840,A1472
att,A1840,A508
att,A1840,A2718
att,A1840,A2703
att,A1841,A165
att,A1841,A2249
att,A1841,A2737
att,A1841,A1107
att,A1841,A848
att,A1841,A1363
att,A1841,A2341
att,A1841,A843
att,A1841,A2188
att,A1841,A1424
att,A1841,A2745
att,A1841,A403
att,A1843,A429
att,A1845,A1554
att,A1845,A349
att,A1845,A1511
att,A1845,A2320
att,A1845,A1580
att,A1845,A43
att,A1845,A1552
att,A1845,A2137
att,A1845,A2007
att,A1845,A1391
att,A1845,A801
att,A1845,A2063
att,A1845,A822
att,A1845,A331
att,A1845,A1799
att,A1846,A1832
att,A1846,A1606
att,A1846,A1219
att,A1846,A2375
att,A1846,A1102
att,A1846,A136
att,A1846,A1633
att,A1846,A1777
att,A1846,A2642
att,A1846,A1575
att,A1846,A2650
att,A1846,A690
att,A1846,A2382
att,A1846,A2203
att,A1846,A567
att,A1846,A355
att,A1846,A2517
att,A1846,A2451
att,A1848,A598
att,A1848,A2211
att,A1848,A1740
att,A1848,A911
att,A1848,A2391
att,A1848,A868
att,A1848,A1492
att,A1848,A1267
att,A1848,A1318
att,A1848,A1711
att,A1848,A2490
att,A1848,A1522
att,A1848,A955
att,A1848,A795
att,A1848,A1769
att,A1848,A2638
att,A1848,A1925
att,A1848,A1387
att,A1848,A462
att,A1850,A1166
att,A1850,A1619
att,A1850,A1810
att,A1850,A1703
att,A1850,A2102
att,A1850,A1978
att,A1850,A969
att,A1850,A1736
att,A1850,A1597
att,A1850,A353
att,A1850,A1443
att,A1854,A2181
att,A1854,A586
att,A1854,A1089
att,A1854,A2637
att,A1854,A657
att,A1854,A795
att,A1854,A2263
att,A1856,A2116
att,A1857,A1664
att,A1857,A2778
att,A1857,A2533
att,A1857,A1553
att,A1857,A1798
att,A1857,A2230
att,A1857,A2449
att,A1857,A1628
att,A1857,A2480
att,A1857,A1189
att,A1857,A944
att,A1857,A1865
att,A1857,A790
att,A1857,A272
att,A1857,A608
att,A1857,A184
att,A1857,A1244
att,A1857,A2016
att,A1857,A636
att,A1857,A998
att,A1857,A477
att,A1857,A2512
att,A1857,A703
att,A1857,A2421
att,A1857,A635
att,A1857,A1007
att,A1857,A1979
att,A1857,A639
att,A1861,A2725
att,A1861,A1162
att,A1861,A180
att,A1861,A2331
att,A1861,A1376
att,A1861,A2668
att,A1861,A2028
att,A1861,A1381
att,A1861,A1821
att,A1861,A78
att,A1861,A2616
att,A1861,A1745
att,A1861,A1617
att,A1861,A2402
att,A1861,A124
att,A1861,A336
att,A1864,A912
att,A1864,A1221
att,A1864,A2645
att,A1864,A1688
att,A1864,A1692
att,A1864,A576
att,A1864,A2508
att,A1864,A603
att,A1864,A1868
att,A1864,A1691
att,A1866,A1246
att,A1866,A2072
att,A1866,A2102
att,A1869,A710
att,A1869,A776
att,A1869,A58
att,A1869,A674
att,A1869,A326
att,A1869,A1465
att,A1869,A54
att,A1869,A618
att,A1869,A1829
att,A1869,A1371
att,A1869,A2342
att,A1869,A1853
att,A1869,A14
att,A1870,A712
att,A1870,A328
att,A1870,A529
att,A1870,A1778
att,A1870,A558
att,A1870,A561
att,A1870,A1359
att,A1870,A1395
att,A1870,A469
att,A1870,A2288
att,A1870,A2715
att,A1870,A1891
att,A1870,A546
att,A1870,A2436
att,A1870,A1394
att,A1870,A2133
att,A1870,A1190
att,A1870,A980
att,A1870,A187
att,A1871,A2323
att,A1871,A158
att,A1871,A1365
att,A1871,A670
att,A1871,A983
att,A1871,A502
att,A1871,A2406
att,A1871,A2020
att,A1871,A772
att,A1871,A1550
att,A1871,A1903
att,A1871,A1691
att,A1871,A2207
att,A1871,A1434
att,A1871,A1420
att,A1871,A2467
att,A1871,A1067
att,A1871,A1546
att,A1871,A86
att,A1871,A1430
att,A1873,A1611
att,A1875,A2589
att,A1875,A2726
att,A1875,A1729
att,A1875,A2026
att,A1875,A905
att,A1876,A273
att,A1876,A1542
att,A1876,A2237
att,A1876,A1234
att,A1876,A1601
att,A1876,A2556
att,A1876,A2750
att,A1876,A1183
att,A1877,A1650
att,A1877,A796
att,A1877,A1390
att,A1877,A240
att,A1877,A1358
att,A1877,A2240
att,A1877,A2540
att,A1877,A2034
att,A1877,A614
att,A1877,A1308
att,A1877,A2602
att,A1881,A2138
att,A1881,A1981
att,A1881,A976
att,A1881,A409
att,A1881,A732
att,A1881,A44
att,A1881,A133
att,A1881,A236
att,A1881,A1034
att,A1881,A150
att,A1881,A2538
att,A1881,A688
att,A1881,A2798
att,A1881,A872
att,A1881,A1563
att,A1881,A308
att,A1881,A2096
att,A1881,A2662
att,A1881,A1684
att,A1882,A1096
att,A1882,A2220
att,A1883,A2528
att,A1885,A16
att,A1885,A559
att,A1885,A1747
att,A1885,A815
att,A1885,A1075
att,A1887,A1596
att,A1887,A1075
att,A1887,A1440
att,A1887,A1005
att,A1887,A68
att,A1887,A55
att,A1887,A208
att,A1887,A2079
att,A1887,A2019
att,A1889,A303
att,A1889,A1367
att,A1889,A1798
att,A1889,A476
att,A1889,A2351
att,A1891,A2290
att,A1891,A2293
att,A1891,A272
att,A1895,A622
att,A1895,A1446
att,A1895,A1151
att,A1895,A2106
att,A1895,A208
att,A1895,A1993
att,A1896,A437
att,A1896,A1081
att,A1896,A2177
att,A1896,A1021
att,A1896,A1836
att,A1896,A835
att,A1896,A1455
att,A1897,A635
att,A1897,A2502
att,A1897,A2161
att,A1897,A392
att,A1897,A891
att,A1897,A722
att,A1903,A661
att,A1905,A599
att,A1905,A2758
att,A1905,A1691
att,A1905,A2307
att,A1905,A2715
att,A1905,A1658
att,A1905,A2585
att,A1905,A854
att,A1905,A1162
att,A1905,A846
att,A1905,A730
att,A1905,A1479
att,A1905,A952
att,A1908,A114
att,A1908,A491
att,A1908,A2501
att,A1908,A1602
att,A1908,A2126
att,A1908,A438
att,A1908,A1208
att,A1908,A402
att,A1908,A1220
att,A1908,A1431
att,A1909,A1390
att,A1909,A1345
att,A1909,A1967
att,A1909,A762
att,A1912,A2054
att,A1912,A2599
att,A1912,A1310
att,A1912,A2127
att,A1912,A350
att,A1912,A1871
att,A1912,A698
att,A1912,A488
att,A1912,A401
att,A1912,A1732
att,A1912,A1499
att,A1914,A2521
att,A1914,A680
att,A1914,A343
att,A1914,A1873
att,A1914,A1183
att,A1914,A2280
att,A1914,A1496
att,A1914,A2765
att,A1914,A2505
att,A1914,A829
att,A1914,A570
att,A1914,A2409
att,A1914,A2494
att,A1914,A521
att,A1914,A1789
att,A1914,A257
att,A1914,A402
att,A1914,A207
att,A1914,A659
att,A1914,A2752
att,A1914,A379
att,A1914,A1198
att,A1915,A1756
att,A1915,A1626
att,A1915,A2164
att,A1915,A744
att,A1915,A2195
att,A1915,A1598
att,A1915,A2006
att,A1915,A519
att,A1915,A164
att,A1915,A1667
att,A1915,A1857
att,A1915,A362
att,A1915,A1644
att,A1915,A561
att,A1915,A1491
att,A1915,A2442
att,A1915,A675
att,A1915,A1987
att,A1915,A739
att,A1915,A1081
att,A1915,A1025
att,A1915,A1740
att,A1915,A1550
att,A1915,A2503
att,A1919,A1821
att,A1919,A1948
att,A1919,A36
att,A1922,A2
att,A1922,A671
att,A1922,A2052
att,A1922,A743
att,A1922,A730
att,A1922,A363
att,A1922,A2743
att,A1922,A1156
att,A1922,A395
att,A1922,A2767
att,A1922,A1246
att,A1922,A2523
att,A1922,A1699
att,A1923,A443
att,A1923,A946
att,A1923,A1565
att,A1923,A2623
att,A1923,A2634
att,A1923,A1027
att,A1923,A1489
att,A1923,A928
att,A1923,A1561
att,A1925,A140
att,A1925,A188
att,A1925,A1747
att,A1925,A1172
att,A1925,A1364
att,A1925,A72
att,A1925,A2423
att,A1925,A1146
att,A1925,A1478
att,A1926,A275
att,A1926,A1332
att,A1926,A314
att,A1926,A808
att,A1926,A1054
att,A1926,A307
att,A1928,A710
att,A1928,A2314
att,A1928,A2714
att,A1928,A525
att,A1928,A1311
att,A1928,A2711
att,A1928,A220
att,A1928,A1832
att,A1928,A1278
att,A1928,A1714
att,A1928,A2480
att,A1928,A2774
att,A1928,A2123
att,A1928,A1032
att,A1928,A517
att,A1928,A2486
att,A1928,A2104
att,A1928,A2783
att,A1928,A2533
att,A1930,A2202
att,A1930,A1037
att,A1930,A1464
att,A1930,A365
att,A1930,A733
att,A1930,A2698
att,A1930,A1962
att,A1930,A2726
att,A1930,A1429
att,A1930,A1588
att,A1930,A2796
att,A1930,A1645
att,A1930,A957
att,A1930,A298
att,A1930,A2286
att,A1930,A2688
att,A1930,A1133
att,A1930,A36
att,A1930,A1658
att,A1930,A1577
att,A1930,A2233
att,A1930,A2490
att,A1930,A2179
att,A1930,A155
att,A1930,A1473
att,A1930,A1250
att,A1931,A355
att,A1931,A2471
att,A1931,A1875
att,A1931,A2720
att,A1931,A727
att,A1931,A1129
att,A1931,A564
att,A1933,A1031
att,A1933,A1396
att,A1933,A1888
att,A1933,A2533
att,A1933,A2268
att,A1933,A927
att,A1933,A470
att,A1933,A1824
att,A1933,A109
att,A1933,A866
att,A1933,A1607
att,A1933,A1684
att,A1933,A2420
att,A1933,A316
att,A1933,A2157
att,A1933,A1532
att,A1933,A1792
att,A1933,A895
att,A1933,A2269
att,A1933,A1810
att,A1934,A2758
att,A1934,A1145
att,A1934,A1729
att,A1934,A1132
att,A1934,A104
att,A1934,A2004
att,A1934,A1798
att,A1934,A1588
att,A1934,A1930
att,A1934,A741
att,A1936,A1545
att,A1936,A2775
att,A1936,A2562
att,A1936,A1919
att,A1936,A503
att,A1936,A1312
att,A1936,A380
att,A1936,A2064
att,A1936,A2337
att,A1936,A1795
att,A1936,A31
att,A1936,A1683
att,A1936,A1685
att,A1936,A998
att,A1936,A1393
att,A1936,A1219
att,A1936,A1267
att,A1936,A747
att,A1936,A1656
att,A1936,A198
att,A1936,A2045
att,A1936,A2657
att,A1936,A1130
att,A1936,A435
att,A1938,A2547
att,A1938,A204
att,A1938,A470
att,A1938,A2402
att,A1938,A373
att,A1938,A1580
att,A1938,A1909
att,A1941,A418
att,A1941,A2333
att,A1942,A797
att,A1942,A1594
att,A1942,A1526
att,A1942,A1888
att,A1942,A450
att,A1942,A214
att,A1942,A1200
att,A1942,A1548
att,A1942,A548
att,A1942,A705
att,A1942,A585
att,A1942,A1781
att,A1942,A99
att,A1942,A760
att,A1942,A851
att,A1942,A442
att,A1942,A1676
att,A1942,A1894
att,A1943,A48
att,A1943,A1657
att,A1943,A875
att,A1943,A1207
att,A1943,A1440
att,A1943,A1269
att,A1943,A947
att,A1943,A233
att,A1943,A2250
att,A1943,A2099
att,A1943,A407
att,A1943,A918
att,A1943,A127
att,A1943,A326
att,A1943,A222
att,A1943,A2390
att,A1944,A2510
att,A1944,A33
att,A1944,A588
att,A1944,A58
att,A1944,A2074
att,A1944,A1126
att,A1944,A1290
att,A1944,A2365
att,A1944,A2177
att,A1944,A1219
att,A1944,A1888
att,A1944,A499
att,A1944,A734
att,A1944,A2198
att,A1944,A1754
att,A1944,A1220
att,A1944,A2584
att,A1944,A2451
att,A1946,A832
att,A1946,A2315
att,A1946,A1723
att,A1946,A312
att,A1946,A1765
att,A1946,A795
att,A1946,A954
att,A1946,A288
att,A1946,A1228
att,A1946,A1588
att,A1946,A1602
att,A1946,A2758
att,A1946,A162
att,A1946,A2625
att,A1946,A580
att,A1946,A1838
att,A1946,A2524
att,A1946,A2531
att,A1946,A1041
att,A1946,A2278
att,A1947,A1248
att,A1947,A1766
att,A1947,A1337
att,A1947,A867
att,A1947,A2518
att,A1947,A2563
att,A1947,A1040
att,A1947,A2176
att,A1947,A105
att,A1947,A2342
att,A1947,A2040
att,A1947,A91
att,A1947,A248
att,A1948,A1294
att,A1948,A439
att,A1948,A186
att,A1948,A1958
att,A1948,A1441
att,A1948,A1775
att,A1951,A1537
att,A1951,A2416
att,A1951,A2078
att,A1952,A2336
att,A1952,A481
att,A1952,A1252
att,A1952,A2682
att,A1952,A758
att,A1952,A2415
att,A1952,A2504
att,A1952,A799
att,A1952,A2356
att,A1952,A794
att,A1952,A1726
att,A1952,A774
att,A1952,A2107
att,A1952,A432
att,A1952,A1433
att,A1952,A1568
att,A1952,A2612
att,A1952,A1837
att,A1952,A864
att,A1952,A603
att,A1952,A305
att,A1952,A1758
att,A1952,A1709
att,A1952,A2228
att,A1952,A715
att,A1952,A1864
att,A1952,A2461
att,A1952,A608
att,A1952,A1104
att,A1952,A1277
att,A1954,A2443
att,A1954,A310
att,A1954,A1456
att,A1954,A166
att,A1954,A2399
att,A1954,A2084
att,A1954,A563
att,A1954,A2486
att,A1954,A2424
att,A1955,A2015
att,A1955,A2523
att,A1955,A1437
att,A1955,A2747
att,A1955,A2766
att,A1955,A1592
att,A1955,A1101
att,A1955,A2609
att,A1955,A1129
att,A1955,A955
att,A1955,A435
att,A1955,A1262
att,A1955,A491
att,A1955,A2437
att,A1955,A723
att,A1955,A1987
att,A1958,A184
att,A1958,A2658
att,A1958,A2453
att,A1959,A1081
att,A1959,A933
att,A1959,A1964
att,A1959,A2141
att,A1959,A2568
att,A1959,A755
att,A1959,A856
att,A1959,A1530
att,A1959,A130
att,A1961,A2690
att,A1961,A648
att,A1961,A2345
att,A1961,A1490
att,A1961,A2568
att,A1961,A67
att,A1961,A870
att,A1961,A1299
att,A1961,A1234
att,A1961,A501
att,A1961,A2228
att,A1961,A483
att,A1961,A1160
att,A1961,A2273
att,A1961,A2472
att,A1961,A668
att,A1961,A1161
att,A1961,A2369
att,A1961,A671
att,A1961,A1767
att,A1961,A351
att,A1961,A959
att,A1961,A1445
att,A1961,A1755
att,A1961,A2367
att,A1964,A426
att,A1964,A2458
att,A1964,A569
att,A1964,A176
att,A1964,A851
att,A1964,A157
att,A1964,A472
att,A1964,A1487
att,A1964,A1512
att,A1964,A1263
att,A1964,A561
att,A1964,A2770
att,A1964,A1869
att,A1964,A1567
att,A1966,A1180
att,A1966,A180
att,A1970,A2
att,A1970,A1579
att,A1970,A1866
att,A1970,A2289
att,A1972,A1287
att,A1972,A1087
att,A1972,A398
att,A1972,A129
att,A1972,A1131
att,A1972,A328
att,A1972,A1558
att,A1972,A1032
att,A1972,A1288
att,A1972,A953
att,A1972,A1789
att,A1972,A2383
att,A1973,A36
att,A1973,A2287
att,A1973,A1459
att,A1973,A1181
att,A1973,A1682
att,A1973,A179
att,A1973,A2378
att,A1973,A2150
att,A1973,A1370
att,A1973,A1571
att,A1973,A2383
att,A1973,A2209
att,A1973,A1285
att,A1973,A73
att,A1973,A1675
att,A1973,A185
att,A1973,A948
att,A1973,A681
att,A1973,A2680
att,A1973,A299
att,A1973,A1715
att,A1974,A1223
att,A1974,A618
att,A1974,A556
att,A1974,A1964
att,A1975,A1596
att,A1975,A2541
att,A1975,A2100
att,A1975,A322
att,A1975,A2235
att,A1975,A51
att,A1975,A898
att,A1975,A2474
att,A1975,A2128
att,A1975,A432
att,A1975,A2503
att,A1975,A2744
att,A1975,A285
att,A1975,A527
att,A1975,A2219
att,A1975,A1921
att,A1975,A1576
att,A1975,A2681
att,A1975,A2716
att,A1975,A90
att,A1976,A806
att,A1976,A1311
att,A1976,A1031
att,A1976,A2692
att,A1976,A2422
att,A1976,A199
att,A1976,A2482
att,A1976,A2236
att,A1976,A2265
att,A1976,A539
att,A1976,A2038
att,A1976,A501
att,A1976,A2435
att,A1976,A2160
att,A1976,A181
att,A1976,A1499
att,A1976,A1285
att,A1976,A2721
att,A1976,A332
att,A1976,A1116
att,A1976,A1700
att,A1976,A1321
att,A1976,A816
att,A1977,A295
att,A1977,A2390
att,A1977,A231
att,A1977,A1260
att,A1977,A1649
att,A1977,A595
att,A1977,A1839
att,A1977,A26
att,A1977,A474
att,A1977,A791
att,A1977,A645
att,A1977,A139
att,A1977,A684
att,A1977,A499
att,A1977,A1661
att,A1977,A2741
att,A1977,A2443
att,A1977,A1576
att,A1977,A34
att,A1977,A1059
att,A1977,A1937
att,A1979,A2573
att,A1979,A2421
att,A1979,A1565
att,A1979,A1817
att,A1979,A693
att,A1979,A1093
att,A1979,A93
att,A1979,A2474
att,A1979,A494
att,A1979,A2014
att,A1979,A1750
att,A1979,A912
att,A1979,A1055
att,A1979,A970
att,A1979,A1826
att,A1979,A2413
att,A1979,A151
att,A1979,A19
att,A1979,A908
att,A1979,A2118
att,A1979,A455
att,A1979,A2162
att,A1979,A750
att,A1979,A438
att,A1979,A1839
att,A1981,A438
att,A1981,A197
att,A1981,A1571
att,A1981,A1640
att,A1981,A1722
att,A1981,A2701
att,A1981,A543
att,A1981,A27
att,A1981,A846
att,A1981,A2256
att,A1981,A2077
att,A1981,A631
att,A1981,A2258
att,A1981,A1223
att,A1981,A840
att,A1981,A635
att,A1981,A723
att,A1981,A1184
att,A1981,A12
att,A1981,A247
att,A1981,A87
att,A1981,A337
att,A1981,A105
att,A1982,A346
att,A1982,A1721
att,A1982,A2447
att,A1982,A30
att,A1982,A2342
att,A1982,A1863
att,A1982,A1650
att,A1982,A400
att,A1982,A1687
att,A1982,A1988
att,A1982,A1750
att,A1982,A928
att,A1983,A974
att,A1983,A268
att,A1983,A335
att,A1983,A2570
att,A1983,A2549
att,A1983,A916
att,A1983,A2369
att,A1983,A595
att,A1983,A2461
att,A1983,A2467
att,A1983,A2362
att,A1983,A1279
att,A1983,A186
att,A1983,A2693
att,A1983,A2328
att,A1983,A743
att,A1983,A1515
att,A1984,A1968
att,A1984,A72
att,A1984,A915
att,A1984,A774
att,A1984,A456
att,A1984,A1553
att,A1984,A2051
att,A1984,A439
att,A1984,A2333
att,A1984,A1581
att,A1984,A16
att,A1984,A882
att,A1984,A1001
att,A1984,A2400
att,A1984,A1420
att,A1984,A708
att,A1984,A2745
att,A1984,A299
att,A1984,A1445
att,A1984,A2564
att,A1984,A2050
att,A1984,A2412
att,A1984,A2428
att,A1984,A2635
att,A1984,A1128
att,A1984,A723
att,A1984,A2687
att,A1986,A1378
att,A1986,A2648
att,A1986,A2780
att,A1991,A2523
att,A1991,A149
att,A1991,A950
att,A1991,A896
att,A1991,A1586
att,A1991,A1871
att,A1991,A2639
att,A1991,A433
att,A1991,A2246
att,A1991,A682
att,A1991,A1879
att,A1991,A115
att,A1991,A2545
att,A1991,A1444
att,A1991,A1225
att,A1991,A628
att,A1991,A918
att,A1991,A2659
att,A1991,A1422
att,A1991,A1875
att,A1991,A1691
att,A1991,A2351
att,A1991,A611
att,A1991,A2303
att,A1991,A1745
att,A1991,A1753
att,A1991,A2482
att,A1992,A1606
att,A1992,A2563
att,A1992,A2197
att,A1992,A1910
att,A1992,A2532
att,A1992,A1793
att,A1992,A32
att,A1992,A2237
att,A1992,A2203
att,A1992,A2028
att,A1992,A1981
att,A1992,A799
att,A1992,A2098
att,A1992,A2144
att,A1992,A1047
att,A1992,A1198
att,A1992,A312
att,A1992,A1484
att,A1992,A1752
att,A1992,A829
att,A1992,A2413
att,A1992,A2417
att,A1994,A884
att,A1994,A2100
att,A1994,A257
att,A1994,A1411
att,A1994,A37
att,A1994,A809
att,A1994,A564
att,A1994,A266
att,A1994,A2533
att,A1994,A547
att,A1994,A1154
att,A1994,A2624
att,A1994,A2142
att,A1994,A766
att,A1994,A517
att,A1994,A2127
att,A1994,A2584
att,A1994,A1582
att,A1994,A1240
att,A1994,A192
att,A1994,A1017
att,A1995,A2094
att,A1995,A2465
att,A1995,A1422
att,A1995,A66
att,A1995,A244
att,A1995,A1747
att,A1995,A153
att,A1995,A1231
att,A1999,A1696
att,A1999,A252
att,A1999,A1038
att,A1999,A455
att,A1999,A2007
att,A1999,A1040
att,A2000,A1756
att,A2000,A512
att,A2000,A1321
att,A2000,A1631
att,A2000,A893
att,A2000,A2749
att,A2000,A155
att,A2000,A28
att,A2000,A204
att,A2000,A732
att,A2000,A2183
att,A2000,A2398
att,A2000,A104
att,A2000,A1796
att,A2001,A1521
att,A2001,A836
att,A2001,A1803
att,A2004,A113
att,A2004,A1098
att,A2004,A980
att,A2004,A1309
att,A2004,A691
att,A2004,A2324
att,A2004,A2579
att,A2007,A1675
att,A2007,A2251
att,A2007,A2073
att,A2007,A552
att,A2009,A2336
att,A2009,A668
att,A2009,A1933
att,A2009,A153
att,A2009,A2454
att,A2009,A2490
att,A2009,A1413
att,A2010,A1999
att,A2010,A846
att,A2010,A848
att,A2010,A1213
att,A2010,A1776
att,A2010,A258
att,A2010,A1991
att,A2010,A216
att,A2010,A2289
att,A2010,A948
att,A2010,A993
att,A2010,A1224
att,A2010,A974
att,A2010,A2434
att,A2010,A1253
att,A2010,A84
att,A2010,A1120
att,A2010,A2683
att,A2010,A1925
att,A2010,A2635
att,A2010,A594
att,A2010,A18
att,A2010,A1941
att,A2011,A2723
att,A2011,A2772
att,A2011,A1992
att,A2011,A1429
att,A2011,A238
att,A2011,A261
att,A2011,A558
att,A2011,A780
att,A2011,A1692
att,A2011,A1231
att,A2011,A2079
att,A2011,A198
att,A2011,A1523
att,A2012,A270
att,A2012,A410
att,A2012,A313
att,A2012,A1999
att,A2012,A1438
att,A2012,A1492
att,A2012,A1704
att,A2012,A2123
att,A2012,A2209
att,A2012,A826
att,A2012,A1334
att,A2012,A376
att,A2013,A2239
att,A2013,A2498
att,A2013,A268
att,A2013,A1725
att,A2013,A394
att,A2013,A2310
att,A2013,A564
att,A2013,A2138
att,A2013,A1694
att,A2013,A1619
att,A2013,A2739
att,A2013,A1506
att,A2013,A2645
att,A2013,A2704
att,A2013,A1893
att,A2013,A699
att,A2013,A2622
att,A2013,A1151
att,A2013,A868
att,A2022,A1866
att,A2022,A310
att,A2022,A1043
att,A2022,A1744
att,A2022,A2282
att,A2022,A349
att,A2022,A2637
att,A2022,A278
att,A2022,A353
att,A2022,A206
att,A2022,A516
att,A2022,A907
att,A2022,A724
att,A2022,A394
att,A2022,A312
att,A2022,A2290
att,A2022,A2404
att,A2022,A2490
att,A2022,A523
att,A2024,A560
att,A2024,A2167
att,A2024,A1230
att,A2024,A2052
att,A2024,A437
att,A2024,A760
att,A2024,A583
att,A2024,A2467
att,A2024,A97
att,A2024,A80
att,A2024,A1904
att,A2024,A1166
att,A2024,A134
att,A2024,A1
att,A2024,A2292
att,A2024,A1877
att,A2024,A689
att,A2024,A1041
att,A2024,A1252
att,A2024,A403
att,A2024,A2779
att,A2024,A1182
att,A2024,A2361
att,A2024,A617
att,A2024,A570
att,A2024,A2337
att,A2024,A48
att,A2024,A2677
att,A2024,A777
att,A2025,A1008
att,A2025,A1529
att,A2025,A486
att,A2025,A238
att,A2025,A608
att,A2025,A686
att,A2025,A1613
att,A2025,A804
att,A2025,A2048
att,A2025,A200
att,A2025,A1907
att,A2025,A2402
att,A2025,A2019
att,A2025,A2023
att,A2025,A1876
att,A2025,A1405
att,A2026,A2151
att,A2026,A1918
att,A2026,A500
att,A2026,A1692
att,A2026,A1035
att,A2026,A1913
att,A2026,A2592
att,A2026,A1094
att,A2026,A223
att,A2026,A2040
att,A2026,A1583
att,A2026,A2439
att,A2026,A1871
att,A2026,A862
att,A2026,A1920
att,A2026,A2347
att,A2026,A2050
att,A2026,A246
att,A2026,A696
att,A2026,A1070
att,A2026,A1781
att,A2026,A801
att,A2026,A946
att,A2026,A433
att,A2026,A1740
att,A2027,A312
att,A2027,A1671
att,A2027,A2114
att,A2027,A2215
att,A2027,A1465
att,A2027,A258
att,A2027,A395
att,A2027,A49
att,A2027,A2782
att,A2027,A589
att,A2027,A404
att,A2027,A2357
att,A2029,A1842
att,A2029,A946
att,A2029,A2076
att,A2029,A2304
att,A2029,A318
att,A2029,A910
att,A2029,A814
att,A2029,A586
att,A2029,A607
att,A2029,A2556
att,A2029,A1628
att,A2029,A736
att,A2029,A2588
att,A2029,A860
att,A2029,A558
att,A2029,A1200
att,A2029,A2495
att,A2029,A2756
att,A2029,A618
att,A2030,A878
att,A2030,A2249
att,A2030,A1247
att,A2030,A1199
att,A2030,A134
att,A2031,A374
att,A2031,A1187
att,A2031,A2704
att,A2031,A1202
att,A2031,A2207
att,A2031,A1930
att,A2031,A1754
att,A2031,A871
att,A2031,A908
att,A2031,A2011
att,A2031,A2006
att,A2031,A347
att,A2031,A2422
att,A2031,A1419
att,A2031,A892
att,A2031,A2284
att,A2031,A2165
att,A2031,A1479
att,A2031,A1112
att,A2031,A1795
att,A2031,A404
att,A2031,A727
att,A2031,A1281
att,A2031,A1270
att,A2031,A83
att,A2031,A1569
att,A2033,A2198
att,A2033,A917
att,A2033,A2556
att,A2033,A75
att,A2037,A2619
att,A2037,A1762
att,A2037,A1573
att,A2037,A2716
att,A2037,A2752
att,A2037,A625
att,A2037,A473
att,A2037,A293
att,A2037,A748
att,A2037,A2181
att,A2037,A377
att,A2037,A1190
att,A2037,A799
att,A2037,A79
att,A2037,A49
att,A2037,A250
att,A2038,A2654
att,A2038,A1815
att,A2038,A810
att,A2038,A1686
att,A2038,A1032
att,A2038,A2323
att,A2039,A1868
att,A2039,A665
att,A2039,A1560
att,A2039,A1830
att,A2039,A2365
att,A2039,A2045
att,A2039,A1464
att,A2039,A1270
att,A2039,A1959
att,A2039,A1147
att,A2039,A999
att,A2039,A1156
att,A2039,A1987
att,A2039,A1825
att,A2039,A2053
att,A2039,A62
att,A2039,A309
att,A2039,A1205
att,A2039,A153
att,A2039,A1408
att,A2039,A535
att,A2039,A1111
att,A2039,A421
att,A2039,A2170
att,A2039,A2670
att,A2039,A937
att,A2039,A251
att,A2039,A2166
att,A2039,A2385
att,A2040,A89
att,A2040,A1252
att,A2040,A2128
att,A2040,A169
att,A2040,A1374
att,A2040,A920
att,A2040,A698
att,A2041,A2777
att,A2041,A2171
att,A2041,A2498
att,A2041,A1628
att,A2041,A919
att,A2041,A763
att,A2041,A330
att,A2041,A1545
att,A2048,A1310
att,A2048,A862
att,A2048,A2344
att,A2050,A2741
att,A2050,A975
att,A2050,A1993
att,A2050,A648
att,A2050,A1249
att,A2050,A446
att,A2050,A471
att,A2050,A2279
att,A2050,A337
att,A2050,A1270
att,A2051,A698
att,A2051,A866
att,A2051,A229
att,A2054,A2429
att,A2058,A37
att,A2058,A379
att,A2058,A1572
att,A2058,A44
att,A2058,A2747
att,A2058,A2654
att,A2058,A1551
att,A2058,A1319
att,A2058,A534
att,A2061,A700
att,A2061,A788
att,A2064,A2648
att,A2064,A2661
att,A2064,A584
att,A2064,A425
att,A2064,A1260
att,A2064,A2579
att,A2064,A616
att,A2064,A465
att,A2064,A1332
att,A2064,A1353
att,A2065,A1740
att,A2065,A650
att,A2067,A1931
att,A2067,A576
att,A2067,A2282
att,A2067,A2542
att,A2067,A2634
att,A2067,A2216
att,A2067,A616
att,A2067,A1205
att,A2067,A200
att,A2067,A2242
att,A2067,A2110
att,A2067,A1456
att,A2067,A2250
att,A2067,A2496
att,A2067,A284
att,A2067,A2126
att,A2067,A849
att,A2069,A191
att,A2069,A2509
att,A2069,A1834
att,A2069,A1341
att,A2069,A670
att,A2069,A2367
att,A2069,A900
att,A2070,A1961
att,A2070,A1637
att,A2070,A1425
att,A2070,A1934
att,A2070,A2588
att,A2070,A2655
att,A2070,A2145
att,A2070,A1750
att,A2070,A178
att,A2070,A1867
att,A2071,A1317
att,A2071,A2574
att,A2071,A158
att,A2071,A1103
att,A2071,A2033
att,A2071,A967
att,A2071,A429
att,A2071,A2478
att,A2071,A2214
att,A2071,A2585
att,A2071,A1405
att,A2071,A343
att,A2071,A2635
att,A2071,A106
att,A2071,A1550
att,A2071,A1411
att,A2071,A2005
att,A2071,A738
att,A2071,A2404
att,A2071,A2209
att,A2071,A2191
att,A2074,A2152
att,A2074,A1681
att,A2074,A2235
att,A2074,A293
att,A2074,A2439
att,A2074,A1830
att,A2074,A2252
att,A2074,A777
att,A2074,A2174
att,A2074,A1156
att,A2075,A1993
att,A2075,A1691
att,A2075,A2034
att,A2075,A1435
att,A2075,A2721
att,A2075,A1171
att,A2075,A907
att,A2075,A2552
att,A2075,A2091
att,A2075,A195
att,A2075,A2719
att,A2075,A2102
att,A2075,A1125
att,A2075,A1415
att,A2075,A1599
att,A2075,A699
att,A2075,A1451
att,A2075,A2328
att,A2075,A481
att,A2075,A1466
att,A2077,A1661
att,A2077,A2457
att,A2077,A1385
att,A2077,A2660
att,A2077,A977
att,A2077,A952
att,A2077,A1228
att,A2077,A1273
att,A2077,A2267
att,A2077,A1319
att,A2077,A1651
att,A2079,A1286
att,A2079,A2596
att,A2079,A472
att,A2080,A2372
att,A2080,A1364
att,A2080,A614
att,A2080,A2574
att,A2080,A604
att,A2080,A1175
att,A2081,A2120
att,A2081,A2636
att,A2081,A798
att,A2081,A626
att,A2081,A813
att,A2081,A121
att,A2081,A1077
att,A2081,A2420
att,A2081,A469
att,A2081,A2018
att,A2081,A680
att,A2081,A2632
att,A2081,A1772
att,A2081,A1070
att,A2081,A228
att,A2081,A950
att,A2081,A739
att,A2082,A211
att,A2082,A2194
att,A2082,A1350
att,A2082,A709
att,A2082,A951
att,A2082,A685
att,A2082,A2097
att,A2082,A2219
att,A2082,A1919
att,A2082,A40
att,A2082,A1420
att,A2082,A2298
att,A2082,A2338
att,A2082,A1212
att,A2082,A430
att,A2082,A2268
att,A2082,A999
att,A2082,A708
att,A2082,A768
att,A2082,A1948
att,A2084,A1169
att,A2084,A1940
att,A2085,A1057
att,A2085,A775
att,A2085,A938
att,A2085,A2296
att,A2085,A2346
att,A2085,A1533
att,A2085,A605
att,A2085,A1033
att,A2086,A489
att,A2086,A1050
att,A2086,A1131
att,A2086,A2226
att,A2086,A246
att,A2086,A427
att,A2086,A2401
att,A2086,A1833
att,A2094,A1241
att,A2094,A68
att,A2094,A1657
att,A2094,A2699
att,A2094,A2357
att,A2094,A552
att,A2094,A1676
att,A2094,A58
att,A2094,A2639
att,A2094,A842
att,A2094,A924
att,A2094,A589
att,A2094,A2468
att,A2094,A239
att,A2094,A2300
att,A2094,A1165
att,A2094,A2630
att,A2094,A336
att,A2094,A1019
att,A2094,A499
att,A2094,A67
att,A2094,A946
att,A2094,A1887
att,A2094,A1444
att,A2094,A501
att,A2094,A219
att,A2094,A2470
att,A2096,A1836
att,A2096,A709
att,A2096,A1650
att,A2096,A1217
att,A2096,A2345
att,A2096,A1116
att,A2096,A1305
att,A2096,A8
att,A2096,A26
att,A2096,A2625
att,A2096,A506
att,A2096,A1056
att,A2096,A2035
att,A2096,A38
att,A2096,A2790
att,A2096,A1039
att,A2096,A806
att,A2096,A448
att,A2096,A1153
att,A2097,A2235
att,A2097,A507
att,A2097,A1017
att,A2097,A2300
att,A2097,A830
att,A2097,A1235
att,A2097,A380
att,A2097,A2237
att,A2097,A1713
att,A2097,A479
att,A2097,A270
att,A2097,A695
att,A2097,A1699
att,A2097,A1654
att,A2097,A1641
att,A2097,A1394
att,A2097,A2287
att,A2097,A1990
att,A2097,A842
att,A2099,A1119
att,A2099,A855
att,A2099,A1054
att,A2099,A1632
att,A2099,A2780
att,A2099,A966
att,A2099,A2582
att,A2099,A1095
att,A2099,A2277
att,A2099,A788
att,A2102,A2748
att,A2102,A155
att,A2102,A1470
att,A2102,A2663
att,A2102,A2021
att,A2102,A1946
att,A2102,A427
att,A2102,A1874
att,A2102,A2411
att,A2102,A992
att,A2102,A1062
att,A2102,A225
att,A2102,A244
att,A2102,A2625
att,A2102,A239
att,A2102,A873
att,A2102,A334
att,A2102,A2770
att,A2102,A628
att,A2102,A1120
att,A2102,A2280
att,A2102,A1804
att,A2103,A2517
att,A2103,A1642
att,A2103,A881
att,A2103,A2325
att,A2103,A2140
att,A2103,A1327
att,A2103,A1245
att,A2103,A1667
att,A2103,A2249
att,A2103,A437
att,A2104,A90
att,A2104,A1775
att,A2104,A1369
att,A2104,A915
att,A2104,A917
att,A2104,A2511
att,A2104,A2549
att,A2104,A2746
att,A2104,A2096
att,A2104,A1032
att,A2104,A442
att,A2104,A835
att,A2104,A1077
att,A2104,A1011
att,A2104,A2035
att,A2104,A1389
att,A2104,A789
att,A2105,A465
att,A2105,A1181
att,A2105,A297
att,A2105,A1330
att,A2105,A98
att,A2105,A233
att,A2105,A2234
att,A2106,A1623
att,A2106,A2484
att,A2106,A2679
att,A2106,A420
att,A2106,A1185
att,A2106,A532
att,A2106,A1369
att,A2106,A1194
att,A2106,A66
att,A2106,A769
att,A2106,A2714
att,A2106,A1849
att,A2106,A1751
att,A2106,A626
att,A2106,A2106
att,A2106,A299
att,A2106,A1770
att,A2106,A1123
att,A2106,A367
att,A2106,A414
att,A2106,A1549
att,A2106,A1060
att,A2106,A413
att,A2106,A2680
att,A2106,A1444
att,A2106,A2748
att,A2106,A139
att,A2108,A2706
att,A2108,A312
att,A2108,A297
att,A2108,A1195
att,A2108,A2283
att,A2108,A1943
att,A2108,A12
att,A2108,A2117
att,A2108,A643
att,A2110,A1795
att,A2110,A236
att,A2110,A883
att,A2110,A2732
att,A2110,A2171
att,A2110,A2363
att,A2110,A2563
att,A2110,A2547
att,A2110,A1477
att,A2110,A726
att,A2110,A775
att,A2110,A67
att,A2110,A1976
att,A2110,A2647
att,A2110,A1077
att,A2110,A526
att,A2110,A863
att,A2110,A128
att,A2110,A10
att,A2110,A1763
att,A2110,A2389
att,A2113,A1471
att,A2113,A1249
att,A2113,A2708
att,A2116,A414
att,A2116,A467
att,A2116,A1424
att,A2116,A2639
att,A2116,A889
att,A2116,A118
att,A2116,A2676
att,A2116,A3
att,A2116,A1083
att,A2116,A606
att,A2116,A2406
att,A2116,A1836
att,A2116,A150
att,A2116,A259
att,A2116,A1716
att,A2116,A733
att,A2116,A1616
att,A2116,A1786
att,A2116,A1591
att,A2116,A2264
att,A2117,A1114
att,A2117,A2134
att,A2117,A1405
att,A2117,A512
att,A2117,A1572
att,A2117,A1369
att,A2117,A57
att,A2120,A562
att,A2120,A1240
att,A2120,A772
att,A2120,A1415
att,A2120,A2141
att,A2120,A1199
att,A2120,A1319
att,A2120,A693
att,A2120,A2315
att,A2120,A1750
att,A2120,A2305
att,A2120,A1999
att,A2120,A2379
att,A2120,A439
att,A2120,A1777
att,A2120,A623
att,A2120,A945
att,A2120,A2680
att,A2120,A2033
att,A2121,A289
att,A2121,A1892
att,A2121,A2033
att,A2121,A2429
att,A2121,A1612
att,A2121,A143
att,A2121,A156
att,A2121,A2329
att,A2122,A814
att,A2122,A1233
att,A2122,A278
att,A2122,A1729
att,A2122,A1763
att,A2122,A549
att,A2122,A1416
att,A2122,A2518
att,A2122,A2382
att,A2122,A585
att,A2122,A795
att,A2122,A1488
att,A2126,A646
att,A2126,A379
att,A2126,A549
att,A2126,A768
att,A2126,A976
att,A2126,A1454
att,A2126,A1348
att,A2126,A2253
att,A2126,A310
att,A2126,A66
att,A2126,A2318
att,A2126,A1900
att,A2126,A109
att,A2126,A968
att,A2126,A2495
att,A2126,A1442
att,A2126,A317
att,A2126,A1732
att,A2126,A1206
att,A2126,A1509
att,A2126,A227
att,A2126,A596
att,A2126,A2297
att,A2135,A1326
att,A2135,A73
att,A2135,A575
att,A2135,A1997
att,A2135,A2215
att,A2135,A2129
att,A2135,A810
att,A2135,A2441
att,A2135,A1735
att,A2135,A96
att,A2137,A1988
att,A2137,A418
att,A2137,A1774
att,A2137,A2311
att,A2137,A333
att,A2137,A1403
att,A2137,A598
att,A2137,A1721
att,A2137,A558
att,A2137,A1639
att,A2137,A293
att,A2137,A1929
att,A2137,A709
att,A2137,A965
att,A2137,A2346
att,A2137,A1998
att,A2137,A981
att,A2137,A1244
att,A2137,A2671
att,A2137,A535
att,A2137,A1249
att,A2137,A344
att,A2137,A402
att,A2137,A2434
att,A2139,A1086
att,A2139,A709
att,A2139,A285
att,A2139,A1546
att,A2139,A1245
att,A2139,A126
att,A2139,A1467
att,A2139,A1892
att,A2139,A988
att,A2139,A1299
att,A2139,A2101
att,A2140,A83
att,A2140,A2597
att,A2140,A1861
att,A2140,A715
att,A2140,A309
att,A2141,A1802
att,A2141,A2028
att,A2141,A1592
att,A2141,A1403
att,A2141,A2671
att,A2141,A2170
att,A2141,A2663
att,A2141,A761
att,A2141,A1634
att,A2141,A1086
att,A2141,A1043
att,A2141,A2474
att,A2141,A1687
att,A2141,A1450
att,A2141,A1980
att,A2141,A1636
att,A2141,A1065
att,A2141,A204
att,A2141,A2055
att,A2141,A29
att,A2141,A2638
att,A2141,A2462
att,A2141,A1842
att,A2143,A604
att,A2143,A679
att,A2143,A866
att,A2143,A491
att,A2143,A417
att,A2143,A1246
att,A2143,A1824
att,A2143,A856
att,A2144,A764
att,A2144,A387
att,A2144,A481
att,A2144,A29
att,A2144,A1320
att,A2145,A1719
att,A2145,A93
att,A2147,A993
att,A2147,A41
att,A2147,A154
att,A2147,A1768
att,A2147,A1055
att,A2147,A925
att,A2147,A43
att,A2147,A831
att,A2147,A1969
att,A2147,A2225
att,A2147,A851
att,A2147,A2738
att,A2147,A1865
att,A2147,A350
att,A2147,A2546
att,A2147,A1377
att,A2147,A1526
att,A2151,A1543
att,A2151,A2621
att,A2151,A546
att,A2151,A2194
att,A2151,A2586
att,A2151,A780
att,A2151,A877
att,A2151,A1737
att,A2151,A1560
att,A2151,A2686
att,A2151,A2641
att,A2151,A2187
att,A2151,A667
att,A2151,A1221
att,A2151,A177
att,A2151,A556
att,A2151,A1729
att,A2151,A367
att,A2151,A2771
att,A2151,A655
att,A2152,A835
att,A2152,A320
att,A2152,A969
att,A2152,A2792
att,A2152,A2205
att,A2152,A2574
att,A2152,A2339
att,A2152,A266
att,A2152,A1538
att,A2152,A1507
att,A2152,A1409
att,A2152,A650
att,A2152,A447
att,A2154,A2471
att,A2154,A1648
att,A2154,A2798
att,A2156,A159
att,A2156,A1269
att,A2156,A2772
att,A2156,A1047
att,A2156,A2429
att,A2156,A1244
att,A2156,A1945
att,A2156,A1426
att,A2156,A302
att,A2156,A560
att,A2157,A1648
att,A2158,A2052
att,A2163,A2060
att,A2163,A2781
att,A2163,A1908
att,A2163,A1023
att,A2163,A401
att,A2163,A1546
att,A2163,A1369
att,A2163,A126
att,A2163,A238
att,A2163,A2390
att,A2163,A933
att,A2163,A183
att,A2163,A2249
att,A2163,A983
att,A2163,A683
att,A2163,A303
att,A2163,A1762
att,A2164,A805
att,A2164,A1563
att,A2164,A1259
att,A2164,A2751
att,A2164,A2085
att,A2164,A480
att,A2164,A1358
att,A2164,A1520
att,A2165,A724
att,A2165,A1022
att,A2165,A1101
att,A2165,A907
att,A2165,A2543
att,A2165,A2263
att,A2165,A1468
att,A2165,A621
att,A2169,A2456
att,A2169,A2278
att,A2169,A1523
att,A2169,A945
att,A2169,A17
att,A2169,A1660
att,A2169,A2610
att,A2169,A2657
att,A2169,A2786
att,A2169,A1883
att,A2169,A968
att,A2173,A2772
att,A2173,A1604
att,A2173,A1208
att,A2173,A218
att,A2173,A452
att,A2173,A671
att,A2175,A2110
att,A2175,A1039
att,A2175,A1895
att,A2175,A1225
att,A2175,A2731
att,A2175,A2687
att,A2175,A1899
att,A2175,A1528
att,A2175,A2268
att,A2175,A407
att,A2175,A133
att,A2175,A1744
att,A2175,A1196
att,A2175,A2706
att,A2175,A1405
att,A2175,A28
att,A2175,A261
att,A2175,A1821
att,A2175,A1082
att,A2175,A2628
att,A2175,A1523
att,A2175,A2108
att,A2175,A2466
att,A2176,A638
att,A2176,A715
att,A2176,A670
att,A2176,A1069
att,A2176,A558
att,A2176,A158
att,A2176,A1590
att,A2176,A370
att,A2176,A2379
att,A2176,A2766
att,A2176,A341
att,A2176,A1822
att,A2176,A2250
att,A2176,A2404
att,A2180,A605
att,A2180,A2322
att,A2180,A711
att,A2180,A1623
att,A2180,A2298
att,A2180,A2302
att,A2180,A1329
att,A2180,A395
att,A2180,A2669
att,A2180,A2751
att,A2180,A1362
att,A2180,A1646
att,A2180,A1219
att,A2180,A1811
att,A2180,A392
att,A2180,A1094
att,A2180,A498
att,A2180,A1508
att,A2180,A1655
att,A2180,A2361
att,A2180,A1468
att,A2180,A260
att,A2180,A320
att,A2181,A386
att,A2181,A2145
att,A2181,A2037
att,A2181,A2449
att,A2181,A256
att,A2181,A494
att,A2181,A1602
att,A2183,A1477
att,A2183,A1421
att,A2183,A2463
att,A2183,A1353
att,A2183,A2099
att,A2183,A1853
att,A2183,A93
att,A2183,A2744
att,A2183,A2293
att,A2183,A2232
att,A2183,A566
att,A2183,A2745
att,A2183,A193
att,A2183,A1576
att,A2183,A1006
att,A2183,A2199
att,A2186,A25
att,A2186,A1832
att,A2186,A1496
att,A2186,A1577
att,A2186,A757
att,A2186,A2069
att,A2186,A1612
att,A2186,A2599
att,A2186,A1019
att,A2186,A2174
att,A2186,A2435
att,A2186,A2621
att,A2187,A1683
att,A2187,A2318
att,A2187,A1966
att,A2187,A1374
att,A2187,A1358
att,A2187,A1767
att,A2187,A754
att,A2187,A699
att,A2187,A2295
att,A2187,A2619
att,A2189,A2110
att,A2189,A2339
att,A2189,A1707
att,A2189,A94
att,A2191,A1960
att,A2191,A1396
att,A2191,A1927
att,A2191,A2388
att,A2191,A719
att,A2191,A1976
att,A2191,A1192
att,A2191,A1406
att,A2191,A50
att,A2191,A2657
att,A2191,A742
att,A2191,A842
att,A2191,A192
att,A2191,A2338
att,A2191,A1137
att,A2191,A2199
att,A2191,A1913
att,A2191,A1809
att,A2191,A2067
att,A2191,A706
att,A2191,A831
att,A2191,A2196
att,A2192,A2031
att,A2192,A2395
att,A2192,A1839
att,A2192,A2698
att,A2192,A1138
att,A2192,A2111
att,A2192,A1297
att,A2192,A1784
att,A2192,A734
att,A2192,A638
att,A2192,A1375
att,A2192,A2192
att,A2192,A398
att,A2192,A2132
att,A2192,A304
att,A2192,A2479
att,A2192,A344
att,A2192,A450
att,A2192,A2627
att,A2193,A1796
att,A2193,A938
att,A2193,A704
att,A2198,A2564
att,A2198,A1860
att,A2198,A104
att,A2198,A2492
att,A2198,A421
att,A2198,A1120
att,A2198,A356
att,A2198,A488
att,A2198,A110
att,A2198,A2666
att,A2198,A2733
att,A2198,A2545
att,A2198,A1477
att,A2198,A667
att,A2198,A2022
att,A2198,A2203
att,A2198,A2688
att,A2198,A851
att,A2198,A746
att,A2201,A2463
att,A2201,A2213
att,A2201,A1500
att,A2201,A2794
att,A2201,A758
att,A2201,A77
att,A2201,A2622
att,A2201,A229
att,A2201,A767
att,A2201,A898
att,A2201,A695
att,A2201,A1489
att,A2201,A428
att,A2201,A141
att,A2201,A1456
att,A2201,A2118
att,A2201,A276
att,A2201,A187
att,A2201,A694
att,A2201,A939
att,A2201,A1538
att,A2201,A1117
att,A2202,A2522
att,A2202,A2146
att,A2202,A2706
att,A2202,A1704
att,A2202,A721
att,A2202,A2252
att,A2202,A1204
att,A2202,A1324
att,A2202,A1996
att,A2202,A700
att,A2202,A560
att,A2202,A1898
att,A2202,A1842
att,A2203,A1878
att,A2203,A1487
att,A2203,A2556
att,A2203,A1987
att,A2203,A2389
att,A2203,A1710
att,A2203,A2555
att,A2203,A1231
att,A2203,A839
att,A2203,A1320
att,A2203,A863
att,A2203,A897
att,A2203,A749
att,A2203,A978
att,A2203,A502
att,A2203,A1053
att,A2203,A2586
att,A2203,A2457
att,A2203,A534
att,A2203,A314
att,A2203,A2449
att,A2203,A1242
att,A2203,A2334
att,A2203,A470
att,A2203,A2565
att,A2204,A117
att,A2204,A567
att,A2204,A493
att,A2204,A1192
att,A2204,A333
att,A2204,A2328
att,A2204,A2732
att,A2204,A2292
att,A2204,A1546
att,A2204,A1867
att,A2204,A114
att,A2204,A1069
att,A2204,A1140
att,A2204,A2098
att,A2204,A107
att,A2204,A2355
att,A2204,A1202
att,A2204,A1592
att,A2204,A393
att,A2204,A2743
att,A2204,A240
att,A2205,A1465
att,A2205,A56
att,A2205,A2511
att,A2205,A655
att,A2205,A1379
att,A2205,A2086
att,A2205,A742
att,A2205,A617
att,A2205,A2236
att,A2205,A669
att,A2205,A998
att,A2205,A2073
att,A2205,A442
att,A2205,A915
att,A2205,A837
att,A2205,A2324
att,A2205,A469
att,A2206,A519
att,A2206,A1574
att,A2206,A1285
att,A2206,A1521
att,A2206,A575
att,A2206,A683
att,A2206,A263
att,A2206,A167
att,A2206,A1771
att,A2206,A1418
att,A2206,A2498
att,A2206,A2551
att,A2206,A639
att,A2206,A774
att,A2206,A1641
att,A2206,A424
att,A2206,A258
att,A2206,A154
att,A2206,A491
att,A2206,A248
att,A2206,A809
att,A2206,A1527
att,A2208,A967
att,A2208,A1744
att,A2208,A1849
att,A2208,A185
att,A2211,A1438
att,A2211,A421
att,A2211,A2726
att,A2211,A2151
att,A2211,A116
att,A2211,A1491
att,A2213,A488
att,A2213,A296
att,A2213,A806
att,A2213,A1341
att,A2213,A195
att,A2213,A1962
att,A2213,A958
att,A2213,A1189
att,A2213,A1105
att,A2213,A146
att,A2213,A180
att,A2213,A224
att,A2214,A1891
att,A2214,A1259
att,A2214,A2577
att,A2214,A434
att,A2214,A459
att,A2214,A465
att,A2214,A2058
att,A2214,A653
att,A2214,A139
att,A2215,A999
att,A2215,A1450
att,A2218,A174
att,A2218,A2552
att,A2218,A2070
att,A2218,A970
att,A2218,A1684
att,A2218,A2739
att,A2218,A1750
att,A2218,A677
att,A2218,A139
att,A2218,A1781
att,A2218,A376
att,A2218,A2319
att,A2218,A2205
att,A2218,A64
att,A2218,A2175
att,A2218,A262
att,A2218,A342
att,A2218,A2104
att,A2218,A2343
att,A2218,A1719
att,A2221,A1489
att,A2221,A2101
att,A2221,A1713
att,A2221,A2378
att,A2221,A2503
att,A2221,A5
att,A2221,A1084
att,A2221,A77
att,A2221,A322
att,A2221,A1556
att,A2221,A1944
att,A2221,A613
att,A2221,A1535
att,A2221,A2176
att,A2221,A2335
att,A2221,A1968
att,A2221,A614
att,A2221,A435
att,A2221,A45
att,A2221,A518
att,A2221,A1630
att,A2221,A1596
att,A2221,A1207
att,A2221,A840
att,A2221,A1568
att,A2222,A2248
att,A2222,A1581
att,A2222,A1882
att,A2222,A578
att,A2223,A719
att,A2223,A227
att,A2223,A1849
att,A2223,A1349
att,A2223,A228
att,A2223,A345
att,A2223,A486
att,A2223,A772
att,A2223,A1819
att,A2223,A1978
att,A2223,A1951
att,A2223,A411
att,A2223,A1818
att,A2223,A1196
att,A2223,A346
att,A2223,A1886
att,A2224,A586
att,A2224,A1811
att,A2224,A2457
att,A2224,A667
att,A2225,A257
att,A2225,A1865
att,A2225,A871
att,A2225,A2485
att,A2225,A334
att,A2225,A2126
att,A2225,A520
att,A2225,A702
att,A2225,A1908
att,A2225,A911
att,A2225,A1316
att,A2225,A1877
att,A2225,A1698
att,A2225,A1426
att,A2226,A763
att,A2226,A1636
att,A2226,A897
att,A2226,A202
att,A2226,A84
att,A2226,A1941
att,A2226,A839
att,A2226,A1133
att,A2226,A971
att,A2226,A1355
att,A2226,A1918
att,A2226,A2618
att,A2226,A2346
att,A2226,A627
att,A2226,A48
att,A2226,A869
att,A2226,A1605
att,A2226,A2121
att,A2228,A2529
att,A2228,A1954
att,A2228,A2250
att,A2228,A2313
att,A2228,A679
att,A2228,A1801
att,A2228,A198
att,A2228,A2258
att,A2228,A2151
att,A2228,A2017
att,A2229,A913
att,A2229,A1763
att,A2229,A878
att,A2229,A11
att,A2229,A2522
att,A2229,A844
att,A2229,A1408
att,A2229,A2066
att,A2229,A635
att,A2229,A2759
att,A2229,A99
att,A2229,A2655
att,A2229,A1873
att,A2229,A819
att,A2230,A2491
att,A2230,A1038
att,A2230,A2622
att,A2230,A787
att,A2230,A64
att,A2230,A2746
att,A2231,A2390
att,A2231,A954
att,A2231,A1091
att,A2231,A2725
att,A2231,A870
att,A2231,A1595
att,A2231,A1178
att,A2231,A1019
att,A2231,A1910
att,A2231,A948
att,A2231,A2099
att,A2231,A507
att,A2231,A2392
att,A2231,A2671
att,A2231,A2685
att,A2231,A2301
att,A2231,A2376
att,A2231,A1908
att,A2231,A2563
att,A2231,A270
att,A2231,A691
att,A2231,A1578
att,A2231,A2467
att,A2231,A1244
att,A2231,A1128
att,A2232,A920
att,A2232,A51
att,A2232,A2141
att,A2232,A2432
att,A2232,A653
att,A2232,A2458
att,A2232,A2717
att,A2232,A770
att,A2232,A2557
att,A2232,A1015
att,A2234,A1309
att,A2234,A1915
att,A2234,A1744
att,A2234,A2196
att,A2234,A2461
att,A2234,A1292
att,A2234,A1344
att,A2234,A1003
att,A2234,A1418
att,A2234,A8
att,A2234,A1462
att,A2234,A1084
att,A2234,A2399
att,A2234,A918
att,A2234,A458
att,A2234,A1108
att,A2234,A1897
att,A2234,A2355
att,A2234,A727
att,A2235,A1082
att,A2235,A2779
att,A2235,A2220
att,A2235,A959
att,A2235,A385
att,A2235,A1052
att,A2235,A2081
att,A2235,A2551
att,A2235,A2117
att,A2235,A1522
att,A2235,A1926
att,A2235,A204
att,A2235,A2780
att,A2235,A151
att,A2235,A1216
att,A2235,A985
att,A2238,A1028
att,A2238,A924
att,A2239,A2019
att,A2239,A459
att,A2239,A1836
att,A2239,A1874
att,A2239,A1078
att,A2239,A1971
att,A2239,A532
att,A2239,A523
att,A2239,A1066
att,A2243,A1982
att,A2243,A1605
att,A2243,A405
att,A2243,A806
att,A2243,A763
att,A2243,A602
att,A2243,A1537
att,A2243,A2205
att,A2243,A691
att,A2243,A2613
att,A2243,A1716
att,A2246,A541
att,A2246,A978
att,A2246,A1163
att,A2246,A243
att,A2246,A184
att,A2246,A392
att,A2246,A471
att,A2246,A1522
att,A2246,A61
att,A2246,A2423
att,A2246,A1884
att,A2246,A1239
att,A2246,A1008
att,A2246,A600
att,A2248,A52
att,A2248,A1007
att,A2248,A579
att,A2248,A890
att,A2248,A2106
att,A2248,A332
att,A2249,A1994
att,A2249,A402
att,A2249,A1565
att,A2249,A2075
att,A2249,A2678
att,A2249,A528
att,A2249,A160
att,A2249,A1452
att,A2249,A1563
att,A2249,A1209
att,A2249,A1348
att,A2249,A2046
att,A2251,A2662
att,A2251,A1421
att,A2251,A2188
att,A2251,A728
att,A2251,A1458
att,A2251,A211
att,A2251,A1326
att,A2251,A1964
att,A2251,A353
att,A2253,A2263
att,A2253,A1169
att,A2253,A456
att,A2253,A53
att,A2253,A1519
att,A2253,A1023
att,A2253,A2040
att,A2254,A2162
att,A2254,A1577
att,A2254,A620
att,A2254,A958
att,A2254,A173
att,A2254,A1635
att,A2254,A2392
att,A2254,A2579
att,A2254,A2530
att,A2254,A734
att,A2254,A1401
att,A2255,A534
att,A2255,A807
att,A2255,A1901
att,A2255,A859
att,A2255,A108
att,A2255,A429
att,A2255,A602
att,A2255,A1418
att,A2255,A525
att,A2255,A1026
att,A2255,A1770
att,A2255,A1015
att,A2255,A1497
att,A2255,A2546
att,A2255,A507
att,A2255,A2778
att,A2257,A1352
att,A2257,A995
att,A2257,A1267
att,A2257,A1928
att,A2257,A854
att,A2257,A2368
att,A2257,A2374
att,A2257,A2010
att,A2257,A2196
att,A2257,A1291
att,A2257,A1948
att,A2257,A1088
att,A2257,A1211
att,A2257,A1891
att,A2257,A2426
att,A2257,A1505
att,A2257,A375
att,A2257,A2617
att,A2257,A2483
att,A2258,A1903
att,A2259,A2492
att,A2259,A1477
att,A2260,A269
att,A2260,A1688
att,A2260,A1701
att,A2260,A2122
att,A2260,A558
att,A2260,A1515
att,A2260,A248
att,A2260,A1095
att,A2260,A849
att,A2260,A760
att,A2260,A1457
att,A2261,A1279
att,A2261,A1190
att,A2261,A129
att,A2261,A685
att,A2261,A2256
att,A2261,A30
att,A2261,A493
att,A2261,A475
att,A2261,A1193
att,A2261,A1788
att,A2261,A2138
att,A2261,A1713
att,A2261,A1838
att,A2261,A2293
att,A2261,A662
att,A2261,A2147
att,A2261,A2643
att,A2261,A274
att,A2261,A111
att,A2261,A1846
att,A2261,A1675
att,A2261,A2745
att,A2261,A294
att,A2261,A2638
att,A2261,A1140
att,A2261,A40
att,A2261,A1086
att,A2261,A1455
att,A2261,A882
att,A2262,A2316
att,A2262,A774
att,A2262,A2486
att,A2262,A1373
att,A2262,A980
att,A2262,A999
att,A2262,A354
att,A2262,A10
att,A2262,A53
att,A2262,A2106
att,A2262,A2248
att,A2262,A2768
att,A2262,A640
att,A2262,A1929
att,A2262,A2088
att,A2262,A2555
att,A2264,A1911
att,A2264,A1789
att,A2264,A1970
att,A2264,A195
att,A2264,A1718
att,A2264,A301
att,A2264,A2113
att,A2264,A2510
att,A2264,A1968
att,A2264,A2526
att,A2264,A888
att,A2264,A629
att,A2264,A2027
att,A2264,A2222
att,A2264,A2380
att,A2267,A1310
att,A2267,A2497
att,A2267,A1234
att,A2267,A2201
att,A2267,A102
att,A2267,A502
att,A2267,A688
att,A2267,A128
att,A2267,A386
att,A2267,A1909
att,A2267,A1367
att,A2267,A813
att,A2267,A1209
att,A2267,A1503
att,A2267,A1597
att,A2267,A1152
att,A2267,A1716
att,A2267,A1821
att,A2267,A2004
att,A2267,A1102
att,A2270,A2577
att,A2270,A1918
att,A2270,A483
att,A2270,A2278
att,A2270,A1278
att,A2270,A675
att,A2270,A1181
att,A2272,A684
att,A2272,A1754
att,A2272,A1615
att,A2272,A1414
att,A2272,A1973
att,A2272,A2098
att,A2272,A1596
att,A2272,A55
att,A2272,A2374
att,A2272,A101
att,A2272,A1041
att,A2272,A2565
att,A2272,A246
att,A2272,A2718
att,A2273,A114
att,A2273,A1729
att,A2273,A1988
att,A2273,A2118
att,A2273,A337
att,A2273,A814
att,A2273,A2228
att,A2273,A637
att,A2273,A902
att,A2273,A414
att,A2273,A2180
att,A2273,A170
att,A2273,A229
att,A2273,A1895
att,A2273,A2554
att,A2273,A730
att,A2273,A635
att,A2273,A1192
att,A2273,A275
att,A2276,A374
att,A2276,A2009
att,A2276,A2523
att,A2276,A2003
att,A2276,A1919
att,A2276,A1839
att,A2276,A224
att,A2276,A2438
att,A2276,A2330
att,A2276,A2349
att,A2276,A980
att,A2276,A2083
att,A2276,A2446
att,A2276,A2307
att,A2276,A1836
att,A2276,A469
att,A2276,A454
att,A2276,A1684
att,A2276,A246
att,A2276,A1364
att,A2277,A484
att,A2277,A1904
att,A2277,A500
att,A2277,A1204
att,A2277,A1641
att,A2277,A1231
att,A2277,A1399
att,A2277,A885
att,A2277,A2152
att,A2277,A753
att,A2277,A163
att,A2277,A2140
att,A2277,A1485
att,A2277,A2269
att,A2277,A663
att,A2277,A707
att,A2277,A2264
att,A2277,A2631
att,A2277,A647
att,A2278,A264
att,A2278,A1194
att,A2278,A1386
att,A2278,A131
att,A2278,A2558
att,A2278,A1093
att,A2278,A2179
att,A2278,A633
att,A2278,A2722
att,A2278,A1603
att,A2278,A2604
att,A2278,A1766
att,A2278,A1258
att,A2278,A1982
att,A2278,A2108
att,A2278,A2036
att,A2279,A465
att,A2279,A928
att,A2279,A1378
att,A2281,A325
att,A2281,A2675
att,A2282,A2691
att,A2282,A700
att,A2282,A1193
att,A2282,A233
att,A2282,A1523
att,A2282,A1690
att,A2282,A540
att,A2282,A1910
att,A2282,A1204
att,A2282,A239
att,A2282,A470
att,A2282,A2576
att,A2282,A755
att,A2282,A1301
att,A2282,A1899
att,A2282,A2233
att,A2282,A152
att,A2282,A1938
att,A2282,A694
att,A2283,A2245
att,A2283,A2321
att,A2283,A1303
att,A2283,A2111
att,A2283,A2249
att,A2283,A731
att,A2283,A1869
att,A2283,A1094
att,A2283,A2170
att,A2283,A920
att,A2283,A2312
att,A2283,A663
att,A2285,A2073
att,A2285,A1127
att,A2285,A2760
att,A2285,A1768
att,A2285,A97
att,A2285,A1821
att,A2285,A972
att,A2285,A1870
att,A2285,A2078
att,A2286,A1729
att,A2286,A1594
att,A2286,A2753
att,A2286,A1870
att,A2286,A2424
att,A2286,A471
att,A2286,A470
att,A2286,A2726
att,A2286,A1107
att,A2286,A1276
att,A2286,A1472
att,A2286,A1490
att,A2286,A243
att,A2286,A1444
att,A2286,A957
att,A2286,A833
att,A2286,A1033
att,A2286,A2378
att,A2286,A2719
att,A2287,A481
att,A2287,A1791
att,A2287,A1012
att,A2287,A2449
att,A2287,A819
att,A2287,A1411
att,A2287,A1543
att,A2287,A71
att,A2287,A779
att,A2287,A594
att,A2287,A2486
att,A2287,A1517
att,A2287,A1146
att,A2287,A1273
att,A2292,A1228
att,A2292,A665
att,A2292,A2521
att,A2292,A1422
att,A2292,A413
att,A2292,A2391
att,A2292,A2003
att,A2292,A2710
att,A2292,A1336
att,A2292,A1515
att,A2292,A2739
att,A2292,A1
att,A2292,A2248
att,A2292,A472
att,A2292,A425
att,A2292,A1405
att,A2292,A958
att,A2292,A2131
att,A2292,A1062
att,A2292,A949
att,A2292,A2285
att,A2292,A2647
att,A2292,A1750
att,A2294,A1190
att,A2294,A674
att,A2294,A2367
att,A2294,A63
att,A2294,A1573
att,A2294,A2207
att,A2294,A1693
att,A2294,A1919
att,A2294,A1220
att,A2294,A1548
att,A2294,A598
att,A2294,A179
att,A2294,A521
att,A2294,A1433
att,A2294,A963
att,A2295,A264
att,A2295,A279
att,A2295,A269
att,A2295,A151
att,A2295,A967
att,A2295,A1449
att,A2295,A2685
att,A2295,A873
att,A2295,A946
att,A2295,A356
att,A2295,A1616
att,A2295,A2704
att,A2295,A636
att,A2295,A535
att,A2295,A1361
att,A2295,A2620
att,A2295,A2402
att,A2296,A1540
att,A2296,A479
att,A2296,A2155
att,A2296,A2115
att,A2296,A2612
att,A2296,A9
att,A2296,A2161
att,A2296,A179
att,A2296,A814
att,A2296,A1139
att,A2296,A150
att,A2296,A2456
att,A2296,A1849
att,A2297,A2036
att,A2297,A1726
att,A2297,A2112
att,A2297,A2075
att,A2297,A2220
att,A2297,A1197
att,A2297,A888
att,A2297,A1999
att,A2297,A1619
att,A2297,A2797
att,A2297,A1079
att,A2297,A1388
att,A2297,A1974
att,A2297,A1876
att,A2297,A2255
att,A2297,A533
att,A2297,A501
att,A2297,A2793
att,A2297,A2188
att,A2299,A410
att,A2299,A1326
att,A2299,A977
att,A2299,A2303
att,A2299,A767
att,A2299,A1380
att,A2299,A1466
att,A2299,A1148
att,A2299,A2142
att,A2299,A2653
att,A2300,A2230
att,A2300,A1492
att,A2300,A2388
att,A2300,A1595
att,A2300,A2038
att,A2300,A429
att,A2300,A623
att,A2300,A1155
att,A2300,A1428
att,A2300,A1474
att,A2302,A2607
att,A2302,A1842
att,A2302,A1996
att,A2302,A656
att,A2302,A2720
att,A2302,A263
att,A2302,A156
att,A2302,A2766
att,A2302,A1599
att,A2302,A1947
att,A2302,A2419
att,A2302,A676
att,A2302,A314
att,A2302,A924
att,A2302,A1497
att,A2302,A461
att,A2302,A1791
att,A2302,A155
att,A2302,A1691
att,A2302,A1298
att,A2302,A2235
att,A2302,A1393
att,A2302,A1879
att,A2302,A193
att,A2304,A540
att,A2304,A1533
att,A2304,A2429
att,A2304,A770
att,A2304,A1711
att,A2304,A480
att,A2304,A2596
att,A2304,A1539
att,A2304,A240
att,A2304,A1323
att,A2304,A144
att,A2304,A1291
att,A2304,A1269
att,A2304,A1701
att,A2304,A111
att,A2306,A1641
att,A2306,A694
att,A2306,A2777
att,A2306,A2364
att,A2306,A446
att,A2306,A2235
att,A2306,A151
att,A2306,A2589
att,A2306,A2072
att,A2306,A2453
att,A2306,A2311
att,A2306,A951
att,A2306,A1284
att,A2306,A1496
att,A2306,A1171
att,A2306,A755
att,A2306,A1176
att,A2306,A1971
att,A2306,A1804
att,A2306,A1499
att,A2306,A2494
att,A2306,A1040
att,A2306,A1781
att,A2306,A515
att,A2306,A8
att,A2306,A2089
att,A2306,A912
att,A2306,A2773
att,A2306,A1538
att,A2306,A747
att,A2306,A325
att,A2306,A2795
att,A2312,A1185
att,A2312,A2032
att,A2312,A85
att,A2312,A2396
att,A2312,A1989
att,A2312,A849
att,A2312,A2649
att,A2312,A1747
att,A2312,A1536
att,A2312,A134
att,A2312,A1676
att,A2312,A1823
att,A2312,A1775
att,A2312,A2744
att,A2312,A1705
att,A2312,A443
att,A2312,A1088
att,A2313,A1368
att,A2313,A418
att,A2313,A1638
att,A2313,A2498
att,A2313,A2232
att,A2313,A145
att,A2313,A2792
att,A2313,A883
att,A2313,A2580
att,A2315,A1925
att,A2315,A98
att,A2315,A2723
att,A2315,A1661
att,A2315,A2751
att,A2315,A1095
att,A2316,A1207
att,A2316,A2080
att,A2316,A2027
att,A2316,A2451
att,A2316,A2175
att,A2316,A1198
att,A2316,A2754
att,A2316,A589
att,A2316,A2378
att,A2316,A1368
att,A2316,A700
att,A2316,A2542
att,A2316,A256
att,A2316,A2289
att,A2316,A2313
att,A2316,A364
att,A2316,A1873
att,A2316,A2198
att,A2316,A1076
att,A2316,A735
att,A2316,A367
att,A2316,A88
att,A2316,A1209
att,A2316,A2666
att,A2316,A1624
att,A2317,A238
att,A2317,A2435
att,A2317,A547
att,A2317,A1763
att,A2317,A1556
att,A2317,A2096
att,A2317,A227
att,A2318,A618
att,A2318,A1005
att,A2318,A1144
att,A2318,A998
att,A2318,A1807
att,A2318,A741
att,A2318,A1272
att,A2318,A2741
att,A2318,A75
att,A2318,A1936
att,A2318,A16
att,A2318,A2041
att,A2318,A2173
att,A2318,A2003
att,A2318,A210
att,A2321,A1347
att,A2321,A1405
att,A2321,A2113
att,A2321,A1843
att,A2321,A425
att,A2321,A330
att,A2321,A2449
att,A2321,A889
att,A2321,A504
att,A2321,A2790
att,A2321,A1452
att,A2321,A2720
att,A2321,A1127
att,A2321,A2458
att,A2321,A786
att,A2321,A2764
att,A2321,A1118
att,A2321,A2356
att,A2321,A1617
att,A2321,A1845
att,A2326,A1935
att,A2326,A2017
att,A2326,A2387
att,A2326,A1262
att,A2326,A1231
att,A2326,A127
att,A2326,A1685
att,A2326,A2401
att,A2326,A1637
att,A2326,A720
att,A2326,A1388
att,A2326,A1686
att,A2326,A1824
att,A2326,A90
att,A2326,A1871
att,A2326,A197
att,A2326,A765
att,A2326,A1332
att,A2326,A1073
att,A2326,A831
att,A2326,A1002
att,A2326,A26
att,A2326,A2520
att,A2326,A2541
att,A2326,A424
att,A2327,A981
att,A2327,A1321
att,A2327,A1721
att,A2327,A2445
att,A2327,A528
att,A2327,A2713
att,A2327,A2405
att,A2327,A812
att,A2327,A1419
att,A2327,A2655
att,A2327,A2196
att,A2327,A743
att,A2327,A2799
att,A2327,A2400
att,A2327,A2624
att,A2327,A416
att,A2327,A913
att,A2327,A262
att,A2328,A1762
att,A2328,A623
att,A2328,A1305
att,A2328,A390
att,A2328,A958
att,A2328,A242
att,A2328,A32
att,A2328,A2361
att,A2328,A2024
att,A2328,A47
att,A2328,A2105
att,A2328,A682
att,A2328,A548
att,A2328,A2353
att,A2328,A1202
att,A2328,A1849
att,A2328,A1636
att,A2328,A855
att,A2328,A496
att,A2328,A2074
att,A2328,A2522
att,A2328,A2040
att,A2328,A2603
att,A2328,A1415
att,A2329,A2725
att,A2329,A660
att,A2329,A1475
att,A2329,A790
att,A2329,A1995
att,A2329,A802
att,A2329,A1585
att,A2329,A2689
att,A2329,A2219
att,A2329,A1271
att,A2329,A2396
att,A2329,A125
att,A2329,A1139
att,A2329,A1671
att,A2329,A527
att,A2329,A1500
att,A2330,A1072
att,A2330,A2680
att,A2330,A722
att,A2330,A1872
att,A2330,A1749
att,A2330,A2794
att,A2330,A687
att,A2330,A2531
att,A2330,A461
att,A2330,A738
att,A2330,A1152
att,A2330,A1042
att,A2330,A613
att,A2330,A321
att,A2330,A12
att,A2330,A1972
att,A2330,A583
att,A2330,A2067
att,A2330,A1649
att,A2330,A1719
att,A2330,A1448
att,A2330,A297
att,A2330,A2368
att,A2330,A2365
att,A2330,A2150
att,A2330,A1525
att,A2330,A2610
att,A2330,A2428
att,A2330,A207
att,A2331,A2795
att,A2331,A1744
att,A2332,A593
att,A2332,A2297
att,A2332,A1881
att,A2332,A887
att,A2332,A130
att,A2333,A1788
att,A2333,A1910
att,A2333,A35
att,A2333,A1421
att,A2333,A281
att,A2333,A422
att,A2333,A1039
att,A2333,A2047
att,A2333,A1802
att,A2333,A1460
att,A2333,A1194
att,A2333,A1141
att,A2333,A791
att,A2335,A1837
att,A2335,A2162
att,A2335,A107
att,A2335,A122
att,A2335,A2755
att,A2335,A1004
att,A2335,A513
att,A2335,A2348
att,A2335,A741
att,A2335,A1406
att,A2335,A1616
att,A2335,A2648
att,A2335,A1247
att,A2335,A2693
att,A2335,A2502
att,A2335,A2173
att,A2335,A2615
att,A2335,A1178
att,A2335,A1690
att,A2336,A6
att,A2336,A2774
att,A2336,A891
att,A2336,A2616
att,A2336,A2328
att,A2336,A2573
att,A2336,A816
att,A2336,A1413
att,A2336,A216
att,A2336,A1892
att,A2336,A1831
att,A2336,A2257
att,A2336,A396
att,A2342,A943
att,A2342,A2364
att,A2342,A2525
att,A2343,A2710
att,A2343,A827
att,A2343,A813
att,A2343,A544
att,A2343,A2483
att,A2343,A1093
att,A2343,A491
att,A2343,A1377
att,A2343,A1899
att,A2343,A36
att,A2343,A1357
att,A2343,A270
att,A2343,A380
att,A2343,A1855
att,A2343,A991
att,A2343,A2535
att,A2343,A260
att,A2343,A339
att,A2344,A805
att,A2344,A1860
att,A2344,A474
att,A2344,A1207
att,A2344,A1369
att,A2344,A454
att,A2344,A2292
att,A2344,A2694
att,A2344,A1213
att,A2344,A2073
att,A2344,A1055
att,A2344,A2087
att,A2346,A1605
att,A2346,A101
att,A2346,A2333
att,A2346,A2731
att,A2346,A2425
att,A2346,A615
att,A2346,A814
att,A2346,A980
att,A2346,A1817
att,A2346,A2205
att,A2346,A2058
att,A2346,A281
att,A2346,A304
att,A2346,A704
att,A2346,A2679
att,A2346,A985
att,A2346,A1169
att,A2346,A1960
att,A2346,A439
att,A2346,A754
att,A2349,A2762
att,A2349,A1696
att,A2349,A211
att,A2352,A343
att,A2352,A2047
att,A2352,A1482
att,A2352,A1666
att,A2352,A959
att,A2352,A1186
att,A2352,A287
att,A2352,A1983
att,A2352,A1963
att,A2352,A2274
att,A2352,A2575
att,A2352,A917
att,A2352,A1984
att,A2352,A1512
att,A2352,A2559
att,A2352,A606
att,A2352,A1516
att,A2356,A671
att,A2356,A301
att,A2356,A991
att,A2356,A328
att,A2356,A1384
att,A2356,A2568
att,A2356,A2441
att,A2356,A1864
att,A2356,A1325
att,A2356,A2121
att,A2356,A169
att,A2356,A1518
att,A2356,A1291
att,A2356,A1249
att,A2356,A1948
att,A2356,A1952
att,A2356,A3
att,A2356,A1727
att,A2356,A1704
att,A2358,A1286
att,A2358,A723
att,A2358,A47
att,A2358,A2286
att,A2358,A1823
att,A2359,A563
att,A2359,A1699
att,A2359,A832
att,A2359,A1790
att,A2359,A79
att,A2359,A1124
att,A2359,A111
att,A2359,A1798
att,A2359,A1635
att,A2359,A278
att,A2359,A746
att,A2359,A1741
att,A2359,A869
att,A2359,A1631
att,A2359,A245
att,A2360,A2171
att,A2360,A1845
att,A2360,A2243
att,A2360,A880
att,A2360,A2077
att,A2360,A2073
att,A2360,A2636
att,A2360,A21
att,A2360,A539
att,A2360,A1273
att,A2360,A1253
att,A2360,A258
att,A2360,A2157
att,A2360,A1166
att,A2360,A500
att,A2360,A2585
att,A2360,A372
att,A2360,A2513
att,A2360,A748
att,A2360,A2319
att,A2360,A1012
att,A2360,A806
att,A2360,A2675
att,A2360,A2341
att,A2360,A104
att,A2360,A1785
att,A2360,A2647
att,A2363,A2190
att,A2363,A2584
att,A2364,A2679
att,A2364,A1804
att,A2364,A194
att,A2364,A1823
att,A2364,A2398
att,A2364,A263
att,A2364,A397
att,A2364,A1780
att,A2364,A778
att,A2364,A2298
att,A2364,A1747
att,A2364,A617
att,A2364,A492
att,A2364,A147
att,A2364,A2217
att,A2364,A1026
att,A2364,A1916
att,A2364,A2032
att,A2364,A400
att,A2364,A1162
att,A2366,A2172
att,A2366,A2725
att,A2366,A1325
att,A2366,A2210
att,A2366,A2027
att,A2366,A462
att,A2366,A2259
att,A2366,A1074
att,A2366,A1729
att,A2367,A2006
att,A2367,A1579
att,A2367,A2437
att,A2367,A2705
att,A2367,A1694
att,A2367,A841
att,A2367,A1700
att,A2367,A238
att,A2367,A509
att,A2367,A364
att,A2368,A2793
att,A2368,A2781
att,A2368,A1249
att,A2368,A2790
att,A2368,A320
att,A2368,A2660
att,A2369,A846
att,A2369,A450
att,A2369,A254
att,A2369,A34
att,A2369,A1535
att,A2369,A364
att,A2371,A1661
att,A2371,A2644
att,A2371,A1334
att,A2371,A2604
att,A2371,A1388
att,A2371,A2492
att,A2371,A769
att,A2371,A2769
att,A2371,A854
att,A2371,A1754
att,A2371,A1978
att,A2371,A2087
att,A2371,A2194
att,A2371,A362
att,A2371,A1360
att,A2371,A434
att,A2371,A233
att,A2371,A650
att,A2371,A57
att,A2371,A1952
att,A2371,A636
att,A2371,A1876
att,A2371,A2073
att,A2371,A1048
att,A2371,A2456
att,A2371,A36
att,A2371,A354
att,A2372,A759
att,A2372,A1388
att,A2372,A2157
att,A2372,A1208
att,A2372,A2664
att,A2372,A2329
att,A2372,A993
att,A2373,A1856
att,A2373,A2320
att,A2373,A1882
att,A2373,A1121
att,A2377,A1340
att,A2377,A2736
att,A2377,A2794
att,A2377,A291
att,A2377,A2728
att,A2377,A1934
att,A2377,A949
att,A2377,A2274
att,A2377,A736
att,A2377,A2121
att,A2377,A247
att,A2377,A1485
att,A2377,A2187
att,A2377,A2591
att,A2377,A451
att,A2378,A2468
att,A2378,A731
att,A2378,A2261
att,A2378,A422
att,A2378,A2137
att,A2378,A1230
att,A2378,A1601
att,A2378,A289
att,A2378,A1773
att,A2378,A2767
att,A2378,A2528
att,A2378,A2609
att,A2378,A564
att,A2378,A2035
att,A2378,A2432
att,A2378,A2019
att,A2378,A494
att,A2378,A2305
att,A2380,A2610
att,A2380,A2084
att,A2380,A993
att,A2380,A340
att,A2380,A2081
att,A2380,A1698
att,A2380,A2004
att,A2380,A2399
att,A2380,A1024
att,A2380,A38
att,A2380,A1784
att,A2380,A735
att,A2380,A2798
att,A2380,A2704
att,A2380,A1505
att,A2380,A1930
att,A2380,A1166
att,A2380,A2677
att,A2380,A380
att,A2380,A256
att,A2380,A1964
att,A2380,A2486
att,A2380,A1884
att,A2380,A1268
att,A2380,A2569
att,A2380,A730
att,A2380,A2048
att,A2381,A296
att,A2381,A1943
att,A2381,A2175
att,A2381,A485
att,A2381,A1662
att,A2381,A2315
att,A2381,A1309
att,A2381,A893
att,A2381,A2186
att,A2381,A987
att,A2381,A2184
att,A2381,A2484
att,A2381,A1583
att,A2381,A2099
att,A2381,A853
att,A2381,A1456
att,A2381,A1863
att,A2381,A72
att,A2381,A1086
att,A2381,A544
att,A2381,A1671
att,A2381,A2424
att,A2381,A1457
att,A2381,A2638
att,A2381,A2396
att,A2381,A92
att,A2381,A1156
att,A2382,A869
att,A2382,A376
att,A2382,A1573
att,A2382,A1528
att,A2382,A1972
att,A2382,A1295
att,A2382,A1505
att,A2382,A1416
att,A2382,A2188
att,A2382,A2795
att,A2382,A1032
att,A2382,A1016
att,A2382,A1912
att,A2382,A1153
att,A2382,A1353
att,A2382,A1555
att,A2382,A1302
att,A2382,A725
att,A2384,A298
att,A2384,A718
att,A2384,A2775
att,A2384,A856
att,A2384,A2010
att,A2384,A31
att,A2384,A667
att,A2384,A472
att,A2384,A583
att,A2384,A2249
att,A2384,A2768
att,A2384,A2501
att,A2384,A1934
att,A2384,A419
att,A2385,A1826
att,A2385,A1561
att,A2385,A2604
att,A2385,A2603
att,A2385,A2681
att,A2385,A257
att,A2385,A518
att,A2385,A1675
att,A2385,A1867
att,A2385,A2553
att,A2385,A119
att,A2385,A2690
att,A2385,A2408
att,A2385,A1321
att,A2385,A854
att,A2385,A2741
att,A2385,A2143
att,A2385,A2046
att,A2385,A221
att,A2385,A2685
att,A2385,A1140
att,A2386,A1780
att,A2386,A2223
att,A2386,A1357
att,A2386,A263
att,A2386,A2227
att,A2386,A1850
att,A2386,A2701
att,A2386,A705
att,A2386,A479
att,A2386,A1409
att,A2386,A1929
att,A2386,A1261
att,A2386,A920
att,A2386,A2425
att,A2386,A2044
att,A2386,A2125
att,A2386,A1589
att,A2389,A61
att,A2389,A767
att,A2389,A1767
att,A2389,A2188
att,A2389,A1649
att,A2389,A1516
att,A2389,A2452
att,A2389,A37
att,A2389,A625
att,A2389,A2536
att,A2389,A1308
att,A2389,A2075
att,A2389,A2111
att,A2389,A569
att,A2389,A839
att,A2389,A2131
att,A2393,A2340
att,A2393,A1035
att,A2393,A1920
att,A2393,A677
att,A2393,A1243
att,A2393,A2330
att,A2393,A111
att,A2393,A2320
att,A2393,A12
att,A2393,A2053
att,A2393,A2600
att,A2398,A2156
att,A2398,A1431
att,A2398,A1505
att,A2398,A2069
att,A2398,A2602
att,A2398,A1155
att,A2398,A1667
att,A2398,A1247
att,A2398,A802
att,A2398,A2218
att,A2398,A1885
att,A2398,A1082
att,A2398,A162
att,A2398,A2469
att,A2398,A2412
att,A2398,A1445
att,A2398,A420
att,A2398,A1785
att,A2398,A1611
att,A2398,A1322
att,A2398,A236
att,A2398,A2711
att,A2398,A1999
att,A2398,A1050
att,A2398,A97
att,A2398,A1252
att,A2398,A2217
att,A2399,A1727
att,A2399,A374
att,A2405,A1735
att,A2405,A2638
att,A2405,A1670
att,A2405,A1045
att,A2405,A2735
att,A2405,A2601
att,A2405,A627
att,A2405,A2798
att,A2405,A39
att,A2405,A2094
att,A2405,A839
att,A2405,A1580
att,A2405,A1767
att,A2405,A2052
att,A2406,A862
att,A2406,A1303
att,A2406,A2514
att,A2406,A514
att,A2406,A1275
att,A2406,A384
att,A2406,A2696
att,A2411,A1579
att,A2411,A2297
att,A2411,A1134
att,A2412,A788
att,A2412,A1079
att,A2412,A209
att,A2412,A1066
att,A2412,A1564
att,A2412,A2585
att,A2412,A1170
att,A2412,A414
att,A2412,A2717
att,A2412,A1227
att,A2412,A38
att,A2412,A206
att,A2412,A766
att,A2412,A398
att,A2412,A968
att,A2412,A972
att,A2412,A407
att,A2412,A2691
att,A2412,A1854
att,A2412,A2628
att,A2412,A1231
att,A2414,A1766
att,A2414,A1324
att,A2414,A1587
att,A2414,A2354
att,A2414,A1557
att,A2414,A2133
att,A2414,A1272
att,A2414,A897
att,A2414,A976
att,A2414,A1982
att,A2414,A2467
att,A2414,A387
att,A2414,A2078
att,A2414,A608
att,A2414,A2547
att,A2414,A1723
att,A2415,A786
att,A2415,A1414
att,A2415,A831
att,A2415,A2214
att,A2415,A2307
att,A2415,A2013
att,A2415,A597
att,A2419,A2612
att,A2419,A784
att,A2419,A414
att,A2419,A451
att,A2419,A16
att,A2419,A882
att,A2419,A2274
att,A2419,A167
att,A2419,A1705
att,A2419,A2179
att,A2419,A774
att,A2419,A1297
att,A2422,A705
att,A2422,A983
att,A2422,A2753
att,A2422,A660
att,A2422,A1124
att,A2422,A195
att,A2422,A1214
att,A2422,A1895
att,A2422,A495
att,A2422,A1612
att,A2422,A670
att,A2423,A2419
att,A2423,A1601
att,A2423,A764
att,A2423,A148
att,A2423,A1971
att,A2423,A2302
att,A2423,A348
att,A2423,A1887
att,A2423,A1157
att,A2423,A190
att,A2423,A282
att,A2423,A1597
att,A2423,A1701
att,A2423,A567
att,A2423,A2720
att,A2423,A2152
att,A2423,A1345
att,A2423,A2340
att,A2423,A2574
att,A2423,A777
att,A2423,A2527
att,A2423,A1368
att,A2423,A98
att,A2423,A1880
att,A2424,A680
att,A2424,A587
att,A2424,A138
att,A2426,A892
att,A2426,A2696
att,A2426,A776
att,A2426,A299
att,A2426,A1005
att,A2426,A16
att,A2426,A919
att,A2426,A881
att,A2426,A2045
att,A2426,A2349
att,A2426,A83
att,A2426,A2256
att,A2427,A2373
att,A2427,A559
att,A2427,A66
att,A2427,A97
att,A2427,A2054
att,A2427,A2544
att,A2427,A2631
att,A2427,A1169
att,A2427,A2355
att,A2427,A1251
att,A2427,A264
att,A2427,A2418
att,A2427,A464
att,A2427,A643
att,A2428,A2107
att,A2428,A1975
att,A2428,A218
att,A2428,A1492
att,A2428,A2615
att,A2428,A1030
att,A2428,A2666
att,A2428,A826
att,A2428,A86
att,A2428,A1686
att,A2428,A2158
att,A2428,A2397
att,A2428,A1324
att,A2428,A2730
att,A2429,A2713
att,A2429,A110
att,A2429,A2669
att,A2429,A1502
att,A2429,A173
att,A2430,A2053
att,A2430,A489
att,A2430,A2593
att,A2430,A2763
att,A2430,A2144
att,A2430,A975
att,A2430,A1640
att,A2430,A176
att,A2430,A369
att,A2430,A1676
att,A2430,A41
att,A2430,A1920
att,A2430,A1818
att,A2431,A614
att,A2431,A804
att,A2431,A573
att,A2431,A1142
att,A2431,A650
att,A2431,A2295
att,A2431,A2466
att,A2431,A1637
att,A2431,A2650
att,A2431,A1837
att,A2431,A1137
att,A2431,A1994
att,A2431,A1611
att,A2431,A216
att,A2431,A424
att,A2432,A513
att,A2432,A2486
att,A2432,A1966
att,A2432,A2484
att,A2432,A1764
att,A2432,A370
att,A2432,A1680
att,A2432,A400
att,A2432,A584
att,A2432,A2404
att,A2433,A362
att,A2433,A335
att,A2433,A2726
att,A2433,A545
att,A2433,A1120
att,A2433,A2015
att,A2433,A2760
att,A2433,A2712
att,A2433,A97
att,A2440,A115
att,A2440,A1918
att,A2440,A2402
att,A2440,A2021
att,A2440,A2538
att,A2440,A1779
att,A2440,A1778
att,A2440,A486
att,A2440,A1691
att,A2440,A1094
att,A2440,A168
att,A2440,A178
att,A2440,A2593
att,A2440,A12
att,A2440,A524
att,A2440,A2639
att,A2440,A2090
att,A2440,A622
att,A2442,A2204
att,A2442,A1264
att,A2442,A1026
att,A2442,A1904
att,A2442,A1680
att,A2442,A2162
att,A2442,A1201
att,A2442,A2746
att,A2442,A2069
att,A2442,A1433
att,A2442,A848
att,A2442,A1868
att,A2442,A10
att,A2442,A2053
att,A2442,A1039
att,A2442,A58
att,A2445,A229
att,A2448,A725
att,A2449,A1243
att,A2449,A1080
att,A2449,A2651
att,A2449,A975
att,A2449,A832
att,A2449,A1978
att,A2449,A569
att,A2449,A531
att,A2449,A2241
att,A2449,A2087
att,A2450,A1390
att,A2450,A92
att,A2450,A953
att,A2450,A269
att,A2450,A40
att,A2450,A372
att,A2450,A1235
att,A2450,A837
att,A2450,A665
att,A2450,A1858
att,A2450,A1562
att,A2450,A2174
att,A2450,A1040
att,A2450,A397
att,A2450,A2544
att,A2450,A1423
att,A2450,A1174
att,A2450,A343
att,A2450,A2440
att,A2451,A2145
att,A2451,A1997
att,A2451,A2477
att,A2451,A665
att,A2451,A2102
att,A2451,A1108
att,A2451,A933
att,A2451,A2748
att,A2451,A2521
att,A2451,A1656
att,A2451,A736
att,A2451,A1315
att,A2451,A1241
att,A2451,A2214
att,A2451,A372
att,A2451,A1394
att,A2451,A1725
att,A2454,A1036
att,A2454,A667
att,A2454,A1569
att,A2454,A1060
att,A2454,A1170
att,A2454,A1148
att,A2454,A1455
att,A2454,A1424
att,A2454,A982
att,A2454,A1059
att,A2454,A1584
att,A2454,A1052
att,A2454,A2354
att,A2454,A812
att,A2455,A2289
att,A2455,A1949
att,A2455,A79
att,A2455,A800
att,A2455,A1242
att,A2455,A905
att,A2455,A722
att,A2455,A329
att,A2455,A1541
att,A2455,A2438
att,A2458,A1357
att,A2458,A1304
att,A2458,A1273
att,A2458,A2137
att,A2458,A2385
att,A2458,A2775
att,A2459,A2384
att,A2459,A1437
att,A2459,A502
att,A2459,A678
att,A2459,A839
att,A2459,A113
att,A2459,A2667
att,A2459,A732
att,A2459,A1500
att,A2459,A2232
att,A2459,A1824
att,A2459,A419
att,A2459,A2008
att,A2459,A1683
att,A2459,A1461
att,A2459,A1995
att,A2459,A1043
att,A2459,A2072
att,A2459,A253
att,A2459,A1754
att,A2459,A2096
att,A2459,A1894
att,A2459,A986
att,A2459,A193
att,A2459,A2210
att,A2459,A585
att,A2459,A229
att,A2460,A193
att,A2460,A1991
att,A2460,A65
att,A2460,A1967
att,A2460,A68
att,A2460,A1544
att,A2460,A688
att,A2460,A841
att,A2460,A146
att,A2460,A2041
att,A2460,A2104
att,A2460,A214
att,A2460,A297
att,A2460,A1855
att,A2460,A516
att,A2460,A825
att,A2460,A1911
att,A2460,A2103
att,A2460,A2124
att,A2460,A112
att,A2460,A2581
att,A2461,A602
att,A2461,A608
att,A2461,A1983
att,A2461,A1489
att,A2461,A2668
att,A2461,A943
att,A2461,A1156
att,A2461,A1153
att,A2461,A2634
att,A2461,A1536
att,A2461,A2560
att,A2461,A2154
att,A2461,A534
att,A2461,A43
att,A2461,A446
att,A2464,A701
att,A2464,A1663
att,A2464,A1173
att,A2464,A2665
att,A2464,A195
att,A2464,A2705
att,A2464,A2487
att,A2464,A1964
att,A2464,A2
att,A2464,A2131
att,A2464,A938
att,A2464,A88
att,A2464,A320
att,A2464,A1729
att,A2464,A2592
att,A2464,A651
att,A2464,A2708
att,A2464,A1725
att,A2464,A1079
att,A2464,A1974
att,A2464,A1590
att,A2464,A2555
att,A2464,A298
att,A2464,A900
att,A2464,A582
att,A2464,A931
att,A2464,A1180
att,A2465,A2228
att,A2465,A1175
att,A2465,A758
att,A2465,A1192
att,A2465,A285
att,A2465,A2176
att,A2465,A744
att,A2465,A1595
att,A2465,A1135
att,A2465,A585
att,A2465,A2201
att,A2472,A1083
att,A2472,A1116
att,A2472,A2463
att,A2472,A214
att,A2472,A1777
att,A2472,A2378
att,A2473,A83
att,A2473,A713
att,A2473,A744
att,A2473,A2040
att,A2473,A2036
att,A2473,A1812
att,A2473,A660
att,A2473,A2212
att,A2473,A369
att,A2473,A2703
att,A2473,A909
att,A2473,A2519
att,A2473,A2081
att,A2473,A2107
att,A2473,A2080
att,A2473,A1785
att,A2473,A646
att,A2473,A1896
att,A2473,A1036
att,A2473,A1065
att,A2473,A1179
att,A2473,A722
att,A2473,A2567
att,A2473,A1742
att,A2473,A960
att,A2473,A1362
att,A2473,A1070
att,A2473,A991
att,A2473,A2714
att,A2475,A1687
att,A2475,A1154
att,A2475,A157
att,A2475,A954
att,A2475,A1223
att,A2475,A1389
att,A2475,A177
att,A2475,A1981
att,A2475,A1443
att,A2475,A2401
att,A2475,A2341
att,A2475,A2784
att,A2475,A2291
att,A2475,A2381
att,A2475,A1096
att,A2475,A2788
att,A2475,A1651
att,A2475,A1473
att,A2475,A2353
att,A2475,A279
att,A2475,A2335
att,A2475,A44
att,A2482,A764
att,A2482,A267
att,A2482,A189
att,A2482,A1314
att,A2482,A657
att,A2482,A1614
att,A2482,A1226
att,A2482,A2500
att,A2482,A747
att,A2482,A1635
att,A2482,A930
att,A2482,A1398
att,A2482,A2357
att,A2482,A187
att,A2482,A1981
att,A2482,A859
att,A2482,A632
att,A2482,A2607
att,A2482,A1969
att,A2482,A375
att,A2482,A543
att,A2482,A2731
att,A2482,A1492
att,A2483,A741
att,A2483,A1806
att,A2483,A1053
att,A2483,A2761
att,A2483,A2640
att,A2483,A1798
att,A2483,A2773
att,A2483,A2597
att,A2483,A147
att,A2483,A725
att,A2483,A2019
att,A2483,A1034
att,A2483,A799
att,A2483,A1870
att,A2483,A698
att,A2483,A667
att,A2483,A2548
att,A2483,A2001
att,A2483,A2296
att,A2486,A1302
att,A2486,A234
att,A2486,A630
att,A2486,A1569
att,A2486,A272
att,A2486,A1352
att,A2486,A548
att,A2486,A660
att,A2486,A231
att,A2486,A2331
att,A2486,A539
att,A2486,A2627
att,A2486,A1832
att,A2486,A625
att,A2486,A2071
att,A2486,A970
att,A2486,A1026
att,A2486,A1207
att,A2487,A1379
att,A2487,A1129
att,A2487,A1879
att,A2488,A368
att,A2488,A2129
att,A2488,A510
att,A2488,A1272
att,A2488,A151
att,A2488,A1544
att,A2488,A1913
att,A2488,A2186
att,A2488,A695
att,A2488,A7
att,A2488,A944
att,A2488,A295
att,A2488,A2201
att,A2488,A2118
att,A2488,A2245
att,A2488,A1737
att,A2488,A822
att,A2488,A2592
att,A2488,A609
att,A2488,A109
att,A2488,A630
att,A2489,A15
att,A2489,A990
att,A2489,A1113
att,A2489,A1817
att,A2489,A865
att,A2489,A85
att,A2489,A524
att,A2489,A1935
att,A2489,A1208
att,A2489,A2595
att,A2489,A2444
att,A2489,A740
att,A2489,A303
att,A2489,A920
att,A2489,A795
att,A2490,A2575
att,A2490,A1441
att,A2490,A887
att,A2490,A2352
att,A2490,A2350
att,A2490,A79
att,A2490,A1760
att,A2490,A381
att,A2490,A933
att,A2490,A2660
att,A2490,A1066
att,A2490,A2261
att,A2490,A2280
att,A2491,A2470
att,A2491,A1718
att,A2491,A2579
att,A2491,A1231
att,A2491,A1479
att,A2491,A1942
att,A2491,A1049
att,A2491,A1179
att,A2491,A383
att,A2491,A939
att,A2491,A2005
att,A2491,A2087
att,A2491,A2497
att,A2491,A2529
att,A2491,A438
att,A2491,A2224
att,A2491,A2080
att,A2491,A1786
att,A2491,A1999
att,A2491,A1484
att,A2491,A1350
att,A2493,A1991
att,A2493,A1786
att,A2493,A992
att,A2493,A447
att,A2493,A805
att,A2493,A425
att,A2493,A1937
att,A2493,A276
att,A2493,A1980
att,A2493,A822
att,A2493,A1183
att,A2493,A1108
att,A2493,A2661
att,A2493,A1543
att,A2493,A338
att,A2497,A2317
att,A2497,A2738
att,A2497,A1499
att,A2497,A743
att,A2497,A833
att,A2497,A2586
att,A2497,A790
att,A2497,A1835
att,A2497,A1612
att,A2497,A573
att,A2497,A813
att,A2497,A1359
att,A2497,A2573
att,A2497,A166
att,A2497,A1240
att,A2497,A670
att,A2497,A2107
att,A2498,A2730
att,A2498,A2423
att,A2498,A1655
att,A2498,A1202
att,A2498,A1256
att,A2498,A1058
att,A2498,A1008
att,A2498,A2747
att,A2498,A2391
att,A2498,A1594
att,A2498,A523
att,A2499,A341
att,A2499,A2765
att,A2499,A1105
att,A2499,A2792
att,A2499,A2348
att,A2499,A2649
att,A2499,A2740
att,A2499,A1695
att,A2499,A2086
att,A2499,A1584
att,A2499,A1748
att,A2500,A2731
att,A2500,A1484
att,A2500,A622
att,A2500,A2302
att,A2500,A1501
att,A2500,A2406
att,A2500,A1707
att,A2500,A1812
att,A2500,A649
att,A2500,A525
att,A2500,A2610
att,A2500,A1868
att,A2500,A947
att,A2500,A1251
att,A2500,A2614
att,A2500,A2412
att,A2500,A2704
att,A2500,A1846
att,A2501,A1271
att,A2501,A1057
att,A2503,A374
att,A2503,A47
att,A2503,A960
att,A2503,A599
att,A2503,A1743
att,A2503,A930
att,A2503,A1807
att,A2503,A531
att,A2503,A2225
att,A2503,A2125
att,A2503,A776
att,A2503,A572
att,A2503,A1544
att,A2503,A1555
att,A2503,A312
att,A2503,A1230
att,A2509,A2740
att,A2509,A1195
att,A2509,A2622
att,A2509,A134
att,A2509,A890
att,A2509,A1341
att,A2509,A718
att,A2509,A519
att,A2509,A1352
att,A2509,A672
att,A2509,A2505
att,A2509,A1453
att,A2509,A2706
att,A2509,A1295
att,A2509,A2266
att,A2509,A98
att,A2509,A2470
att,A2509,A1943
att,A2509,A2288
att,A2509,A397
att,A2511,A1628
att,A2511,A82
att,A2511,A2014
att,A2511,A802
att,A2511,A1541
att,A2511,A1990
att,A2511,A153
att,A2511,A650
att,A2511,A2789
att,A2512,A1498
att,A2512,A1566
att,A2512,A629
att,A2512,A822
att,A2512,A2205
att,A2512,A1926
att,A2512,A1995
att,A2512,A24
att,A2512,A1458
att,A2512,A1128
att,A2512,A841
att,A2512,A490
att,A2512,A2420
att,A2512,A1449
att,A2512,A1953
att,A2512,A2720
att,A2512,A1473
att,A2512,A853
att,A2512,A280
att,A2512,A1819
att,A2512,A2407
att,A2512,A2374
att,A2512,A595
att,A2512,A2257
att,A2512,A1175
att,A2512,A730
att,A2512,A340
att,A2512,A2265
att,A2512,A2176
att,A2513,A604
att,A2513,A2414
att,A2513,A815
att,A2513,A1967
att,A2513,A1391
att,A2513,A513
att,A2513,A1739
att,A2513,A1384
att,A2513,A1252
att,A2513,A2075
att,A2513,A1242
att,A2513,A1099
att,A2513,A1013
att,A2513,A2790
att,A2513,A2169
att,A2514,A812
att,A2514,A1800
att,A2514,A197
att,A2514,A950
att,A2514,A2007
att,A2514,A1913
att,A2516,A889
att,A2516,A2601
att,A2516,A207
att,A2516,A103
att,A2516,A2536
att,A2516,A455
att,A2516,A169
att,A2516,A419
att,A2516,A2466
att,A2516,A2285
att,A2516,A2714
att,A2516,A1671
att,A2516,A2779
att,A2516,A734
att,A2516,A2088
att,A2516,A2128
att,A2516,A2397
att,A2516,A2494
att,A2516,A1138
att,A2518,A2272
att,A2518,A2032
att,A2518,A1067
att,A2522,A2235
att,A2522,A2359
att,A2523,A603
att,A2523,A365
att,A2523,A2050
att,A2523,A2088
att,A2525,A1155
att,A2525,A949
att,A2525,A257
att,A2525,A600
att,A2525,A2780
att,A2525,A1655
att,A2525,A1923
att,A2525,A1067
att,A2525,A2727
att,A2525,A650
att,A2525,A1671
att,A2525,A19
att,A2525,A2412
att,A2526,A2131
att,A2526,A372
att,A2526,A7
att,A2526,A1705
att,A2526,A565
att,A2526,A138
att,A2526,A1612
att,A2526,A2652
att,A2526,A630
att,A2526,A490
att,A2526,A2334
att,A2526,A1757
att,A2526,A2155
att,A2526,A960
att,A2526,A183
att,A2526,A481
att,A2526,A1120
att,A2526,A398
att,A2526,A2164
att,A2526,A844
att,A2526,A42
att,A2526,A2644
att,A2528,A2669
att,A2528,A2518
att,A2528,A273
att,A2528,A601
att,A2528,A740
att,A2528,A1290
att,A2528,A2379
att,A2528,A777
att,A2528,A378
att,A2528,A1069
att,A2528,A2708
att,A2528,A1668
att,A2528,A178
att,A2528,A2643
att,A2528,A1096
att,A2528,A380
att,A2528,A1001
att,A2529,A360
att,A2529,A198
att,A2529,A139
att,A2529,A2473
att,A2529,A1097
att,A2529,A1011
att,A2531,A263
att,A2531,A1232
att,A2531,A1302
att,A2531,A956
att,A2531,A1812
att,A2531,A2058
att,A2531,A2557
att,A2531,A1228
att,A2531,A427
att,A2531,A160
att,A2531,A2305
att,A2531,A580
att,A2531,A75
att,A2531,A21
att,A2531,A441
att,A2531,A1938
att,A2531,A1683
att,A2531,A1453
att,A2531,A691
att,A2531,A2021
att,A2531,A2343
att,A2531,A2081
att,A2531,A2564
att,A2531,A224
att,A2531,A1695
att,A2531,A809
att,A2533,A1964
att,A2533,A1380
att,A2533,A1248
att,A2533,A1119
att,A2533,A2367
att,A2533,A389
att,A2533,A436
att,A2533,A1918
att,A2533,A15
att,A2533,A244
att,A2533,A715
att,A2534,A1640
att,A2534,A711
att,A2534,A902
att,A2534,A1134
att,A2534,A1844
att,A2534,A1637
att,A2534,A966
att,A2534,A2391
att,A2534,A2627
att,A2534,A1565
att,A2534,A2215
att,A2534,A1674
att,A2534,A932
att,A2534,A729
att,A2534,A1353
att,A2534,A1759
att,A2534,A878
att,A2534,A207
att,A2537,A1488
att,A2537,A2503
att,A2537,A2365
att,A2537,A1064
att,A2537,A741
att,A2540,A1004
att,A2540,A1896
att,A2540,A2540
att,A2540,A1135
att,A2540,A151
att,A2540,A1332
att,A2540,A941
att,A2540,A2371
att,A2540,A301
att,A2540,A1268
att,A2540,A2414
att,A2540,A1917
att,A2540,A1117
att,A2540,A2507
att,A2540,A1929
att,A2540,A1838
att,A2540,A2347
att,A2544,A975
att,A2544,A1560
att,A2544,A585
att,A2544,A537
att,A2544,A1542
att,A2544,A2426
att,A2544,A1672
att,A2544,A1103
att,A2544,A2194
att,A2544,A232
att,A2544,A2208
att,A2544,A138
att,A2544,A932
att,A2544,A2601
att,A2544,A1949
att,A2544,A2540
att,A2544,A1258
att,A2546,A1801
att,A2546,A1494
att,A2546,A1039
att,A2546,A616
att,A2546,A763
att,A2550,A1097
att,A2550,A399
att,A2550,A1926
att,A2550,A1164
att,A2550,A2396
att,A2550,A515
att,A2550,A2096
att,A2551,A1283
att,A2551,A109
att,A2551,A2796
att,A2551,A2378
att,A2551,A1054
att,A2551,A1423
att,A2551,A2516
att,A2551,A2034
att,A2551,A2376
att,A2551,A491
att,A2551,A1452
att,A2551,A882
att,A2551,A755
att,A2551,A493
att,A2551,A1098
att,A2551,A916
att,A2551,A2616
att,A2551,A1365
att,A2551,A1970
att,A2551,A796
att,A2551,A487
att,A2553,A2270
att,A2553,A468
att,A2553,A2467
att,A2553,A1457
att,A2553,A2674
att,A2553,A2522
att,A2553,A2569
att,A2553,A997
att,A2553,A2381
att,A2553,A2068
att,A2553,A1109
att,A2553,A410
att,A2553,A1599
att,A2553,A242
att,A2554,A965
att,A2554,A1410
att,A2554,A778
att,A2554,A265
att,A2554,A542
att,A2554,A2290
att,A2554,A788
att,A2554,A74
att,A2554,A1913
att,A2554,A2764
att,A2554,A2416
att,A2554,A559
att,A2554,A492
att,A2554,A2413
att,A2554,A2297
att,A2554,A860
att,A2554,A328
att,A2554,A1714
att,A2554,A1919
att,A2554,A2075
att,A2554,A1807
att,A2554,A2559
att,A2554,A756
att,A2554,A2067
att,A2554,A1997
att,A2554,A337
att,A2554,A108
att,A2554,A1442
att,A2564,A1053
att,A2564,A1274
att,A2564,A2438
att,A2564,A1189
att,A2564,A14
att,A2564,A2383
att,A2564,A1749
att,A2564,A1019
att,A2564,A1564
att,A2564,A1369
att,A2564,A1100
att,A2564,A242
att,A2564,A2459
att,A2564,A2330
att,A2564,A1909
att,A2564,A2189
att,A2564,A2470
att,A2564,A1847
att,A2564,A2291
att,A2564,A2450
att,A2567,A2175
att,A2567,A2022
att,A2567,A139
att,A2567,A1200
att,A2567,A1486
att,A2567,A1760
att,A2567,A2060
att,A2567,A319
att,A2567,A2363
att,A2567,A708
att,A2567,A432
att,A2567,A1835
att,A2567,A2589
att,A2567,A193
att,A2567,A109
att,A2567,A1642
att,A2567,A1173
att,A2567,A137
att,A2567,A395
att,A2567,A2405
att,A2567,A1846
att,A2568,A598
att,A2568,A2753
att,A2568,A1517
att,A2569,A1529
att,A2569,A1165
att,A2569,A307
att,A2569,A159
att,A2569,A1337
att,A2569,A365
att,A2569,A2310
att,A2569,A683
att,A2569,A1023
att,A2569,A295
att,A2569,A1714
att,A2569,A1550
att,A2569,A1977
att,A2569,A925
att,A2569,A944
att,A2569,A1045
att,A2569,A1343
att,A2569,A2583
att,A2569,A1309
att,A2569,A580
att,A2569,A968
att,A2569,A1965
att,A2569,A434
att,A2569,A2681
att,A2569,A1435
att,A2569,A844
att,A2570,A1736
att,A2570,A1144
att,A2570,A354
att,A2570,A112
att,A2570,A1761
att,A2570,A1867
att,A2570,A1503
att,A2570,A2115
att,A2570,A348
att,A2570,A641
att,A2570,A2274
att,A2570,A1642
att,A2570,A621
att,A2570,A757
att,A2570,A717
att,A2570,A353
att,A2570,A2247
att,A2570,A525
att,A2570,A1940
att,A2570,A1668
att,A2571,A1750
att,A2571,A1037
att,A2571,A805
att,A2571,A2451
att,A2571,A279
att,A2571,A317
att,A2576,A954
att,A2576,A2046
att,A2576,A1835
att,A2576,A1772
att,A2576,A2513
att,A2576,A2752
att,A2576,A1949
att,A2576,A1309
att,A2576,A2707
att,A2576,A2374
att,A2576,A2330
att,A2576,A679
att,A2576,A1007
att,A2576,A728
att,A2576,A171
att,A2576,A2134
att,A2576,A769
att,A2577,A2410
att,A2577,A2481
att,A2577,A1046
att,A2577,A1479
att,A2577,A1305
att,A2577,A2444
att,A2577,A2221
att,A2577,A1701
att,A2577,A2790
att,A2577,A678
att,A2577,A2314
att,A2577,A156
att,A2577,A1977
att,A2577,A1239
att,A2577,A2311
att,A2577,A2586
att,A2577,A598
att,A2577,A2419
att,A2577,A1885
att,A2577,A843
att,A2577,A2304
att,A2578,A1653
att,A2578,A530
att,A2578,A1000
att,A2578,A501
att,A2578,A971
att,A2578,A1332
att,A2578,A2549
att,A2578,A2282
att,A2578,A1184
att,A2578,A693
att,A2578,A1819
att,A2578,A808
att,A2578,A664
att,A2578,A363
att,A2578,A2492
att,A2578,A2592
att,A2578,A573
att,A2578,A2671
att,A2578,A875
att,A2580,A982
att,A2580,A2162
att,A2580,A2018
att,A2580,A1512
att,A2580,A1008
att,A2580,A792
att,A2580,A291
att,A2580,A782
att,A2580,A9
att,A2580,A2714
att,A2580,A612
att,A2580,A1695
att,A2580,A2236
att,A2580,A386
att,A2580,A862
att,A2580,A750
att,A2580,A2708
att,A2580,A1735
att,A2580,A1619
att,A2580,A713
att,A2580,A2300
att,A2584,A1006
att,A2584,A1457
att,A2584,A1639
att,A2585,A318
att,A2585,A2516
att,A2585,A1575
att,A2585,A1036
att,A2585,A233
att,A2585,A2386
att,A2585,A16
att,A2585,A1528
att,A2585,A1779
att,A2585,A1081
att,A2585,A1765
att,A2585,A1288
att,A2585,A1249
att,A2585,A654
att,A2585,A1180
att,A2585,A659
att,A2585,A1587
att,A2585,A2418
att,A2585,A680
att,A2585,A2703
att,A2587,A363
att,A2587,A240
att,A2587,A2443
att,A2587,A2692
att,A2587,A2095
att,A2587,A703
att,A2587,A1361
att,A2587,A2405
att,A2587,A1631
att,A2587,A1717
att,A2587,A2508
att,A2587,A1078
att,A2587,A2597
att,A2587,A542
att,A2589,A2168
att,A2589,A533
att,A2589,A1885
att,A2589,A2779
att,A2589,A911
att,A2589,A757
att,A2589,A1446
att,A2589,A478
att,A2590,A2628
att,A2590,A1940
att,A2590,A1682
att,A2590,A87
att,A2590,A1753
att,A2594,A120
att,A2594,A832
att,A2594,A739
att,A2594,A2773
att,A2594,A1366
att,A2594,A216
att,A2594,A1838
att,A2594,A1119
att,A2594,A2473
att,A2594,A410
att,A2594,A1079
att,A2594,A1743
att,A2594,A2008
att,A2594,A1045
att,A2594,A478
att,A2594,A801
att,A2594,A2789
att,A2594,A1719
att,A2594,A460
att,A2594,A2520
att,A2594,A1765
att,A2594,A1509
att,A2594,A2003
att,A2594,A60
att,A2594,A1546
att,A2594,A2743
att,A2594,A1980
att,A2597,A2343
att,A2599,A1935
att,A2599,A2122
att,A2599,A2780
att,A2599,A1923
att,A2599,A1944
att,A2599,A1030
att,A2599,A1036
att,A2599,A1848
att,A2599,A1490
att,A2599,A1786
att,A2599,A2503
att,A2599,A788
att,A2599,A2614
att,A2599,A1594
att,A2599,A2555
att,A2599,A2408
att,A2599,A227
att,A2599,A2117
att,A2599,A1904
att,A2599,A2323
att,A2599,A777
att,A2599,A696
att,A2599,A144
att,A2599,A2358
att,A2599,A2099
att,A2599,A1069
att,A2603,A1190
att,A2603,A1332
att,A2603,A2581
att,A2603,A2539
att,A2603,A2035
att,A2603,A721
att,A2603,A150
att,A2603,A286
att,A2603,A2773
att,A2603,A2463
att,A2603,A451
att,A2603,A2374
att,A2603,A483
att,A2603,A1994
att,A2603,A2785
att,A2603,A1316
att,A2603,A767
att,A2603,A2381
att,A2603,A1168
att,A2603,A2520
att,A2603,A1208
att,A2603,A1691
att,A2603,A2450
att,A2603,A2021
att,A2603,A2389
att,A2603,A2133
att,A2603,A792
att,A2604,A15
att,A2604,A2722
att,A2604,A2020
att,A2604,A1692
att,A2604,A381
att,A2604,A1197
att,A2604,A1705
att,A2604,A1054
att,A2604,A2102
att,A2604,A1121
att,A2604,A1391
att,A2604,A2141
att,A2604,A2676
att,A2607,A2538
att,A2607,A1016
att,A2607,A2128
att,A2607,A681
att,A2607,A2547
att,A2607,A1531
att,A2607,A354
att,A2607,A1853
att,A2607,A2418
att,A2607,A904
att,A2607,A853
att,A2607,A779
att,A2607,A203
att,A2607,A2650
att,A2607,A58
att,A2607,A1765
att,A2607,A713
att,A2607,A2170
att,A2607,A422
att,A2607,A2240
att,A2615,A1162
att,A2615,A1980
att,A2615,A1643
att,A2615,A2447
att,A2615,A345
att,A2615,A634
att,A2615,A154
att,A2615,A290
att,A2615,A225
att,A2615,A447
att,A2615,A596
att,A2615,A157
att,A2617,A2716
att,A2617,A2637
att,A2617,A1561
att,A2617,A1863
att,A2617,A346
att,A2617,A1240
att,A2617,A1253
att,A2617,A230
att,A2617,A76
att,A2617,A388
att,A2617,A1324
att,A2617,A383
att,A2617,A650
att,A2617,A1772
att,A2617,A1571
att,A2617,A2305
att,A2617,A256
att,A2617,A472
att,A2617,A1304
att,A2617,A124
att,A2617,A963
att,A2617,A1729
att,A2617,A1431
att,A2617,A741
att,A2617,A1307
att,A2617,A2382
att,A2618,A2224
att,A2620,A649
att,A2620,A380
att,A2620,A850
att,A2620,A953
att,A2620,A1111
att,A2620,A1810
att,A2620,A151
att,A2620,A1794
att,A2620,A2278
att,A2620,A2054
att,A2620,A452
att,A2620,A868
att,A2622,A1814
att,A2622,A314
att,A2622,A1799
att,A2622,A2377
att,A2622,A85
att,A2625,A772
att,A2625,A1208
att,A2625,A1894
att,A2625,A1813
att,A2625,A1166
att,A2625,A2278
att,A2625,A180
att,A2625,A1686
att,A2625,A1266
att,A2625,A629
att,A2625,A1045
att,A2625,A1850
att,A2625,A1761
att,A2625,A2185
att,A2625,A1489
att,A2625,A229
att,A2625,A2077
att,A2625,A1046
att,A2627,A1645
att,A2627,A2144
att,A2627,A164
att,A2627,A190
att,A2627,A2080
att,A2627,A1270
att,A2627,A2179
att,A2627,A30
att,A2627,A721
att,A2627,A2446
att,A2633,A212
att,A2633,A2493
att,A2633,A225
att,A2633,A2618
att,A2633,A1670
att,A2633,A2273
att,A2633,A2115
att,A2633,A379
att,A2633,A1296
att,A2633,A17
att,A2633,A1137
att,A2633,A1726
att,A2633,A1590
att,A2633,A701
att,A2633,A1142
att,A2633,A1722
att,A2633,A677
att,A2633,A291
att,A2633,A2779
att,A2633,A2167
att,A2633,A239
att,A2633,A1094
att,A2633,A1040
att,A2634,A2279
att,A2634,A1967
att,A2634,A1528
att,A2634,A1777
att,A2634,A113
att,A2634,A1989
att,A2634,A2614
att,A2634,A1460
att,A2634,A262
att,A2634,A195
att,A2634,A1778
att,A2634,A1085
att,A2634,A1792
att,A2634,A627
att,A2634,A1684
att,A2634,A2299
att,A2634,A63
att,A2634,A728
att,A2634,A834
att,A2634,A337
att,A2635,A1904
att,A2636,A151
att,A2636,A1616
att,A2636,A1242
att,A2636,A1222
att,A2636,A2307
att,A2636,A530
att,A2636,A450
att,A2636,A2546
att,A2636,A1497
att,A2636,A1226
att,A2636,A364
att,A2636,A2053
att,A2636,A464
att,A2636,A2200
att,A2636,A2646
att,A2636,A681
att,A2636,A2040
att,A2636,A544
att,A2636,A667
att,A2636,A1447
att,A2636,A586
att,A2636,A633
att,A2636,A2751
att,A2636,A925
att,A2636,A404
att,A2636,A561
att,A2637,A1232
att,A2637,A1160
att,A2637,A1235
att,A2637,A2602
att,A2637,A755
att,A2637,A1155
att,A2637,A2758
att,A2637,A1123
att,A2637,A1134
att,A2637,A2763
att,A2637,A2566
att,A2637,A1803
att,A2637,A441
att,A2637,A1798
att,A2637,A1215
att,A2637,A2011
att,A2637,A1708
att,A2637,A1168
att,A2637,A496
att,A2640,A371
att,A2640,A2067
att,A2640,A2020
att,A2640,A1414
att,A2640,A1276
att,A2640,A2608
att,A2640,A1442
att,A2640,A59
att,A2640,A1992
att,A2640,A1486
att,A2640,A1021
att,A2640,A1659
att,A2640,A1111
att,A2640,A399
att,A2640,A720
att,A2640,A822
att,A2640,A261
att,A2640,A2192
att,A2640,A2617
att,A2640,A959
att,A2640,A2183
att,A2640,A774
att,A2640,A1758
att,A2640,A722
att,A2642,A420
att,A2642,A418
att,A2642,A1708
att,A2642,A2003
att,A2642,A2334
att,A2642,A1878
att,A2642,A2176
att,A2642,A662
att,A2642,A1636
att,A2642,A1681
att,A2642,A2251
att,A2642,A908
att,A2642,A1807
att,A2642,A2038
att,A2642,A683
att,A2642,A1166
att,A2642,A248
att,A2642,A2693
att,A2642,A829
att,A2646,A2041
att,A2646,A1215
att,A2646,A2442
att,A2646,A10
att,A2646,A2050
att,A2646,A2565
att,A2646,A505
att,A2646,A1547
att,A2646,A57
att,A2646,A688
att,A2646,A2430
att,A2646,A228
att,A2646,A1374
att,A2646,A2126
att,A2646,A78
att,A2646,A2733
att,A2646,A1347
att,A2646,A1893
att,A2648,A1127
att,A2648,A2246
att,A2648,A2281
att,A2648,A1939
att,A2648,A2559
att,A2649,A2345
att,A2649,A1642
att,A2649,A1099
att,A2649,A1705
att,A2649,A2451
att,A2649,A780
att,A2649,A2703
att,A2649,A874
att,A2649,A1551
att,A2650,A1200
att,A2650,A2149
att,A2650,A319
att,A2650,A2249
att,A2650,A2379
att,A2650,A1397
att,A2650,A1836
att,A2650,A574
att,A2651,A1568
att,A2651,A2126
att,A2651,A2087
att,A2651,A2370
att,A2651,A145
att,A2652,A240
att,A2652,A1652
att,A2652,A1070
att,A2652,A758
att,A2652,A2529
att,A2652,A1849
att,A2652,A2513
att,A2652,A1687
att,A2652,A2488
att,A2654,A390
att,A2654,A1989
att,A2654,A382
att,A2654,A893
att,A2654,A1956
att,A2655,A1418
att,A2655,A1094
att,A2655,A930
att,A2655,A14
att,A2655,A805
att,A2655,A1734
att,A2655,A2258
att,A2655,A1183
att,A2656,A2363
att,A2656,A1044
att,A2656,A1813
att,A2656,A2765
att,A2656,A929
att,A2656,A199
att,A2656,A1069
att,A2656,A2116
att,A2656,A256
att,A2656,A1725
att,A2656,A1873
att,A2656,A905
att,A2656,A1029
att,A2656,A2615
att,A2656,A1788
att,A2656,A2194
att,A2656,A1177
att,A2656,A1166
att,A2656,A2742
att,A2656,A1380
att,A2656,A775
att,A2656,A1258
att,A2658,A855
att,A2658,A1545
att,A2658,A2671
att,A2658,A1805
att,A2658,A895
att,A2658,A1896
att,A2658,A2521
att,A2658,A1837
att,A2658,A2283
att,A2658,A2388
att,A2658,A893
att,A2658,A553
att,A2658,A235
att,A2658,A1540
att,A2658,A1843
att,A2658,A2020
att,A2658,A447
att,A2658,A505
att,A2658,A2784
att,A2658,A1264
att,A2658,A556
att,A2658,A2669
att,A2658,A915
att,A2658,A2251
att,A2658,A1375
att,A2658,A1431
att,A2658,A2220
att,A2658,A908
att,A2658,A288
att,A2662,A802
att,A2662,A13
att,A2662,A1858
att,A2662,A2143
att,A2662,A880
att,A2662,A1651
att,A2662,A52
att,A2662,A1694
att,A2662,A2206
att,A2662,A820
att,A2662,A945
att,A2670,A715
att,A2674,A247
att,A2674,A2650
att,A2674,A1491
att,A2674,A1816
att,A2674,A2092
att,A2674,A1970
att,A2674,A29
att,A2675,A1554
att,A2675,A1345
att,A2675,A2548
att,A2675,A451
att,A2675,A2797
att,A2675,A1452
att,A2675,A1144
att,A2675,A490
att,A2675,A947
att,A2675,A398
att,A2675,A114
att,A2675,A2120
att,A2675,A2569
att,A2675,A234
att,A2675,A1383
att,A2675,A2255
att,A2675,A1575
att,A2675,A1108
att,A2675,A2151
att,A2675,A1123
att,A2675,A34
att,A2675,A1599
att,A2675,A883
att,A2675,A431
att,A2675,A1273
att,A2676,A206
att,A2676,A2389
att,A2676,A584
att,A2676,A1843
att,A2676,A1097
att,A2676,A337
att,A2676,A454
att,A2676,A1871
att,A2679,A1802
att,A2679,A1684
att,A2679,A837
att,A2679,A1747
att,A2679,A2328
att,A2679,A225
att,A2679,A2647
att,A2679,A2292
att,A2679,A2030
att,A2679,A1563
att,A2679,A504
att,A2679,A907
att,A2679,A18
att,A2679,A2098
att,A2679,A916
att,A2679,A1660
att,A2679,A1385
att,A2679,A1330
att,A2679,A2100
att,A2679,A2184
att,A2679,A662
att,A2679,A2262
att,A2682,A1056
att,A2682,A2748
att,A2682,A2554
att,A2682,A2623
att,A2682,A1428
att,A2682,A2322
att,A2682,A787
att,A2682,A2601
att,A2682,A1257
att,A2682,A253
att,A2682,A1075
att,A2682,A1854
att,A2685,A1219
att,A2685,A1248
att,A2685,A145
att,A2685,A1668
att,A2685,A1330
att,A2685,A2352
att,A2685,A509
att,A2685,A2721
att,A2685,A2455
att,A2686,A42
att,A2686,A1999
att,A2686,A1522
att,A2686,A1169
att,A2688,A125
att,A2688,A150
att,A2688,A823
att,A2688,A481
att,A2688,A1204
att,A2688,A926
att,A2688,A1929
att,A2688,A322
att,A2688,A2127
att,A2688,A191
att,A2688,A180
att,A2688,A1797
att,A2688,A1704
att,A2688,A2160
att,A2688,A451
att,A2688,A1274
att,A2688,A1554
att,A2688,A2157
att,A2688,A1621
att,A2688,A1440
att,A2689,A2004
att,A2689,A1835
att,A2689,A1574
att,A2689,A2396
att,A2689,A2665
att,A2689,A2701
att,A2689,A2224
att,A2689,A1907
att,A2689,A928
att,A2689,A196
att,A2689,A280
att,A2689,A1084
att,A2691,A1471
att,A2699,A1803
att,A2699,A248
att,A2700,A1560
att,A2700,A2239
att,A2700,A1419
att,A2700,A776
att,A2700,A1896
att,A2700,A600
att,A2700,A539
att,A2700,A315
att,A2700,A1531
att,A2700,A1732
att,A2700,A2273
att,A2700,A775
att,A2700,A1717
att,A2700,A905
att,A2700,A2135
att,A2702,A2672
att,A2702,A2311
att,A2702,A2790
att,A2702,A2538
att,A2702,A473
att,A2702,A982
att,A2702,A708
att,A2702,A2496
att,A2702,A1243
att,A2702,A1688
att,A2702,A2242
att,A2702,A1661
att,A2702,A2635
att,A2702,A1703
att,A2703,A1527
att,A2703,A1801
att,A2703,A865
att,A2703,A1960
att,A2703,A2384
att,A2703,A1658
att,A2703,A1657
att,A2703,A2327
att,A2703,A2420
att,A2703,A1458
att,A2703,A1484
att,A2703,A517
att,A2703,A2019
att,A2703,A1006
att,A2703,A1856
att,A2704,A2137
att,A2704,A499
att,A2704,A1464
att,A2704,A80
att,A2704,A1403
att,A2704,A990
att,A2704,A862
att,A2704,A183
att,A2704,A204
att,A2704,A1309
att,A2704,A2005
att,A2704,A2714
att,A2704,A1371
att,A2707,A336
att,A2707,A623
att,A2707,A487
att,A2707,A1508
att,A2707,A1757
att,A2707,A1333
att,A2709,A1569
att,A2709,A2456
att,A2709,A1707
att,A2709,A1143
att,A2709,A471
att,A2709,A2186
att,A2709,A1597
att,A2709,A1614
att,A2709,A2262
att,A2709,A2674
att,A2709,A887
att,A2709,A2589
att,A2709,A2215
att,A2709,A877
att,A2709,A279
att,A2709,A2522
att,A2709,A1095
att,A2709,A773
att,A2709,A1346
att,A2709,A1489
att,A2709,A1797
att,A2709,A2584
att,A2709,A2057
att,A2711,A887
att,A2711,A2152
att,A2711,A435
att,A2711,A2728
att,A2711,A1478
att,A2711,A869
att,A2711,A1308
att,A2711,A1121
att,A2711,A421
att,A2711,A103
att,A2711,A485
att,A2711,A657
att,A2711,A706
att,A2711,A1887
att,A2711,A880
att,A2711,A600
att,A2711,A1734
att,A2711,A439
att,A2711,A885
att,A2711,A1630
att,A2711,A13
att,A2711,A2030
att,A2712,A941
att,A2713,A1300
att,A2713,A456
att,A2713,A489
att,A2713,A1158
att,A2713,A236
att,A2713,A1464
att,A2713,A2794
att,A2713,A2
att,A2713,A1014
att,A2713,A246
att,A2713,A86
att,A2716,A792
att,A2716,A801
att,A2716,A2716
att,A2716,A1970
att,A2716,A696
att,A2716,A1661
att,A2716,A2160
att,A2716,A534
att,A2716,A1955
att,A2716,A154
att,A2718,A639
att,A2718,A575
att,A2718,A1347
att,A2718,A2612
att,A2718,A2496
att,A2718,A1741
att,A2719,A1164
att,A2719,A182
att,A2719,A2571
att,A2719,A478
att,A2719,A0
att,A2719,A1594
att,A2719,A577
att,A2719,A2521
att,A2721,A290
att,A2721,A1100
att,A2721,A2693
att,A2721,A601
att,A2721,A2454
att,A2723,A1148
att,A2723,A1801
att,A2723,A210
att,A2723,A1994
att,A2723,A2637
att,A2723,A130
att,A2723,A2254
att,A2723,A1850
att,A2723,A2790
att,A2723,A2243
att,A2723,A201
att,A2723,A1712
att,A2723,A743
att,A2723,A1353
att,A2723,A1018
att,A2723,A1710
att,A2723,A1989
att,A2723,A544
att,A2723,A480
att,A2723,A2253
att,A2723,A777
att,A2723,A396
att,A2724,A249
att,A2724,A2505
att,A2724,A197
att,A2724,A2077
att,A2724,A93
att,A2724,A443
att,A2724,A1867
att,A2724,A1913
att,A2724,A2035
att,A2724,A212
att,A2724,A1053
att,A2724,A2063
att,A2724,A1362
att,A2724,A575
att,A2724,A1963
att,A2724,A1021
att,A2724,A1920
att,A2725,A2364
att,A2725,A974
att,A2725,A2125
att,A2725,A1802
att,A2725,A500
att,A2728,A381
att,A2728,A1647
att,A2728,A2784
att,A2728,A793
att,A2728,A1913
att,A2728,A1266
att,A2728,A125
att,A2728,A1026
att,A2728,A877
att,A2728,A612
att,A2728,A2772
att,A2728,A407
att,A2728,A1885
att,A2728,A181
att,A2728,A1919
att,A2728,A2136
att,A2728,A1184
att,A2728,A1873
att,A2728,A266
att,A2731,A1569
att,A2731,A1458
att,A2731,A1106
att,A2731,A1716
att,A2731,A1648
att,A2731,A185
att,A2731,A1891
att,A2731,A2204
att,A2731,A853
att,A2731,A629
att,A2731,A746
att,A2731,A2123
att,A2731,A1399
att,A2731,A678
att,A2731,A2736
att,A2732,A1868
att,A2732,A1163
att,A2732,A1723
att,A2732,A296
att,A2732,A1774
att,A2732,A2329
att,A2732,A235
att,A2732,A1649
att,A2732,A1343
att,A2732,A1810
att,A2732,A247
att,A2732,A57
att,A2732,A1671
att,A2732,A2434
att,A2732,A2732
att,A2732,A600
att,A2732,A2012
att,A2732,A2481
att,A2734,A810
att,A2734,A1720
att,A2734,A1342
att,A2738,A2340
att,A2738,A1842
att,A2738,A2749
att,A2738,A2571
att,A2738,A843
att,A2738,A2145
att,A2740,A2725
att,A2740,A1971
att,A2742,A523
att,A2742,A2024
att,A2745,A2216
att,A2745,A2193
att,A2745,A1244
att,A2745,A1512
att,A2745,A1296
att,A2745,A801
att,A2745,A104
att,A2745,A2716
att,A2745,A222
att,A2745,A358
att,A2745,A849
att,A2745,A1285
att,A2745,A1002
att,A2745,A992
att,A2745,A1787
att,A2745,A12
att,A2745,A2571
att,A2745,A2757
att,A2745,A2698
att,A2745,A1222
att,A2745,A673
att,A2745,A661
att,A2745,A1177
att,A2745,A955
att,A2745,A1060
att,A2745,A1262
att,A2747,A1076
att,A2747,A1386
att,A2747,A347
att,A2747,A1605
att,A2747,A2790
att,A2747,A2103
att,A2747,A607
att,A2747,A2233
att,A2747,A659
att,A2747,A864
att,A2747,A1698
att,A2748,A1486
att,A2748,A2201
att,A2748,A2538
att,A2748,A155
att,A2748,A2122
att,A2748,A1140
att,A2748,A2721
att,A2748,A2727
att,A2748,A1753
att,A2748,A808
att,A2748,A1332
att,A2748,A2377
att,A2748,A2491
att,A2748,A2602
att,A2748,A1953
att,A2748,A679
att,A2748,A2111
att,A2748,A1950
att,A2748,A651
att,A2749,A964
att,A2749,A1123
att,A2749,A845
att,A2749,A1460
att,A2749,A2769
att,A2749,A376
att,A2749,A2018
att,A2749,A1117
att,A2749,A2423
att,A2749,A1870
att,A2749,A135
att,A2749,A134
att,A2749,A2378
att,A2749,A2081
att,A2749,A2252
att,A2749,A1385
att,A2752,A893
att,A2752,A2733
att,A2752,A435
att,A2752,A1274
att,A2752,A209
att,A2752,A2318
att,A2752,A2030
att,A2752,A255
att,A2752,A1356
att,A2752,A2395
att,A2752,A2357
att,A2752,A1041
att,A2752,A193
att,A2752,A423
att,A2752,A2523
att,A2752,A1256
att,A2753,A416
att,A2753,A2335
att,A2753,A490
att,A2753,A1693
att,A2753,A2305
att,A2753,A1434
att,A2753,A1361
att,A2753,A876
att,A2753,A360
att,A2753,A1644
att,A2753,A2214
att,A2753,A581
att,A2753,A301
att,A2753,A2172
att,A2753,A1468
att,A2753,A1594
att,A2753,A1985
att,A2753,A1576
att,A2754,A2171
att,A2754,A1632
att,A2754,A1986
att,A2754,A1402
att,A2754,A419
att,A2754,A2172
att,A2754,A315
att,A2754,A1246
att,A2754,A2642
att,A2754,A354
att,A2754,A2789
att,A2754,A731
att,A2754,A355
att,A2755,A639
att,A2755,A1386
att,A2755,A591
att,A2757,A2555
att,A2759,A1720
att,A2759,A2054
att,A2759,A2432
att,A2759,A252
att,A2759,A1105
att,A2759,A2482
att,A2759,A2139
att,A2759,A1329
att,A2759,A2233
att,A2759,A1076
att,A2759,A459
att,A2759,A1165
att,A2759,A2000
att,A2759,A2407
att,A2759,A592
att,A2759,A1376
att,A2759,A2785
att,A2759,A210
att,A2759,A1811
att,A2759,A1008
att,A2759,A1640
att,A2759,A2205
att,A2759,A2743
att,A2759,A193
att,A2760,A1919
att,A2760,A767
att,A2760,A2112
att,A2760,A1036
att,A2760,A1067
att,A2760,A1934
att,A2760,A1598
att,A2760,A357
att,A2760,A1376
att,A2760,A2180
att,A2760,A2721
att,A2760,A1333
att,A2760,A671
att,A2760,A177
att,A2760,A1319
att,A2760,A2029
att,A2760,A2081
att,A2760,A1100
att,A2761,A2362
att,A2761,A1762
att,A2761,A795
att,A2761,A2228
att,A2761,A535
att,A2761,A2557
att,A2761,A301
att,A2761,A1510
att,A2761,A921
att,A2761,A2266
att,A2761,A2102
att,A2761,A49
att,A2761,A1562
att,A2761,A906
att,A2761,A1416
att,A2761,A1468
att,A2761,A890
att,A2761,A1260
att,A2763,A1964
att,A2763,A2390
att,A2763,A2233
att,A2763,A1524
att,A2763,A2373
att,A2763,A252
att,A2763,A352
att,A2763,A2767
att,A2769,A2362
att,A2771,A452
att,A2771,A1173
att,A2771,A1917
att,A2771,A1270
att,A2771,A95
att,A2771,A1677
att,A2771,A253
att,A2771,A636
att,A2771,A2282
att,A2771,A389
att,A2771,A729
att,A2771,A126
att,A2771,A819
att,A2771,A1149
att,A2771,A2795
att,A2771,A1990
att,A2771,A307
att,A2771,A2589
att,A2774,A2614
att,A2774,A1700
att,A2774,A956
att,A2776,A299
att,A2776,A1077
att,A2776,A332
att,A2776,A564
att,A2777,A629
att,A2777,A1985
att,A2777,A1682
att,A2777,A2251
att,A2777,A2773
att,A2777,A2480
att,A2777,A2514
att,A2777,A692
att,A2777,A2565
att,A2777,A1590
att,A2777,A1840
att,A2777,A782
att,A2777,A1721
att,A2777,A1387
att,A2777,A392
att,A2777,A327
att,A2777,A597
att,A2777,A2230
att,A2779,A443
att,A2779,A408
att,A2779,A393
att,A2779,A2393
att,A2779,A903
att,A2779,A913
att,A2779,A544
att,A2779,A774
att,A2779,A1622
att,A2779,A1597
att,A2779,A1439
att,A2779,A1378
att,A2779,A2377
att,A2779,A237
att,A2779,A2729
att,A2779,A728
att,A2780,A2763
att,A2780,A1783
att,A2780,A1263
att,A2780,A1181
att,A2780,A1721
att,A2780,A2779
att,A2780,A2120
att,A2780,A316
att,A2780,A43
att,A2780,A485
att,A2780,A1902
att,A2780,A1799
att,A2780,A1964
att,A2781,A423
att,A2781,A2346
att,A2781,A2362
att,A2781,A337
att,A2781,A1055
att,A2781,A2719
att,A2781,A2649
att,A2781,A1124
att,A2781,A2191
att,A2781,A42
att,A2781,A1710
att,A2781,A957
att,A2781,A2416
att,A2781,A2223
att,A2781,A921
att,A2782,A115
att,A2782,A2743
att,A2782,A1631
att,A2782,A2217
att,A2782,A380
att,A2782,A369
att,A2782,A2045
att,A2782,A1877
att,A2782,A308
att,A2782,A847
att,A2782,A696
att,A2782,A1798
att,A2782,A2105
att,A2782,A2042
att,A2786,A679
att,A2786,A181
att,A2786,A1919
att,A2786,A499
att,A2786,A302
att,A2786,A1347
att,A2786,A1876
att,A2786,A207
att,A2786,A1685
att,A2786,A199
att,A2786,A1983
att,A2786,A2682
att,A2786,A1738
att,A2786,A2304
att,A2786,A1306
att,A2786,A2435
att,A2793,A2780
att,A2793,A2174
att,A2793,A264
att,A2793,A614
att,A2793,A2403
att,A2793,A244
att,A2793,A313
att,A2793,A1418
att,A2793,A2139
att,A2793,A465
att,A2793,A827
att,A2793,A1089
att,A2793,A788
att,A2793,A1327
att,A2793,A659
att,A2793,A1171
att,A2793,A2369
att,A2793,A1135
att,A2793,A1302
att,A2793,A641
att,A2793,A1965
att,A2793,A1837
att,A2794,A1153
att,A2794,A706
att,A2794,A799
att,A2794,A2656
att,A2794,A1737
att,A2794,A281
att,A2794,A521
att,A2794,A554
att,A2794,A2416
att,A2794,A861
att,A2794,A1805
att,A2794,A1242
att,A2794,A2113
att,A2795,A364
att,A2795,A826
att,A2795,A1179
att,A2795,A1030
att,A2795,A702
att,A2795,A2731
att,A2795,A1988
att,A2795,A2793
att,A2795,A1073
att,A2798,A1781
att,A2798,A1573
att,A2798,A1236
att,A2798,A1116
att,A2798,A207
att,A2798,A1015
att,A2798,A141
att,A2798,A2420
att,A2798,A2679
att,A2798,A789
att,A2798,A2580
att,A2798,A2748
att,A2798,A433
att,A2798,A1624
att,A2798,A623
att,A2798,A840
att,A2798,A537
att,A2798,A954
att,A2798,A1165
att,A2798,A1080
att,A2798,A1506
att,A2798,A1707
att,A2798,A946
att,A2798,A1699
att,A2798,A431
att,A2798,A1129
att,A2798,A2718
att,A2798,A1253
att,A2799,A886
att,A2799,A2182
att,A2799,A681
att,A2799,A1576
att,A2799,A1935
att,A2799,A2253
att,A2799,A1695
att,A2799,A1795
att,A2799,A2349
att,A2799,A1445
att,A2799,A1401
att,A2799,A71
