Entailment,Arg1,Arg2
sup,A3,A4
sup,A6,A7
sup,A7,A8
sup,A8,A9
sup,A9,A10
sup,A121,A122
sup,A122,A123
sup,A123,A124
sup,A124,A125
sup,A125,A126
sup,A126,A127
sup,A127,A128
sup,A128,A129
sup,A129,A130
sup,A130,A131
sup,A131,A132
sup,A132,A133
sup,A133,A134
sup,A134,A135
sup,A135,A136
sup,A136,A137
sup,A137,A138
sup,A138,A139
sup,A139,A140
sup,A140,A141
sup,A141,A142
sup,A142,A143
sup,A143,A144
sup,A144,A145
sup,A145,A146
sup,A146,A147
sup,A147,A148
sup,A148,A149
sup,A149,A150
sup,A150,A151
sup,A151,A152
sup,A152,A153
sup,A153,A154
sup,A154,A155
sup,A155,A156
sup,A156,A157
sup,A157,A158
sup,A158,A159
sup,A159,A160
sup,A160,A161
sup,A161,A162
sup,A162,A121
sup,A163,A164
sup,A164,A165
sup,A165,A166
sup,A168,A169
sup,A170,A171
sup,A172,A173
sup,A174,A175
sup,A175,A176
sup,A178,A179
sup,A179,A180
sup,A180,A181
sup,A182,A183
sup,A183,A184
sup,A184,A185
sup,A185,A186
sup,A190,A163
sup,A191,A192
sup,A192,A193
sup,A193,A194
sup,A196,A197
sup,A197,A198
sup,A198,A199
sup,A202,A203
sup,A203,A204
sup,A204,A205
sup,A205,A206
sup,A206,A207
sup,A207,A208
sup,A211,A212
sup,A213,A214
sup,A214,A215
sup,A215,A216
sup,A217,A218
sup,A220,A221
sup,A221,A222
sup,A223,A224
sup,A240,A241
sup,A241,A242
sup,A242,A243
sup,A243,A244
sup,A244,A245
sup,A245,A246
sup,A246,A247
sup,A247,A248
sup,A248,A249
sup,A249,A250
sup,A250,A251
sup,A251,A252
sup,A252,A253
sup,A253,A254
sup,A254,A255
sup,A255,A256
sup,A256,A257
sup,A257,A258
sup,A258,A259
sup,A259,A260
sup,A260,A261
sup,A261,A240
sup,A311,A312
sup,A312,A313
sup,A313,A314
sup,A314,A315
sup,A315,A316
sup,A316,A317
sup,A317,A318
sup,A318,A319
sup,A319,A320
sup,A320,A321
sup,A321,A322
sup,A322,A323
sup,A323,A324
sup,A324,A325
sup,A325,A326
sup,A326,A327
sup,A327,A328
sup,A328,A329
sup,A329,A330
sup,A330,A331
sup,A331,A332
sup,A332,A333
sup,A333,A334
sup,A334,A335
sup,A335,A336
sup,A336,A337
sup,A337,A338
sup,A338,A339
sup,A339,A340
sup,A340,A341
sup,A341,A342
sup,A342,A343
sup,A343,A344
sup,A344,A345
sup,A345,A346
sup,A346,A347
sup,A347,A311
sup,A348,A349
sup,A350,A351
sup,A352,A353
sup,A353,A354
sup,A355,A356
sup,A357,A358
sup,A359,A360
sup,A361,A362
sup,A362,A363
sup,A364,A365
sup,A365,A366
sup,A367,A368
sup,A373,A374
sup,A376,A377
sup,A377,A378
sup,A378,A379
sup,A380,A381
sup,A382,A383
sup,A383,A384
sup,A386,A387
sup,A388,A389
sup,A389,A390
sup,A391,A392
sup,A392,A393
sup,A394,A395
sup,A395,A396
sup,A396,A348
sup,A415,A416
sup,A416,A417
sup,A417,A418
sup,A422,A423
sup,A423,A424
sup,A425,A426
sup,A426,A427
sup,A428,A429
sup,A430,A431
sup,A433,A434
sup,A435,A436
sup,A436,A437
sup,A438,A439
sup,A440,A441
sup,A442,A443
sup,A443,A444
sup,A445,A446
sup,A446,A447
sup,A448,A449
sup,A449,A450
sup,A450,A451
sup,A455,A456
sup,A457,A458
sup,A458,A459
sup,A459,A460
sup,A460,A461
sup,A461,A462
sup,A462,A463
sup,A463,A464
sup,A464,A465
sup,A465,A466
sup,A466,A467
sup,A467,A468
sup,A468,A469
sup,A469,A470
sup,A470,A471
sup,A471,A472
sup,A472,A473
sup,A473,A474
sup,A474,A475
sup,A475,A476
sup,A476,A477
sup,A477,A478
sup,A478,A479
sup,A479,A480
sup,A480,A481
sup,A481,A482
sup,A482,A483
sup,A483,A484
sup,A484,A485
sup,A485,A486
sup,A486,A487
sup,A487,A488
sup,A488,A489
sup,A489,A490
sup,A490,A491
sup,A491,A492
sup,A492,A493
sup,A493,A457
sup,A494,A495
sup,A495,A496
sup,A496,A497
sup,A497,A498
sup,A498,A499
sup,A499,A500
sup,A500,A494
sup,A501,A502
sup,A502,A503
sup,A503,A504
sup,A504,A505
sup,A505,A506
sup,A506,A507
sup,A507,A508
sup,A508,A509
sup,A509,A510
sup,A510,A511
sup,A511,A512
sup,A512,A513
sup,A513,A514
sup,A514,A515
sup,A515,A516
sup,A516,A517
sup,A517,A518
sup,A518,A519
sup,A519,A520
sup,A520,A521
sup,A521,A522
sup,A522,A523
sup,A523,A524
sup,A524,A525
sup,A525,A526
sup,A526,A527
sup,A527,A528
sup,A528,A501
sup,A531,A532
sup,A533,A534
sup,A539,A540
sup,A540,A541
sup,A542,A543
sup,A543,A544
sup,A546,A547
sup,A547,A548
sup,A548,A549
sup,A551,A552
sup,A555,A556
sup,A558,A559
sup,A559,A560
sup,A560,A561
sup,A561,A562
sup,A564,A565
sup,A565,A566
sup,A566,A567
sup,A567,A568
sup,A569,A570
sup,A570,A571
sup,A593,A594
sup,A594,A595
sup,A595,A596
sup,A596,A597
sup,A597,A598
sup,A598,A599
sup,A599,A600
sup,A600,A601
sup,A601,A602
sup,A602,A603
sup,A603,A604
sup,A604,A605
sup,A605,A606
sup,A606,A607
sup,A607,A608
sup,A608,A609
sup,A609,A610
sup,A610,A611
sup,A611,A612
sup,A612,A613
sup,A613,A614
sup,A614,A615
sup,A615,A616
sup,A616,A617
sup,A617,A618
sup,A618,A619
sup,A619,A593
sup,A658,A659
sup,A659,A660
sup,A660,A655
sup,A706,A707
sup,A708,A709
sup,A710,A711
sup,A711,A712
sup,A712,A713
sup,A713,A714
sup,A714,A715
sup,A715,A716
sup,A716,A717
sup,A717,A718
sup,A718,A719
sup,A722,A723
sup,A726,A727
sup,A727,A728
sup,A728,A729
sup,A815,A816
sup,A816,A817
sup,A817,A818
sup,A818,A819
sup,A819,A820
sup,A821,A822
sup,A824,A825
sup,A826,A827
sup,A828,A829
sup,A830,A831
sup,A831,A832
sup,A832,A833
sup,A833,A834
sup,A834,A835
sup,A835,A812
sup,A836,A837
sup,A837,A838
sup,A838,A839
sup,A839,A840
sup,A840,A841
sup,A841,A842
sup,A842,A843
sup,A843,A844
sup,A844,A845
sup,A845,A846
sup,A846,A847
sup,A847,A848
sup,A848,A849
sup,A849,A850
sup,A850,A851
sup,A851,A852
sup,A852,A853
sup,A853,A854
sup,A854,A855
sup,A855,A856
sup,A856,A857
sup,A857,A858
sup,A858,A859
sup,A859,A860
sup,A860,A861
sup,A861,A862
sup,A862,A863
sup,A863,A864
sup,A864,A865
sup,A865,A866
sup,A866,A867
sup,A867,A868
sup,A868,A869
sup,A869,A870
sup,A870,A871
sup,A871,A872
sup,A872,A873
sup,A873,A874
sup,A874,A875
sup,A875,A876
sup,A876,A877
sup,A877,A878
sup,A878,A879
sup,A879,A880
sup,A880,A881
sup,A881,A882
sup,A882,A883
sup,A883,A836
sup,A884,A885
sup,A885,A886
sup,A886,A887
sup,A887,A888
sup,A888,A889
sup,A889,A890
sup,A890,A891
sup,A891,A892
sup,A892,A893
sup,A893,A894
sup,A894,A895
sup,A895,A896
sup,A896,A897
sup,A897,A898
sup,A898,A899
sup,A899,A900
sup,A900,A901
sup,A901,A902
sup,A902,A903
sup,A903,A904
sup,A904,A905
sup,A905,A906
sup,A906,A907
sup,A907,A908
sup,A908,A909
sup,A909,A910
sup,A910,A911
sup,A911,A912
sup,A912,A913
sup,A913,A914
sup,A914,A915
sup,A915,A916
sup,A916,A917
sup,A917,A918
sup,A918,A919
sup,A919,A920
sup,A920,A921
sup,A921,A922
sup,A922,A923
sup,A923,A884
sup,A924,A925
sup,A925,A926
sup,A926,A927
sup,A927,A928
sup,A928,A929
sup,A929,A930
sup,A930,A924
sup,A931,A932
sup,A932,A933
sup,A933,A934
sup,A934,A935
sup,A935,A936
sup,A936,A937
sup,A937,A938
sup,A938,A939
sup,A939,A940
sup,A940,A941
sup,A941,A942
sup,A942,A943
sup,A943,A944
sup,A944,A945
sup,A945,A946
sup,A946,A947
sup,A947,A948
sup,A948,A949
sup,A949,A950
sup,A950,A951
sup,A951,A952
sup,A952,A953
sup,A953,A954
sup,A954,A955
sup,A955,A956
sup,A956,A931
sup,A964,A965
sup,A969,A970
sup,A973,A974
sup,A974,A975
sup,A975,A976
sup,A976,A977
sup,A1063,A1064
sup,A1064,A1065
sup,A1065,A1066
sup,A1066,A1067
sup,A1067,A1068
sup,A1068,A1069
sup,A1069,A1070
sup,A1070,A1071
sup,A1071,A1072
sup,A1072,A1073
sup,A1073,A1074
sup,A1074,A1075
sup,A1075,A1076
sup,A1076,A1077
sup,A1077,A1078
sup,A1078,A1079
sup,A1079,A1080
sup,A1080,A1081
sup,A1081,A1082
sup,A1082,A1083
sup,A1083,A1084
sup,A1084,A1085
sup,A1085,A1086
sup,A1086,A1087
sup,A1087,A1088
sup,A1088,A1089
sup,A1089,A1090
sup,A1090,A1091
sup,A1091,A1092
sup,A1092,A1093
sup,A1093,A1094
sup,A1094,A1095
sup,A1095,A1096
sup,A1096,A1097
sup,A1097,A1098
sup,A1098,A1099
sup,A1099,A1100
sup,A1100,A1101
sup,A1101,A1102
sup,A1102,A1063
sup,A1103,A1104
sup,A1104,A1105
sup,A1105,A1106
sup,A1106,A1107
sup,A1107,A1108
sup,A1108,A1109
sup,A1109,A1110
sup,A1110,A1111
sup,A1111,A1112
sup,A1112,A1113
sup,A1113,A1114
sup,A1114,A1115
sup,A1115,A1116
sup,A1116,A1117
sup,A1117,A1118
sup,A1118,A1119
sup,A1119,A1120
sup,A1120,A1121
sup,A1121,A1122
sup,A1122,A1123
sup,A1123,A1124
sup,A1124,A1125
sup,A1125,A1126
sup,A1126,A1127
sup,A1127,A1128
sup,A1128,A1129
sup,A1129,A1130
sup,A1130,A1131
sup,A1131,A1132
sup,A1132,A1133
sup,A1133,A1134
sup,A1134,A1103
sup,A1139,A1140
sup,A1145,A1146
sup,A1147,A1148
sup,A1148,A1149
sup,A1150,A1151
sup,A1151,A1152
sup,A1153,A1154
sup,A1154,A1155
sup,A1155,A1156
sup,A1156,A1157
sup,A1158,A1159
sup,A1159,A1160
sup,A1160,A1161
sup,A1162,A1163
sup,A1165,A1166
sup,A1166,A1167
sup,A1167,A1168
sup,A1169,A1170
sup,A1170,A1171
sup,A1171,A1172
sup,A1174,A1175
sup,A1176,A1139
sup,A1177,A1178
sup,A1179,A1180
sup,A1182,A1183
sup,A1184,A1185
sup,A1185,A1186
sup,A1187,A1188
sup,A1188,A1189
sup,A1193,A1194
sup,A1197,A1198
sup,A1200,A1201
sup,A1201,A1202
sup,A1205,A1206
sup,A1207,A1208
sup,A1209,A1210
sup,A1210,A1177
sup,A1213,A1214
sup,A1214,A1215
sup,A1215,A1216
sup,A1219,A1220
sup,A1220,A1221
sup,A1223,A1224
sup,A1224,A1225
sup,A1225,A1226
sup,A1226,A1227
sup,A1240,A1241
sup,A1241,A1242
sup,A1243,A1244
sup,A1244,A1245
sup,A1247,A1248
sup,A1248,A1249
sup,A1250,A1251
sup,A1252,A1253
sup,A1255,A1256
sup,A1256,A1211
sup,A1257,A1258
sup,A1258,A1259
sup,A1260,A1261
sup,A1262,A1263
sup,A1265,A1266
sup,A1266,A1267
sup,A1267,A1268
sup,A1268,A1269
sup,A1269,A1270
sup,A1270,A1271
sup,A1272,A1273
sup,A1273,A1274
sup,A1275,A1276
sup,A1276,A1277
sup,A1280,A1281
sup,A1281,A1282
sup,A1285,A1286
sup,A1286,A1287
sup,A1288,A1289
sup,A1290,A1291
sup,A1294,A1295
sup,A1295,A1296
sup,A1296,A1297
sup,A1298,A1299
sup,A1299,A1300
sup,A1300,A1301
sup,A1301,A1302
sup,A1303,A1304
sup,A1304,A1279
sup,A1316,A1317
sup,A1317,A1318
sup,A1318,A1319
sup,A1319,A1320
sup,A1324,A1325
sup,A1325,A1326
sup,A1326,A1327
sup,A1327,A1328
sup,A1328,A1329
sup,A1329,A1330
sup,A1331,A1332
sup,A1332,A1333
sup,A1334,A1335
sup,A1337,A1338
sup,A1338,A1339
sup,A1339,A1340
sup,A1340,A1341
sup,A1341,A1342
sup,A1342,A1343
sup,A1343,A1337
sup,A1355,A1356
sup,A1356,A1357
sup,A1357,A1358
sup,A1358,A1359
sup,A1359,A1360
sup,A1360,A1361
sup,A1361,A1362
sup,A1362,A1363
sup,A1363,A1364
sup,A1364,A1365
sup,A1365,A1366
sup,A1366,A1355
sup,A1367,A1368
sup,A1368,A1369
sup,A1369,A1370
sup,A1370,A1371
sup,A1371,A1372
sup,A1372,A1373
sup,A1373,A1374
sup,A1374,A1375
sup,A1375,A1376
sup,A1376,A1377
sup,A1377,A1378
sup,A1378,A1379
sup,A1379,A1380
sup,A1380,A1381
sup,A1381,A1382
sup,A1382,A1383
sup,A1383,A1384
sup,A1384,A1385
sup,A1385,A1386
sup,A1386,A1387
sup,A1387,A1388
sup,A1388,A1389
sup,A1389,A1390
sup,A1390,A1391
sup,A1391,A1392
sup,A1392,A1393
sup,A1393,A1394
sup,A1394,A1395
sup,A1395,A1396
sup,A1396,A1397
sup,A1397,A1398
sup,A1398,A1399
sup,A1399,A1400
sup,A1400,A1401
sup,A1401,A1402
sup,A1402,A1367
sup,A1431,A1432
sup,A1432,A1433
sup,A1433,A1431
sup,A1434,A1435
sup,A1438,A1439
sup,A1439,A1440
sup,A1440,A1441
sup,A1442,A1443
sup,A1443,A1444
sup,A1447,A1448
sup,A1448,A1449
sup,A1452,A1453
sup,A1453,A1454
sup,A1455,A1456
sup,A1456,A1457
sup,A1457,A1458
sup,A1459,A1460
sup,A1461,A1462
sup,A1465,A1466
sup,A1468,A1469
sup,A1475,A1476
sup,A1476,A1477
sup,A1477,A1434
sup,A1478,A1479
sup,A1479,A1480
sup,A1480,A1481
sup,A1481,A1482
sup,A1482,A1483
sup,A1483,A1484
sup,A1484,A1485
sup,A1485,A1486
sup,A1486,A1487
sup,A1487,A1488
sup,A1488,A1489
sup,A1489,A1490
sup,A1490,A1491
sup,A1491,A1492
sup,A1492,A1493
sup,A1493,A1494
sup,A1494,A1495
sup,A1495,A1496
sup,A1496,A1497
sup,A1497,A1498
sup,A1498,A1499
sup,A1499,A1500
sup,A1500,A1501
sup,A1501,A1502
sup,A1502,A1503
sup,A1503,A1504
sup,A1504,A1505
sup,A1505,A1506
sup,A1506,A1507
sup,A1507,A1508
sup,A1508,A1509
sup,A1509,A1510
sup,A1510,A1511
sup,A1511,A1512
sup,A1512,A1513
sup,A1513,A1514
sup,A1514,A1478
sup,A1515,A1516
sup,A1519,A1520
sup,A1521,A1522
sup,A1522,A1523
sup,A1523,A1524
sup,A1524,A1525
sup,A1525,A1526
sup,A1527,A1528
sup,A1528,A1529
sup,A1529,A1530
sup,A1530,A1531
sup,A1531,A1532
sup,A1532,A1533
sup,A1535,A1536
sup,A1538,A1539
sup,A1540,A1541
sup,A1543,A1544
sup,A1544,A1545
sup,A1546,A1547
sup,A1547,A1515
sup,A1548,A1549
sup,A1549,A1550
sup,A1551,A1552
sup,A1552,A1553
sup,A1553,A1554
sup,A1554,A1555
sup,A1555,A1556
sup,A1563,A1564
sup,A1564,A1565
sup,A1565,A1566
sup,A1568,A1569
sup,A1569,A1570
sup,A1570,A1571
sup,A1571,A1572
sup,A1572,A1573
sup,A1576,A1577
sup,A1577,A1578
sup,A1578,A1579
sup,A1582,A1583
sup,A1583,A1584
sup,A1589,A1590
sup,A1590,A1591
sup,A1615,A1616
sup,A1616,A1617
sup,A1617,A1618
sup,A1618,A1619
sup,A1619,A1620
sup,A1620,A1621
sup,A1621,A1622
sup,A1622,A1623
sup,A1623,A1624
sup,A1624,A1625
sup,A1625,A1626
sup,A1626,A1627
sup,A1627,A1628
sup,A1628,A1629
sup,A1629,A1630
sup,A1630,A1631
sup,A1631,A1632
sup,A1632,A1633
sup,A1633,A1634
sup,A1634,A1635
sup,A1635,A1636
sup,A1636,A1637
sup,A1637,A1638
sup,A1638,A1639
sup,A1639,A1640
sup,A1640,A1641
sup,A1641,A1615
sup,A1642,A1643
sup,A1643,A1644
sup,A1644,A1645
sup,A1645,A1646
sup,A1646,A1647
sup,A1647,A1648
sup,A1648,A1642
sup,A1651,A1652
sup,A1652,A1653
sup,A1654,A1655
sup,A1656,A1657
sup,A1658,A1659
sup,A1662,A1663
sup,A1664,A1665
sup,A1666,A1667
sup,A1670,A1671
sup,A1672,A1673
sup,A1674,A1675
sup,A1675,A1676
sup,A1676,A1677
sup,A1679,A1680
sup,A1681,A1682
sup,A1683,A1684
sup,A1684,A1685
sup,A1686,A1687
sup,A1688,A1689
sup,A1691,A1692
sup,A1697,A1649
sup,A1701,A1702
sup,A1702,A1703
sup,A1703,A1704
sup,A1704,A1705
sup,A1707,A1708
sup,A1708,A1709
sup,A1709,A1710
sup,A1711,A1698
sup,A1712,A1713
sup,A1714,A1715
sup,A1716,A1717
sup,A1721,A1722
sup,A1722,A1723
sup,A1725,A1726
sup,A1727,A1728
sup,A1728,A1729
sup,A1731,A1732
sup,A1735,A1736
sup,A1740,A1741
sup,A1741,A1742
sup,A1744,A1745
sup,A1745,A1746
sup,A1748,A1749
sup,A1749,A1750
sup,A1750,A1751
sup,A1752,A1753
sup,A1753,A1754
sup,A1754,A1755
sup,A1758,A1759
sup,A1760,A1712
sup,A1761,A1762
sup,A1762,A1763
sup,A1763,A1764
sup,A1764,A1765
sup,A1765,A1766
sup,A1766,A1767
sup,A1767,A1768
sup,A1768,A1769
sup,A1769,A1770
sup,A1770,A1771
sup,A1771,A1772
sup,A1772,A1773
sup,A1773,A1774
sup,A1774,A1775
sup,A1775,A1776
sup,A1776,A1777
sup,A1777,A1778
sup,A1778,A1779
sup,A1779,A1780
sup,A1780,A1781
sup,A1781,A1782
sup,A1782,A1761
sup,A1783,A1784
sup,A1788,A1789
sup,A1792,A1783
sup,A1793,A1794
sup,A1794,A1795
sup,A1795,A1796
sup,A1796,A1797
sup,A1797,A1798
sup,A1798,A1799
sup,A1799,A1800
sup,A1800,A1801
sup,A1801,A1802
sup,A1802,A1803
sup,A1803,A1804
sup,A1804,A1805
sup,A1805,A1806
sup,A1806,A1807
sup,A1807,A1808
sup,A1808,A1809
sup,A1809,A1810
sup,A1810,A1811
sup,A1811,A1812
sup,A1812,A1813
sup,A1813,A1814
sup,A1814,A1815
sup,A1815,A1816
sup,A1816,A1817
sup,A1817,A1818
sup,A1818,A1819
sup,A1819,A1820
sup,A1820,A1821
sup,A1821,A1822
sup,A1822,A1823
sup,A1823,A1824
sup,A1824,A1825
sup,A1825,A1826
sup,A1826,A1827
sup,A1827,A1828
sup,A1828,A1829
sup,A1829,A1830
sup,A1830,A1831
sup,A1831,A1832
sup,A1832,A1833
sup,A1833,A1834
sup,A1834,A1835
sup,A1835,A1836
sup,A1836,A1837
sup,A1837,A1793
sup,A1857,A1858
sup,A1858,A1859
sup,A1859,A1860
sup,A1862,A1863
sup,A1864,A1865
sup,A1865,A1866
sup,A1867,A1868
sup,A1869,A1870
sup,A1871,A1872
sup,A1872,A1873
sup,A1873,A1874
sup,A1874,A1875
sup,A1875,A1876
sup,A1876,A1877
sup,A1877,A1878
sup,A1878,A1879
sup,A1879,A1880
sup,A1880,A1881
sup,A1881,A1882
sup,A1882,A1883
sup,A1883,A1884
sup,A1884,A1885
sup,A1885,A1886
sup,A1886,A1887
sup,A1887,A1888
sup,A1888,A1889
sup,A1889,A1890
sup,A1890,A1891
sup,A1891,A1892
sup,A1892,A1893
sup,A1893,A1894
sup,A1894,A1895
sup,A1895,A1896
sup,A1896,A1897
sup,A1897,A1898
sup,A1898,A1899
sup,A1899,A1900
sup,A1900,A1901
sup,A1901,A1902
sup,A1902,A1903
sup,A1903,A1904
sup,A1904,A1905
sup,A1905,A1906
sup,A1906,A1871
sup,A1907,A1908
sup,A1908,A1909
sup,A1909,A1910
sup,A1910,A1911
sup,A1911,A1912
sup,A1912,A1913
sup,A1913,A1914
sup,A1914,A1915
sup,A1915,A1916
sup,A1916,A1917
sup,A1917,A1918
sup,A1918,A1919
sup,A1919,A1920
sup,A1920,A1921
sup,A1921,A1922
sup,A1922,A1923
sup,A1923,A1924
sup,A1924,A1925
sup,A1925,A1926
sup,A1926,A1927
sup,A1927,A1928
sup,A1928,A1929
sup,A1929,A1930
sup,A1930,A1931
sup,A1931,A1932
sup,A1932,A1933
sup,A1933,A1934
sup,A1934,A1935
sup,A1935,A1907
sup,A1936,A1937
sup,A1938,A1939
sup,A1941,A1942
sup,A1943,A1944
sup,A1944,A1945
sup,A1945,A1946
sup,A1946,A1947
sup,A1948,A1949
sup,A1950,A1951
sup,A1952,A1953
sup,A1954,A1955
sup,A1959,A1960
sup,A1961,A1962
sup,A1962,A1963
sup,A1964,A1965
sup,A1965,A1966
sup,A1967,A1968
sup,A1969,A1970
sup,A1970,A1971
sup,A1971,A1972
sup,A1972,A1973
sup,A1973,A1974
sup,A1975,A1976
sup,A1976,A1977
sup,A1980,A1981
sup,A1982,A1983
sup,A1983,A1984
sup,A1986,A1987
sup,A1987,A1988
sup,A1990,A1991
sup,A1991,A1992
sup,A1994,A1995
sup,A1995,A1996
sup,A1997,A1998
sup,A1999,A2000
sup,A2001,A2002
sup,A2002,A2003
sup,A2004,A2005
sup,A2007,A2008
sup,A2008,A1978
sup,A2009,A2010
sup,A2011,A2012
sup,A2055,A2056
sup,A2056,A2057
sup,A2057,A2058
sup,A2058,A2059
sup,A2059,A2060
sup,A2060,A2061
sup,A2061,A2062
sup,A2062,A2063
sup,A2063,A2064
sup,A2064,A2065
sup,A2065,A2066
sup,A2066,A2067
sup,A2067,A2055
sup,A2081,A2082
sup,A2083,A2084
sup,A2085,A2086
sup,A2087,A2088
sup,A2090,A2091
sup,A2091,A2092
sup,A2092,A2093
sup,A2094,A2095
sup,A2096,A2097
sup,A2097,A2098
sup,A2098,A2099
sup,A2099,A2100
sup,A2100,A2101
sup,A2101,A2102
sup,A2104,A2105
sup,A2107,A2108
sup,A2109,A2110
sup,A2110,A2111
sup,A2112,A2113
sup,A2114,A2115
sup,A2116,A2117
sup,A2117,A2081
sup,A2192,A2193
sup,A2196,A2197
sup,A2198,A2199
sup,A2199,A2200
sup,A2202,A2203
sup,A2203,A2204
sup,A2207,A2208
sup,A2209,A2210
sup,A2210,A2211
sup,A2211,A2212
sup,A2214,A2215
sup,A2216,A2217
sup,A2219,A2220
sup,A2220,A2221
sup,A2221,A2222
sup,A2222,A2223
sup,A2223,A2224
sup,A2225,A2226
sup,A2226,A2227
sup,A2228,A2229
sup,A2230,A2231
sup,A2232,A2201
sup,A2312,A2313
sup,A2313,A2314
sup,A2314,A2315
sup,A2315,A2316
sup,A2316,A2317
sup,A2317,A2318
sup,A2318,A2319
sup,A2319,A2320
sup,A2320,A2321
sup,A2321,A2322
sup,A2322,A2323
sup,A2323,A2324
sup,A2324,A2325
sup,A2325,A2326
sup,A2326,A2327
sup,A2327,A2328
sup,A2328,A2312
sup,A2331,A2332
sup,A2332,A2333
sup,A2333,A2334
sup,A2335,A2336
sup,A2338,A2339
sup,A2339,A2340
sup,A2340,A2341
sup,A2342,A2343
sup,A2347,A2348
sup,A2349,A2350
sup,A2350,A2351
sup,A2351,A2352
sup,A2355,A2356
sup,A2356,A2357
sup,A2357,A2358
sup,A2358,A2359
sup,A2359,A2360
sup,A2360,A2361
sup,A2361,A2362
sup,A2362,A2363
sup,A2363,A2364
sup,A2364,A2365
sup,A2365,A2366
sup,A2366,A2367
sup,A2367,A2368
sup,A2369,A2370
sup,A2370,A2371
sup,A2373,A2374
sup,A2374,A2375
sup,A2375,A2376
sup,A2431,A2432
sup,A2432,A2433
sup,A2433,A2434
sup,A2434,A2435
sup,A2435,A2436
sup,A2436,A2437
sup,A2437,A2438
sup,A2438,A2439
sup,A2439,A2440
sup,A2440,A2441
sup,A2441,A2442
sup,A2442,A2443
sup,A2443,A2444
sup,A2444,A2445
sup,A2445,A2446
sup,A2446,A2447
sup,A2447,A2431
sup,A2463,A2464
sup,A2464,A2465
sup,A2465,A2466
sup,A2466,A2467
sup,A2467,A2468
sup,A2468,A2469
sup,A2469,A2470
sup,A2470,A2471
sup,A2471,A2472
sup,A2472,A2473
sup,A2473,A2474
sup,A2474,A2475
sup,A2475,A2476
sup,A2476,A2477
sup,A2477,A2478
sup,A2478,A2479
sup,A2479,A2480
sup,A2480,A2481
sup,A2481,A2482
sup,A2482,A2483
sup,A2483,A2484
sup,A2484,A2463
sup,A2600,A2601
sup,A2603,A2604
sup,A2604,A2605
sup,A2606,A2607
sup,A2607,A2608
sup,A2609,A2610
sup,A2611,A2612
sup,A2612,A2613
sup,A2615,A2616
sup,A2616,A2617
sup,A2617,A2618
sup,A2621,A2600
sup,A2622,A2623
sup,A2625,A2626
sup,A2626,A2627
sup,A2627,A2628
sup,A2628,A2625
sup,A2629,A2630
sup,A2630,A2631
sup,A2631,A2632
sup,A2632,A2633
sup,A2633,A2634
sup,A2634,A2635
sup,A2635,A2636
sup,A2636,A2637
sup,A2637,A2638
sup,A2638,A2639
sup,A2639,A2640
sup,A2640,A2641
sup,A2641,A2642
sup,A2642,A2643
sup,A2643,A2644
sup,A2644,A2645
sup,A2645,A2646
sup,A2646,A2647
sup,A2647,A2648
sup,A2648,A2649
sup,A2649,A2650
sup,A2650,A2651
sup,A2651,A2652
sup,A2652,A2653
sup,A2653,A2654
sup,A2654,A2655
sup,A2655,A2656
sup,A2656,A2657
sup,A2657,A2658
sup,A2658,A2659
sup,A2659,A2660
sup,A2660,A2661
sup,A2661,A2662
sup,A2662,A2663
sup,A2663,A2664
sup,A2664,A2665
sup,A2665,A2666
sup,A2666,A2667
sup,A2667,A2668
sup,A2668,A2669
sup,A2669,A2670
sup,A2670,A2671
sup,A2671,A2672
sup,A2672,A2673
sup,A2673,A2674
sup,A2674,A2675
sup,A2675,A2676
sup,A2676,A2677
sup,A2677,A2629
sup,A10,A11
sup,A58,A59
sup,A108,A109
sup,A227,A228
sup,A239,A240
sup,A261,A262
sup,A310,A311
sup,A347,A348
sup,A396,A397
sup,A414,A415
sup,A456,A457
sup,A493,A494
sup,A500,A501
sup,A528,A529
sup,A619,A620
sup,A660,A661
sup,A729,A730
sup,A811,A812
sup,A835,A836
sup,A883,A884
sup,A959,A960
sup,A977,A978
sup,A996,A997
sup,A1138,A1139
sup,A1176,A1177
sup,A1210,A1211
sup,A1256,A1257
sup,A1304,A1305
sup,A1366,A1367
sup,A1514,A1515
sup,A1592,A1593
sup,A1641,A1642
sup,A1711,A1712
sup,A1760,A1761
sup,A1782,A1783
sup,A1837,A1838
sup,A1870,A1871
sup,A1977,A1978
sup,A2008,A2009
sup,A2067,A2068
sup,A2080,A2081
sup,A2117,A2118
sup,A2200,A2201
sup,A2277,A2278
sup,A2376,A2377
sup,A2382,A2383
sup,A2430,A2431
sup,A2447,A2448
sup,A2462,A2463
sup,A2537,A2538
sup,A2583,A2584
sup,A2599,A2600
sup,A2624,A2625
sup,A2677,A2678
sup,A2699,A1350
sup,A0,A1559
sup,A0,A1756
sup,A0,A2571
sup,A0,A858
sup,A0,A2006
sup,A0,A1278
sup,A0,A583
sup,A0,A1195
sup,A0,A1806
sup,A0,A2013
sup,A0,A1938
sup,A0,A2419
sup,A0,A1116
sup,A0,A1437
sup,A0,A57
sup,A0,A2484
sup,A0,A814
sup,A0,A490
sup,A0,A211
sup,A0,A2392
sup,A0,A205
sup,A0,A2209
sup,A0,A478
sup,A3,A2426
sup,A3,A2174
sup,A3,A1112
sup,A3,A2691
sup,A3,A73
sup,A3,A84
sup,A3,A1708
sup,A4,A314
sup,A4,A583
sup,A4,A1330
sup,A4,A1533
sup,A4,A1777
sup,A4,A376
sup,A4,A1911
sup,A4,A2338
sup,A4,A2359
sup,A4,A667
sup,A4,A2545
sup,A5,A2322
sup,A5,A506
sup,A5,A822
sup,A5,A1797
sup,A5,A791
sup,A5,A1779
sup,A5,A954
sup,A5,A909
sup,A5,A1911
sup,A5,A67
sup,A5,A1547
sup,A5,A326
sup,A5,A513
sup,A5,A1254
sup,A5,A442
sup,A5,A2294
sup,A5,A1110
sup,A5,A2151
sup,A5,A1886
sup,A5,A1582
sup,A5,A1842
sup,A5,A444
sup,A5,A921
sup,A5,A720
sup,A5,A2415
sup,A5,A1481
sup,A5,A1534
sup,A5,A2659
sup,A5,A417
sup,A5,A1317
sup,A8,A69
sup,A8,A1090
sup,A11,A1078
sup,A11,A761
sup,A11,A589
sup,A11,A2398
sup,A11,A1890
sup,A11,A2599
sup,A11,A1058
sup,A11,A1
sup,A11,A1988
sup,A11,A774
sup,A13,A1777
sup,A13,A1389
sup,A13,A709
sup,A13,A110
sup,A13,A431
sup,A13,A2117
sup,A13,A223
sup,A13,A321
sup,A13,A372
sup,A13,A913
sup,A13,A1437
sup,A13,A906
sup,A13,A904
sup,A13,A1273
sup,A13,A2198
sup,A13,A1980
sup,A13,A474
sup,A13,A2253
sup,A13,A2377
sup,A14,A1040
sup,A14,A406
sup,A14,A2059
sup,A14,A1778
sup,A14,A1396
sup,A14,A1280
sup,A14,A811
sup,A14,A1887
sup,A14,A453
sup,A14,A2482
sup,A14,A2250
sup,A14,A1368
sup,A14,A971
sup,A14,A1600
sup,A14,A2467
sup,A15,A842
sup,A15,A2165
sup,A15,A510
sup,A15,A2011
sup,A15,A2316
sup,A15,A2615
sup,A15,A751
sup,A15,A977
sup,A15,A409
sup,A15,A1365
sup,A15,A180
sup,A15,A1960
sup,A15,A1157
sup,A15,A1897
sup,A15,A1106
sup,A15,A1520
sup,A15,A962
sup,A15,A1763
sup,A15,A2505
sup,A15,A186
sup,A15,A1125
sup,A15,A1333
sup,A15,A392
sup,A15,A483
sup,A15,A1399
sup,A15,A2002
sup,A15,A3
sup,A15,A1775
sup,A15,A1241
sup,A15,A547
sup,A16,A2025
sup,A16,A1887
sup,A16,A1521
sup,A16,A921
sup,A16,A1621
sup,A16,A58
sup,A16,A1744
sup,A16,A1959
sup,A16,A670
sup,A16,A414
sup,A16,A681
sup,A16,A1849
sup,A16,A1455
sup,A16,A2281
sup,A16,A2661
sup,A18,A1960
sup,A18,A305
sup,A18,A1188
sup,A18,A729
sup,A18,A1200
sup,A18,A26
sup,A18,A2296
sup,A18,A984
sup,A18,A2128
sup,A18,A235
sup,A18,A1057
sup,A18,A1042
sup,A18,A1520
sup,A18,A1302
sup,A18,A964
sup,A18,A1844
sup,A18,A1687
sup,A18,A145
sup,A18,A1103
sup,A18,A148
sup,A19,A1676
sup,A19,A235
sup,A19,A2564
sup,A19,A2093
sup,A19,A490
sup,A19,A514
sup,A19,A79
sup,A19,A1376
sup,A19,A1832
sup,A19,A1710
sup,A19,A144
sup,A19,A1322
sup,A19,A1800
sup,A19,A1578
sup,A19,A1141
sup,A19,A2474
sup,A19,A1648
sup,A19,A1359
sup,A19,A2691
sup,A19,A2115
sup,A19,A692
sup,A19,A2340
sup,A19,A1993
sup,A21,A2281
sup,A21,A2186
sup,A21,A913
sup,A21,A529
sup,A21,A939
sup,A21,A36
sup,A21,A572
sup,A21,A1130
sup,A21,A258
sup,A21,A1315
sup,A21,A2512
sup,A21,A2092
sup,A21,A1453
sup,A21,A2509
sup,A21,A1742
sup,A21,A1841
sup,A21,A126
sup,A21,A780
sup,A21,A1865
sup,A21,A2582
sup,A21,A762
sup,A21,A781
sup,A21,A2096
sup,A24,A137
sup,A24,A1667
sup,A24,A1921
sup,A24,A1111
sup,A24,A1844
sup,A24,A913
sup,A24,A347
sup,A24,A2469
sup,A24,A2563
sup,A24,A2358
sup,A28,A2539
sup,A28,A1755
sup,A28,A1551
sup,A28,A47
sup,A28,A2619
sup,A28,A1210
sup,A28,A1617
sup,A28,A2654
sup,A28,A1943
sup,A28,A1273
sup,A28,A434
sup,A28,A1630
sup,A28,A2315
sup,A28,A1242
sup,A28,A1758
sup,A28,A269
sup,A28,A1022
sup,A28,A783
sup,A28,A1193
sup,A28,A885
sup,A28,A1065
sup,A28,A533
sup,A28,A742
sup,A29,A1395
sup,A29,A1372
sup,A32,A431
sup,A32,A1972
sup,A32,A265
sup,A32,A20
sup,A32,A2661
sup,A32,A1124
sup,A34,A2190
sup,A34,A1538
sup,A36,A2642
sup,A36,A480
sup,A36,A779
sup,A36,A1084
sup,A36,A1703
sup,A36,A275
sup,A36,A1947
sup,A36,A365
sup,A39,A1623
sup,A39,A467
sup,A39,A2525
sup,A39,A1661
sup,A40,A2418
sup,A40,A2368
sup,A40,A424
sup,A40,A1309
sup,A40,A2029
sup,A40,A375
sup,A40,A1427
sup,A40,A181
sup,A40,A452
sup,A40,A13
sup,A40,A1106
sup,A40,A2367
sup,A40,A907
sup,A40,A1233
sup,A40,A2328
sup,A40,A1864
sup,A40,A2283
sup,A40,A1112
sup,A41,A2514
sup,A41,A265
sup,A41,A954
sup,A41,A1574
sup,A41,A2154
sup,A44,A2353
sup,A44,A1849
sup,A44,A1316
sup,A44,A465
sup,A44,A499
sup,A44,A523
sup,A44,A2650
sup,A44,A2200
sup,A44,A1377
sup,A44,A1948
sup,A44,A948
sup,A44,A1493
sup,A44,A1572
sup,A44,A573
sup,A45,A1886
sup,A45,A2379
sup,A45,A1981
sup,A45,A298
sup,A45,A1450
sup,A45,A2498
sup,A45,A552
sup,A45,A1140
sup,A45,A580
sup,A45,A1412
sup,A45,A1000
sup,A45,A1564
sup,A45,A610
sup,A45,A1030
sup,A45,A246
sup,A45,A372
sup,A45,A881
sup,A45,A946
sup,A45,A2220
sup,A45,A2053
sup,A46,A1549
sup,A46,A787
sup,A46,A2223
sup,A46,A2452
sup,A46,A1277
sup,A46,A2626
sup,A46,A1898
sup,A46,A768
sup,A46,A829
sup,A46,A1106
sup,A48,A1316
sup,A48,A755
sup,A48,A2418
sup,A48,A2087
sup,A48,A356
sup,A48,A1746
sup,A48,A1069
sup,A48,A1773
sup,A48,A2698
sup,A48,A179
sup,A48,A265
sup,A48,A140
sup,A48,A203
sup,A48,A1175
sup,A48,A46
sup,A48,A834
sup,A48,A2154
sup,A48,A334
sup,A48,A219
sup,A48,A897
sup,A49,A2492
sup,A49,A1336
sup,A49,A1509
sup,A50,A2624
sup,A50,A1404
sup,A50,A2123
sup,A50,A1172
sup,A50,A834
sup,A50,A1827
sup,A50,A422
sup,A50,A2195
sup,A50,A170
sup,A50,A1405
sup,A52,A2595
sup,A52,A2249
sup,A52,A310
sup,A53,A45
sup,A53,A2163
sup,A53,A2428
sup,A53,A1493
sup,A53,A351
sup,A55,A1866
sup,A55,A884
sup,A55,A481
sup,A55,A203
sup,A55,A2003
sup,A55,A993
sup,A55,A1719
sup,A55,A1409
sup,A55,A820
sup,A55,A955
sup,A55,A2302
sup,A55,A2597
sup,A59,A1555
sup,A59,A2532
sup,A59,A1126
sup,A59,A2253
sup,A59,A2134
sup,A59,A1007
sup,A59,A851
sup,A59,A733
sup,A59,A1370
sup,A59,A2619
sup,A59,A106
sup,A59,A2018
sup,A59,A1725
sup,A59,A347
sup,A59,A638
sup,A59,A1086
sup,A59,A2058
sup,A59,A2393
sup,A59,A1841
sup,A59,A1056
sup,A59,A2319
sup,A59,A1385
sup,A59,A968
sup,A61,A2029
sup,A61,A438
sup,A61,A2520
sup,A61,A2407
sup,A61,A1905
sup,A61,A434
sup,A61,A2508
sup,A61,A1271
sup,A61,A672
sup,A61,A1320
sup,A61,A837
sup,A61,A2095
sup,A61,A1660
sup,A61,A631
sup,A61,A1242
sup,A61,A2249
sup,A61,A1682
sup,A61,A1015
sup,A61,A2412
sup,A61,A1088
sup,A61,A1149
sup,A61,A2521
sup,A61,A1377
sup,A61,A2367
sup,A61,A2372
sup,A62,A2134
sup,A62,A1219
sup,A62,A938
sup,A62,A837
sup,A62,A74
sup,A62,A518
sup,A62,A457
sup,A62,A669
sup,A62,A2268
sup,A62,A2192
sup,A62,A121
sup,A62,A901
sup,A62,A385
sup,A62,A445
sup,A63,A2388
sup,A63,A2053
sup,A63,A1343
sup,A63,A1288
sup,A63,A2259
sup,A63,A826
sup,A63,A1356
sup,A63,A513
sup,A63,A206
sup,A63,A1916
sup,A63,A255
sup,A64,A1879
sup,A64,A2293
sup,A64,A2418
sup,A64,A402
sup,A64,A2055
sup,A64,A2657
sup,A64,A1149
sup,A64,A634
sup,A64,A786
sup,A64,A1195
sup,A64,A11
sup,A64,A1063
sup,A64,A31
sup,A64,A1053
sup,A64,A2510
sup,A64,A2348
sup,A64,A1520
sup,A66,A895
sup,A66,A2230
sup,A66,A1034
sup,A66,A904
sup,A66,A1261
sup,A66,A54
sup,A66,A707
sup,A66,A1976
sup,A66,A1219
sup,A66,A1734
sup,A66,A1947
sup,A66,A1236
sup,A66,A1430
sup,A66,A2271
sup,A66,A2506
sup,A66,A1592
sup,A66,A992
sup,A66,A1992
sup,A66,A980
sup,A68,A1997
sup,A68,A2116
sup,A68,A2219
sup,A68,A305
sup,A68,A313
sup,A68,A2196
sup,A68,A742
sup,A68,A1945
sup,A68,A2069
sup,A68,A1821
sup,A68,A1233
sup,A68,A1824
sup,A68,A418
sup,A70,A420
sup,A70,A2195
sup,A70,A1493
sup,A70,A1295
sup,A70,A2271
sup,A70,A2417
sup,A70,A1455
sup,A70,A2369
sup,A70,A460
sup,A70,A84
sup,A70,A821
sup,A70,A2112
sup,A70,A252
sup,A70,A585
sup,A70,A1177
sup,A70,A467
sup,A70,A940
sup,A70,A1529
sup,A70,A933
sup,A70,A620
sup,A70,A2697
sup,A70,A1037
sup,A70,A2027
sup,A70,A1594
sup,A70,A1039
sup,A70,A688
sup,A70,A2522
sup,A70,A1871
sup,A70,A1349
sup,A70,A228
sup,A70,A879
sup,A72,A2028
sup,A72,A185
sup,A72,A1929
sup,A72,A2426
sup,A72,A76
sup,A72,A2367
sup,A76,A1465
sup,A76,A469
sup,A76,A2519
sup,A76,A2536
sup,A76,A2333
sup,A76,A758
sup,A76,A832
sup,A76,A968
sup,A76,A421
sup,A76,A2503
sup,A76,A1950
sup,A76,A227
sup,A79,A1626
sup,A79,A2368
sup,A79,A485
sup,A79,A1972
sup,A79,A865
sup,A79,A1760
sup,A79,A1556
sup,A79,A1215
sup,A79,A1485
sup,A79,A38
sup,A79,A763
sup,A79,A259
sup,A79,A35
sup,A79,A687
sup,A79,A1001
sup,A79,A2543
sup,A79,A514
sup,A79,A1428
sup,A79,A604
sup,A79,A1191
sup,A79,A1585
sup,A79,A920
sup,A79,A2463
sup,A79,A2489
sup,A81,A953
sup,A81,A1579
sup,A81,A149
sup,A82,A275
sup,A82,A802
sup,A82,A865
sup,A82,A1822
sup,A82,A2085
sup,A82,A2677
sup,A82,A2244
sup,A82,A1877
sup,A82,A2319
sup,A82,A40
sup,A82,A2004
sup,A82,A2643
sup,A82,A1719
sup,A82,A1436
sup,A82,A2629
sup,A82,A35
sup,A82,A1963
sup,A82,A765
sup,A82,A444
sup,A82,A626
sup,A82,A1721
sup,A82,A2378
sup,A82,A365
sup,A82,A820
sup,A82,A389
sup,A83,A1173
sup,A83,A128
sup,A83,A2284
sup,A83,A608
sup,A83,A1346
sup,A83,A47
sup,A83,A1030
sup,A83,A1049
sup,A83,A1096
sup,A83,A1714
sup,A83,A2086
sup,A83,A817
sup,A83,A121
sup,A83,A2031
sup,A83,A1883
sup,A84,A2232
sup,A84,A953
sup,A84,A1361
sup,A84,A532
sup,A84,A1016
sup,A84,A936
sup,A84,A1366
sup,A84,A1981
sup,A84,A187
sup,A84,A679
sup,A84,A2685
sup,A84,A1480
sup,A84,A2231
sup,A84,A1438
sup,A84,A2046
sup,A84,A1204
sup,A84,A167
sup,A84,A603
sup,A84,A1578
sup,A85,A528
sup,A85,A1817
sup,A85,A885
sup,A85,A539
sup,A85,A370
sup,A85,A680
sup,A85,A2372
sup,A85,A1014
sup,A85,A261
sup,A85,A2102
sup,A85,A2369
sup,A85,A2694
sup,A85,A2208
sup,A85,A164
sup,A85,A1437
sup,A85,A1611
sup,A85,A2330
sup,A85,A2406
sup,A85,A2584
sup,A85,A1663
sup,A88,A694
sup,A88,A2523
sup,A88,A1668
sup,A88,A178
sup,A88,A1933
sup,A89,A1345
sup,A89,A2412
sup,A89,A1854
sup,A90,A1339
sup,A90,A1724
sup,A90,A2206
sup,A90,A1600
sup,A90,A2353
sup,A90,A636
sup,A90,A1010
sup,A90,A2232
sup,A90,A398
sup,A90,A53
sup,A90,A2022
sup,A90,A2141
sup,A90,A2059
sup,A90,A715
sup,A92,A430
sup,A92,A411
sup,A92,A716
sup,A92,A736
sup,A92,A2380
sup,A92,A154
sup,A92,A1565
sup,A92,A551
sup,A92,A1316
sup,A92,A965
sup,A92,A1280
sup,A92,A882
sup,A92,A1964
sup,A92,A2063
sup,A92,A1863
sup,A92,A806
sup,A92,A1294
sup,A92,A2156
sup,A92,A1149
sup,A92,A740
sup,A92,A333
sup,A94,A225
sup,A94,A628
sup,A94,A517
sup,A94,A1220
sup,A94,A2445
sup,A94,A1318
sup,A94,A2462
sup,A94,A497
sup,A94,A2404
sup,A94,A1750
sup,A94,A2006
sup,A94,A751
sup,A94,A853
sup,A96,A2203
sup,A96,A1569
sup,A96,A894
sup,A96,A2306
sup,A96,A1673
sup,A96,A1838
sup,A96,A1832
sup,A96,A697
sup,A96,A1904
sup,A96,A2082
sup,A96,A955
sup,A96,A148
sup,A96,A1446
sup,A96,A1230
sup,A96,A357
sup,A97,A1732
sup,A97,A3
sup,A97,A2665
sup,A97,A903
sup,A97,A2603
sup,A97,A1002
sup,A97,A1616
sup,A97,A1693
sup,A97,A2562
sup,A97,A1494
sup,A97,A831
sup,A97,A561
sup,A97,A582
sup,A97,A955
sup,A97,A1436
sup,A97,A1922
sup,A97,A1086
sup,A98,A697
sup,A98,A2252
sup,A98,A506
sup,A98,A1872
sup,A98,A1930
sup,A98,A818
sup,A98,A1732
sup,A98,A1103
sup,A98,A817
sup,A98,A2128
sup,A98,A251
sup,A98,A2306
sup,A98,A651
sup,A98,A743
sup,A98,A784
sup,A98,A1379
sup,A98,A1565
sup,A100,A976
sup,A100,A125
sup,A100,A471
sup,A100,A456
sup,A100,A1507
sup,A100,A2413
sup,A100,A1680
sup,A100,A1616
sup,A100,A986
sup,A100,A2192
sup,A100,A1505
sup,A100,A1976
sup,A100,A1730
sup,A100,A1045
sup,A100,A156
sup,A100,A483
sup,A100,A130
sup,A100,A75
sup,A100,A1575
sup,A100,A1571
sup,A101,A1523
sup,A101,A48
sup,A101,A2014
sup,A101,A1069
sup,A102,A1691
sup,A102,A1492
sup,A102,A1620
sup,A102,A806
sup,A102,A2516
sup,A102,A46
sup,A102,A1049
sup,A102,A881
sup,A102,A2022
sup,A102,A1138
sup,A102,A1163
sup,A102,A13
sup,A102,A487
sup,A102,A396
sup,A102,A735
sup,A102,A448
sup,A102,A2178
sup,A102,A239
sup,A103,A369
sup,A103,A984
sup,A103,A18
sup,A103,A606
sup,A103,A1884
sup,A103,A317
sup,A103,A2516
sup,A103,A62
sup,A104,A2658
sup,A104,A2408
sup,A104,A1313
sup,A104,A1912
sup,A104,A129
sup,A104,A540
sup,A104,A1052
sup,A104,A1749
sup,A104,A2517
sup,A104,A1850
sup,A104,A1823
sup,A104,A1856
sup,A105,A412
sup,A105,A1485
sup,A105,A282
sup,A105,A748
sup,A105,A1368
sup,A106,A876
sup,A106,A76
sup,A106,A2407
sup,A106,A1723
sup,A106,A1308
sup,A106,A409
sup,A106,A996
sup,A106,A1482
sup,A106,A2218
sup,A106,A2559
sup,A106,A1743
sup,A106,A1736
sup,A109,A1422
sup,A109,A2434
sup,A109,A2370
sup,A109,A1174
sup,A109,A833
sup,A109,A1884
sup,A109,A1809
sup,A109,A472
sup,A109,A132
sup,A109,A445
sup,A109,A899
sup,A109,A924
sup,A109,A536
sup,A109,A529
sup,A111,A2249
sup,A111,A75
sup,A111,A2372
sup,A111,A1970
sup,A111,A82
sup,A111,A2556
sup,A111,A324
sup,A111,A1512
sup,A112,A1544
sup,A112,A1473
sup,A112,A242
sup,A112,A1744
sup,A112,A1302
sup,A112,A853
sup,A112,A2669
sup,A113,A983
sup,A113,A800
sup,A113,A2656
sup,A113,A1187
sup,A113,A1124
sup,A113,A2064
sup,A113,A1127
sup,A113,A738
sup,A113,A1763
sup,A113,A1470
sup,A113,A598
sup,A113,A1735
sup,A113,A779
sup,A113,A720
sup,A113,A874
sup,A113,A941
sup,A113,A434
sup,A113,A317
sup,A113,A1972
sup,A113,A564
sup,A113,A1457
sup,A115,A2149
sup,A115,A2257
sup,A115,A1181
sup,A115,A1795
sup,A115,A2019
sup,A115,A2645
sup,A115,A1394
sup,A115,A1312
sup,A115,A231
sup,A115,A2084
sup,A115,A651
sup,A115,A142
sup,A115,A1303
sup,A115,A1149
sup,A115,A2654
sup,A115,A1162
sup,A115,A1053
sup,A115,A633
sup,A115,A984
sup,A118,A962
sup,A118,A1189
sup,A118,A187
sup,A118,A1186
sup,A118,A1141
sup,A118,A1658
sup,A118,A994
sup,A118,A1390
sup,A118,A1770
sup,A118,A2661
sup,A118,A2140
sup,A118,A1309
sup,A118,A1060
sup,A118,A1379
sup,A118,A2134
sup,A121,A1906
sup,A121,A595
sup,A121,A2212
sup,A121,A392
sup,A121,A779
sup,A121,A1059
sup,A121,A462
sup,A121,A163
sup,A121,A1745
sup,A121,A1863
sup,A121,A319
sup,A121,A1734
sup,A121,A2462
sup,A121,A8
sup,A121,A2312
sup,A121,A908
sup,A121,A1259
sup,A121,A363
sup,A121,A283
sup,A121,A851
sup,A121,A299
sup,A121,A631
sup,A121,A1044
sup,A121,A1476
sup,A121,A2207
sup,A121,A718
sup,A122,A1766
sup,A122,A308
sup,A122,A658
sup,A122,A2083
sup,A122,A2589
sup,A122,A2404
sup,A122,A2450
sup,A122,A1040
sup,A122,A1855
sup,A122,A76
sup,A122,A667
sup,A122,A202
sup,A122,A442
sup,A125,A67
sup,A125,A252
sup,A125,A1356
sup,A125,A2400
sup,A125,A2403
sup,A125,A2344
sup,A125,A2529
sup,A126,A2481
sup,A126,A2174
sup,A126,A420
sup,A126,A2398
sup,A126,A462
sup,A126,A1541
sup,A126,A1928
sup,A126,A125
sup,A126,A1822
sup,A126,A1818
sup,A129,A560
sup,A130,A1276
sup,A130,A1867
sup,A130,A2364
sup,A130,A1361
sup,A130,A294
sup,A130,A1440
sup,A130,A277
sup,A130,A2011
sup,A131,A20
sup,A131,A2193
sup,A131,A466
sup,A131,A573
sup,A131,A1756
sup,A133,A1636
sup,A133,A513
sup,A133,A1736
sup,A133,A475
sup,A133,A35
sup,A133,A2087
sup,A133,A195
sup,A133,A1073
sup,A133,A2568
sup,A133,A1445
sup,A133,A277
sup,A133,A1996
sup,A133,A597
sup,A133,A2418
sup,A134,A1897
sup,A134,A2344
sup,A134,A668
sup,A134,A179
sup,A134,A265
sup,A135,A2369
sup,A135,A1977
sup,A135,A2170
sup,A135,A1948
sup,A135,A211
sup,A135,A525
sup,A136,A2041
sup,A136,A236
sup,A136,A117
sup,A136,A1706
sup,A136,A2634
sup,A136,A1482
sup,A136,A1805
sup,A136,A2112
sup,A136,A38
sup,A136,A1672
sup,A136,A1885
sup,A136,A1704
sup,A136,A2364
sup,A136,A1570
sup,A136,A662
sup,A136,A522
sup,A137,A1425
sup,A137,A1724
sup,A137,A1429
sup,A137,A2285
sup,A137,A1446
sup,A137,A890
sup,A137,A1453
sup,A137,A2404
sup,A137,A420
sup,A137,A2275
sup,A137,A764
sup,A137,A128
sup,A137,A2604
sup,A137,A292
sup,A137,A2672
sup,A137,A1036
sup,A137,A1617
sup,A137,A1592
sup,A137,A1244
sup,A138,A213
sup,A138,A1622
sup,A139,A1977
sup,A139,A1706
sup,A139,A2317
sup,A139,A1626
sup,A139,A53
sup,A139,A1836
sup,A139,A2097
sup,A139,A174
sup,A139,A1282
sup,A139,A798
sup,A139,A2120
sup,A139,A726
sup,A139,A1858
sup,A139,A1470
sup,A139,A778
sup,A139,A1649
sup,A139,A138
sup,A139,A1371
sup,A139,A2257
sup,A139,A1472
sup,A139,A1225
sup,A139,A1999
sup,A139,A398
sup,A139,A1789
sup,A139,A1796
sup,A139,A2391
sup,A139,A2633
sup,A139,A1927
sup,A139,A264
sup,A140,A815
sup,A140,A2305
sup,A140,A96
sup,A140,A7
sup,A140,A1547
sup,A140,A1862
sup,A140,A1501
sup,A140,A720
sup,A140,A802
sup,A140,A2056
sup,A140,A436
sup,A140,A317
sup,A141,A1960
sup,A141,A1932
sup,A142,A563
sup,A142,A2050
sup,A142,A1828
sup,A142,A521
sup,A142,A529
sup,A142,A43
sup,A142,A1914
sup,A142,A2518
sup,A142,A716
sup,A142,A818
sup,A142,A1887
sup,A142,A2359
sup,A142,A2509
sup,A143,A1415
sup,A143,A1292
sup,A143,A2386
sup,A143,A873
sup,A143,A1834
sup,A143,A1839
sup,A143,A2320
sup,A143,A627
sup,A143,A2691
sup,A143,A1272
sup,A143,A2167
sup,A143,A1826
sup,A143,A915
sup,A143,A895
sup,A143,A1670
sup,A143,A2352
sup,A143,A1751
sup,A143,A1017
sup,A143,A2311
sup,A143,A645
sup,A145,A2641
sup,A148,A431
sup,A148,A972
sup,A148,A244
sup,A148,A1478
sup,A148,A206
sup,A148,A567
sup,A148,A2080
sup,A148,A2139
sup,A148,A308
sup,A148,A1167
sup,A148,A403
sup,A148,A1335
sup,A148,A2683
sup,A148,A1902
sup,A148,A1318
sup,A148,A945
sup,A148,A1193
sup,A148,A407
sup,A148,A1869
sup,A148,A1428
sup,A148,A2069
sup,A148,A1733
sup,A148,A1486
sup,A148,A1992
sup,A148,A1232
sup,A148,A907
sup,A149,A347
sup,A149,A2643
sup,A149,A2585
sup,A149,A2120
sup,A149,A375
sup,A149,A1348
sup,A149,A989
sup,A150,A2548
sup,A150,A385
sup,A150,A1076
sup,A150,A1693
sup,A150,A668
sup,A150,A509
sup,A150,A1975
sup,A150,A374
sup,A150,A859
sup,A150,A1442
sup,A150,A2141
sup,A150,A1288
sup,A150,A2313
sup,A150,A1523
sup,A150,A1597
sup,A150,A951
sup,A150,A1440
sup,A150,A2587
sup,A150,A744
sup,A150,A1111
sup,A150,A360
sup,A153,A1175
sup,A153,A1691
sup,A153,A734
sup,A153,A523
sup,A153,A2092
sup,A153,A443
sup,A153,A311
sup,A153,A1395
sup,A153,A1722
sup,A153,A553
sup,A153,A2560
sup,A153,A2400
sup,A153,A1164
sup,A153,A2241
sup,A153,A400
sup,A153,A268
sup,A155,A187
sup,A155,A1274
sup,A155,A1500
sup,A155,A1998
sup,A155,A2693
sup,A155,A2086
sup,A155,A701
sup,A155,A2157
sup,A159,A1128
sup,A159,A665
sup,A159,A506
sup,A159,A1171
sup,A159,A744
sup,A159,A1601
sup,A159,A521
sup,A159,A720
sup,A159,A2232
sup,A159,A4
sup,A159,A1686
sup,A159,A1013
sup,A159,A179
sup,A159,A1195
sup,A159,A1007
sup,A160,A2525
sup,A160,A2361
sup,A160,A2298
sup,A160,A498
sup,A160,A751
sup,A160,A367
sup,A160,A1845
sup,A160,A1
sup,A160,A2376
sup,A160,A316
sup,A160,A1497
sup,A160,A499
sup,A160,A2606
sup,A161,A1739
sup,A161,A1776
sup,A161,A1791
sup,A161,A11
sup,A161,A2378
sup,A161,A1854
sup,A161,A214
sup,A161,A1610
sup,A161,A1038
sup,A161,A2018
sup,A161,A750
sup,A161,A484
sup,A161,A1376
sup,A161,A2154
sup,A161,A1683
sup,A161,A2123
sup,A161,A1452
sup,A161,A2168
sup,A164,A1227
sup,A164,A621
sup,A164,A312
sup,A164,A2410
sup,A164,A678
sup,A164,A36
sup,A164,A1361
sup,A164,A560
sup,A164,A819
sup,A164,A1062
sup,A164,A1536
sup,A164,A2672
sup,A164,A2111
sup,A164,A1483
sup,A164,A122
sup,A164,A684
sup,A164,A1598
sup,A164,A1878
sup,A164,A1050
sup,A164,A2421
sup,A164,A2594
sup,A164,A1577
sup,A164,A2408
sup,A165,A2129
sup,A165,A916
sup,A165,A1103
sup,A165,A988
sup,A165,A2658
sup,A165,A754
sup,A165,A2402
sup,A165,A491
sup,A165,A374
sup,A165,A1960
sup,A165,A2633
sup,A165,A1603
sup,A165,A1782
sup,A165,A2322
sup,A165,A1741
sup,A165,A1318
sup,A165,A1972
sup,A165,A915
sup,A165,A2472
sup,A166,A2480
sup,A166,A357
sup,A166,A1413
sup,A166,A330
sup,A166,A300
sup,A166,A2453
sup,A166,A785
sup,A166,A855
sup,A166,A276
sup,A166,A62
sup,A166,A890
sup,A166,A1448
sup,A166,A1714
sup,A166,A1647
sup,A166,A1214
sup,A166,A1539
sup,A166,A49
sup,A166,A662
sup,A166,A2532
sup,A166,A1560
sup,A167,A480
sup,A167,A2211
sup,A167,A400
sup,A167,A1747
sup,A167,A1313
sup,A167,A546
sup,A170,A2283
sup,A170,A1967
sup,A170,A631
sup,A170,A2109
sup,A170,A2601
sup,A170,A1086
sup,A170,A2314
sup,A170,A1982
sup,A170,A2547
sup,A170,A1027
sup,A170,A1447
sup,A170,A1474
sup,A170,A745
sup,A170,A534
sup,A170,A180
sup,A170,A731
sup,A170,A735
sup,A170,A1495
sup,A170,A2201
sup,A171,A56
sup,A171,A1178
sup,A171,A2200
sup,A171,A1533
sup,A171,A734
sup,A171,A280
sup,A171,A820
sup,A171,A2414
sup,A171,A1960
sup,A171,A1021
sup,A171,A1659
sup,A171,A779
sup,A171,A1445
sup,A171,A2279
sup,A171,A409
sup,A171,A1545
sup,A171,A108
sup,A171,A2092
sup,A171,A970
sup,A171,A542
sup,A171,A760
sup,A171,A1886
sup,A172,A1824
sup,A172,A1002
sup,A172,A2334
sup,A172,A823
sup,A172,A91
sup,A172,A2492
sup,A172,A1209
sup,A172,A988
sup,A172,A128
sup,A172,A884
sup,A172,A1656
sup,A172,A489
sup,A172,A521
sup,A172,A2266
sup,A172,A500
sup,A173,A274
sup,A173,A2169
sup,A173,A1873
sup,A173,A474
sup,A174,A2177
sup,A174,A1681
sup,A174,A2486
sup,A174,A1875
sup,A174,A2631
sup,A174,A2287
sup,A174,A1722
sup,A174,A807
sup,A174,A1748
sup,A174,A587
sup,A174,A1031
sup,A174,A826
sup,A174,A70
sup,A174,A228
sup,A174,A358
sup,A174,A610
sup,A174,A2501
sup,A174,A2172
sup,A174,A296
sup,A174,A217
sup,A174,A724
sup,A177,A2255
sup,A177,A257
sup,A177,A1447
sup,A177,A245
sup,A177,A305
sup,A177,A382
sup,A177,A1528
sup,A177,A2518
sup,A177,A256
sup,A177,A2595
sup,A177,A1870
sup,A177,A1461
sup,A177,A2530
sup,A178,A1747
sup,A178,A2695
sup,A178,A351
sup,A178,A70
sup,A178,A1558
sup,A178,A1201
sup,A178,A1520
sup,A178,A2040
sup,A178,A796
sup,A178,A2190
sup,A178,A608
sup,A178,A2079
sup,A178,A2110
sup,A178,A1164
sup,A178,A1821
sup,A178,A2472
sup,A178,A931
sup,A178,A1707
sup,A178,A2362
sup,A178,A319
sup,A178,A890
sup,A180,A1016
sup,A180,A477
sup,A180,A1692
sup,A180,A1458
sup,A180,A864
sup,A180,A2273
sup,A180,A2386
sup,A180,A916
sup,A180,A997
sup,A180,A706
sup,A180,A634
sup,A180,A1941
sup,A180,A1313
sup,A181,A1562
sup,A181,A14
sup,A181,A773
sup,A181,A2598
sup,A181,A2269
sup,A181,A2089
sup,A181,A1136
sup,A181,A432
sup,A181,A1927
sup,A181,A836
sup,A181,A1560
sup,A181,A13
sup,A181,A1756
sup,A181,A1598
sup,A181,A2526
sup,A181,A1345
sup,A181,A1137
sup,A181,A426
sup,A181,A709
sup,A182,A94
sup,A182,A1827
sup,A182,A2032
sup,A183,A2553
sup,A183,A237
sup,A183,A2691
sup,A183,A1274
sup,A183,A2046
sup,A183,A1635
sup,A183,A1146
sup,A183,A2201
sup,A183,A413
sup,A183,A1539
sup,A183,A734
sup,A183,A1090
sup,A183,A1990
sup,A183,A2324
sup,A183,A2268
sup,A183,A2454
sup,A183,A1291
sup,A184,A893
sup,A184,A2330
sup,A184,A312
sup,A184,A1646
sup,A184,A2473
sup,A184,A2417
sup,A184,A1896
sup,A184,A2304
sup,A184,A1318
sup,A184,A1341
sup,A184,A262
sup,A184,A810
sup,A184,A331
sup,A186,A2600
sup,A186,A2314
sup,A186,A1890
sup,A186,A2420
sup,A186,A1270
sup,A186,A869
sup,A186,A379
sup,A186,A298
sup,A187,A1659
sup,A189,A1261
sup,A189,A2471
sup,A189,A931
sup,A189,A1185
sup,A189,A1674
sup,A189,A834
sup,A189,A644
sup,A189,A2320
sup,A189,A451
sup,A189,A1489
sup,A189,A442
sup,A189,A2229
sup,A189,A100
sup,A189,A1189
sup,A189,A1388
sup,A189,A2524
sup,A189,A700
sup,A189,A1967
sup,A189,A2100
sup,A189,A1163
sup,A189,A1819
sup,A193,A1042
sup,A193,A223
sup,A196,A570
sup,A196,A1724
sup,A196,A851
sup,A196,A1629
sup,A196,A516
sup,A196,A2047
sup,A196,A945
sup,A196,A1783
sup,A196,A2424
sup,A196,A288
sup,A196,A864
sup,A196,A1805
sup,A196,A1607
sup,A200,A940
sup,A200,A1505
sup,A200,A2583
sup,A200,A2123
sup,A200,A565
sup,A200,A1572
sup,A200,A893
sup,A202,A1596
sup,A202,A1985
sup,A202,A664
sup,A202,A2335
sup,A202,A806
sup,A205,A1784
sup,A205,A1586
sup,A205,A504
sup,A205,A2607
sup,A205,A248
sup,A205,A1680
sup,A205,A514
sup,A205,A1777
sup,A205,A467
sup,A205,A1843
sup,A205,A1136
sup,A205,A87
sup,A205,A2568
sup,A205,A2194
sup,A205,A1084
sup,A205,A340
sup,A205,A1350
sup,A205,A122
sup,A206,A2236
sup,A206,A305
sup,A206,A2654
sup,A206,A712
sup,A206,A1051
sup,A206,A912
sup,A206,A1356
sup,A206,A1221
sup,A206,A294
sup,A206,A2215
sup,A206,A115
sup,A206,A2450
sup,A206,A2612
sup,A206,A2008
sup,A206,A2662
sup,A206,A158
sup,A206,A1229
sup,A207,A1653
sup,A207,A683
sup,A207,A1852
sup,A208,A928
sup,A208,A349
sup,A208,A2641
sup,A208,A283
sup,A208,A2176
sup,A208,A2604
sup,A208,A2594
sup,A208,A1263
sup,A208,A437
sup,A211,A1525
sup,A211,A887
sup,A211,A767
sup,A211,A970
sup,A211,A1236
sup,A211,A2510
sup,A211,A2693
sup,A211,A1503
sup,A211,A729
sup,A211,A1541
sup,A211,A2231
sup,A211,A1171
sup,A211,A1714
sup,A211,A1026
sup,A211,A25
sup,A211,A164
sup,A214,A2547
sup,A214,A373
sup,A214,A1096
sup,A214,A1612
sup,A214,A1536
sup,A214,A548
sup,A214,A1003
sup,A214,A1340
sup,A214,A2514
sup,A214,A2400
sup,A214,A1376
sup,A215,A1945
sup,A215,A716
sup,A215,A1668
sup,A215,A1790
sup,A215,A25
sup,A215,A471
sup,A215,A1017
sup,A215,A1783
sup,A215,A47
sup,A215,A2150
sup,A215,A2246
sup,A215,A1739
sup,A216,A548
sup,A216,A502
sup,A216,A488
sup,A216,A1510
sup,A216,A132
sup,A216,A1512
sup,A216,A2362
sup,A216,A2594
sup,A216,A1544
sup,A216,A374
sup,A216,A356
sup,A217,A698
sup,A217,A1448
sup,A217,A665
sup,A217,A311
sup,A217,A2073
sup,A217,A1692
sup,A217,A990
sup,A217,A1575
sup,A217,A1240
sup,A217,A2633
sup,A217,A1544
sup,A217,A1132
sup,A217,A2218
sup,A220,A262
sup,A220,A878
sup,A220,A398
sup,A220,A462
sup,A220,A2016
sup,A220,A31
sup,A220,A1194
sup,A220,A2481
sup,A220,A1622
sup,A220,A535
sup,A220,A78
sup,A220,A406
sup,A220,A565
sup,A220,A2111
sup,A220,A1579
sup,A220,A1225
sup,A220,A1489
sup,A224,A1809
sup,A224,A869
sup,A224,A2275
sup,A224,A2439
sup,A224,A2186
sup,A224,A324
sup,A225,A2174
sup,A225,A1827
sup,A225,A663
sup,A225,A883
sup,A225,A1524
sup,A225,A1644
sup,A225,A1288
sup,A225,A154
sup,A225,A1074
sup,A225,A1150
sup,A225,A1511
sup,A225,A482
sup,A225,A2427
sup,A225,A2456
sup,A225,A524
sup,A225,A627
sup,A225,A2487
sup,A225,A1191
sup,A225,A1483
sup,A225,A473
sup,A225,A659
sup,A225,A1562
sup,A227,A990
sup,A227,A377
sup,A227,A2453
sup,A227,A1524
sup,A227,A1273
sup,A227,A1113
sup,A227,A132
sup,A227,A1243
sup,A227,A1163
sup,A227,A386
sup,A227,A593
sup,A227,A479
sup,A227,A980
sup,A227,A1024
sup,A227,A2251
sup,A227,A2598
sup,A227,A2559
sup,A227,A582
sup,A228,A1975
sup,A228,A253
sup,A228,A1921
sup,A228,A1808
sup,A228,A729
sup,A228,A40
sup,A228,A1008
sup,A228,A1420
sup,A232,A2681
sup,A232,A143
sup,A232,A428
sup,A235,A1130
sup,A235,A1481
sup,A235,A126
sup,A235,A1471
sup,A235,A375
sup,A235,A569
sup,A235,A1706
sup,A235,A2344
sup,A235,A1458
sup,A235,A1861
sup,A235,A95
sup,A235,A2536
sup,A235,A284
sup,A235,A2048
sup,A235,A1753
sup,A235,A2050
sup,A235,A472
sup,A235,A382
sup,A235,A1881
sup,A235,A1676
sup,A235,A1277
sup,A236,A2016
sup,A236,A1030
sup,A236,A1134
sup,A236,A1790
sup,A236,A995
sup,A236,A1524
sup,A236,A1560
sup,A236,A2240
sup,A236,A556
sup,A236,A486
sup,A237,A754
sup,A237,A412
sup,A237,A892
sup,A237,A1845
sup,A237,A929
sup,A237,A2319
sup,A237,A933
sup,A237,A6
sup,A237,A830
sup,A237,A2438
sup,A237,A1524
sup,A237,A715
sup,A237,A811
sup,A237,A2107
sup,A237,A1988
sup,A237,A934
sup,A237,A1578
sup,A239,A1459
sup,A239,A266
sup,A239,A1900
sup,A239,A716
sup,A239,A1063
sup,A239,A2058
sup,A239,A908
sup,A239,A2427
sup,A239,A1912
sup,A239,A301
sup,A240,A365
sup,A242,A1452
sup,A242,A356
sup,A242,A2432
sup,A242,A683
sup,A242,A1678
sup,A242,A1969
sup,A242,A2373
sup,A242,A1013
sup,A242,A2056
sup,A242,A453
sup,A243,A1223
sup,A243,A1748
sup,A243,A596
sup,A244,A2028
sup,A244,A1205
sup,A244,A1676
sup,A244,A1879
sup,A244,A1033
sup,A244,A1618
sup,A244,A152
sup,A244,A878
sup,A245,A673
sup,A245,A2001
sup,A245,A1520
sup,A246,A1855
sup,A246,A61
sup,A246,A1993
sup,A249,A935
sup,A249,A1730
sup,A249,A183
sup,A249,A2295
sup,A249,A635
sup,A249,A1535
sup,A249,A1647
sup,A250,A1050
sup,A250,A1154
sup,A250,A815
sup,A250,A2427
sup,A250,A1307
sup,A250,A1465
sup,A250,A185
sup,A250,A1068
sup,A250,A2271
sup,A250,A701
sup,A250,A1638
sup,A250,A2121
sup,A250,A1717
sup,A250,A1228
sup,A250,A160
sup,A250,A1722
sup,A250,A1843
sup,A250,A94
sup,A250,A2442
sup,A251,A245
sup,A251,A2083
sup,A251,A1645
sup,A251,A680
sup,A251,A386
sup,A251,A1568
sup,A258,A182
sup,A258,A1002
sup,A258,A2229
sup,A258,A2194
sup,A258,A1677
sup,A258,A2076
sup,A262,A937
sup,A262,A2312
sup,A262,A1289
sup,A262,A2169
sup,A262,A542
sup,A262,A31
sup,A262,A1453
sup,A262,A273
sup,A262,A2663
sup,A262,A2251
sup,A262,A2129
sup,A262,A2146
sup,A262,A2363
sup,A262,A1789
sup,A262,A216
sup,A262,A2690
sup,A262,A643
sup,A262,A1724
sup,A262,A2384
sup,A262,A287
sup,A262,A90
sup,A263,A30
sup,A263,A548
sup,A263,A1059
sup,A263,A613
sup,A263,A1776
sup,A263,A2255
sup,A263,A1140
sup,A263,A2525
sup,A263,A2507
sup,A263,A1722
sup,A263,A1089
sup,A263,A959
sup,A263,A2343
sup,A263,A1603
sup,A263,A2487
sup,A263,A1546
sup,A263,A2121
sup,A263,A1161
sup,A263,A912
sup,A263,A2681
sup,A263,A1975
sup,A264,A1015
sup,A264,A1336
sup,A264,A2537
sup,A264,A2062
sup,A264,A806
sup,A264,A2219
sup,A264,A655
sup,A264,A2309
sup,A264,A2484
sup,A264,A2143
sup,A264,A1479
sup,A265,A773
sup,A265,A1158
sup,A265,A1883
sup,A265,A617
sup,A265,A2126
sup,A265,A2685
sup,A265,A1232
sup,A265,A1447
sup,A265,A1630
sup,A265,A1819
sup,A266,A1085
sup,A266,A966
sup,A266,A2176
sup,A266,A940
sup,A266,A648
sup,A266,A615
sup,A266,A702
sup,A269,A471
sup,A269,A2322
sup,A269,A712
sup,A269,A2296
sup,A269,A404
sup,A269,A1866
sup,A269,A1575
sup,A273,A990
sup,A273,A2568
sup,A273,A2197
sup,A273,A2561
sup,A273,A1886
sup,A275,A312
sup,A275,A899
sup,A275,A1328
sup,A276,A2592
sup,A276,A2125
sup,A276,A2275
sup,A276,A288
sup,A276,A2044
sup,A276,A893
sup,A276,A1780
sup,A276,A2558
sup,A276,A2105
sup,A276,A1626
sup,A276,A508
sup,A276,A1080
sup,A276,A714
sup,A277,A1655
sup,A277,A1726
sup,A278,A1253
sup,A281,A518
sup,A281,A2238
sup,A281,A1053
sup,A281,A476
sup,A281,A1466
sup,A281,A835
sup,A281,A2363
sup,A281,A2534
sup,A281,A591
sup,A281,A113
sup,A281,A1909
sup,A281,A2345
sup,A281,A53
sup,A281,A1778
sup,A281,A1520
sup,A281,A2541
sup,A281,A1692
sup,A281,A2179
sup,A283,A107
sup,A283,A2372
sup,A283,A2022
sup,A283,A1445
sup,A283,A193
sup,A283,A1664
sup,A283,A1650
sup,A283,A1758
sup,A283,A316
sup,A283,A1012
sup,A283,A655
sup,A283,A1912
sup,A283,A134
sup,A283,A1048
sup,A283,A1711
sup,A284,A561
sup,A284,A361
sup,A284,A1137
sup,A284,A1715
sup,A284,A2014
sup,A284,A806
sup,A284,A1487
sup,A284,A11
sup,A284,A2541
sup,A284,A1666
sup,A284,A2295
sup,A284,A1916
sup,A284,A1175
sup,A284,A255
sup,A284,A288
sup,A284,A1905
sup,A284,A336
sup,A284,A1401
sup,A284,A500
sup,A284,A159
sup,A284,A1435
sup,A284,A2395
sup,A284,A1380
sup,A284,A1926
sup,A284,A2392
sup,A284,A2016
sup,A285,A2598
sup,A285,A1643
sup,A285,A2581
sup,A285,A2503
sup,A285,A829
sup,A289,A2294
sup,A289,A2270
sup,A289,A2518
sup,A289,A1193
sup,A289,A1780
sup,A289,A1277
sup,A289,A673
sup,A289,A1747
sup,A289,A652
sup,A289,A1680
sup,A289,A2264
sup,A289,A27
sup,A289,A115
sup,A289,A2523
sup,A290,A2290
sup,A290,A1689
sup,A290,A1507
sup,A290,A2086
sup,A290,A493
sup,A290,A577
sup,A290,A2289
sup,A290,A2040
sup,A290,A2514
sup,A290,A1547
sup,A290,A1579
sup,A291,A1515
sup,A291,A1054
sup,A291,A1470
sup,A291,A124
sup,A291,A280
sup,A291,A1823
sup,A291,A2153
sup,A292,A2533
sup,A292,A1622
sup,A292,A1396
sup,A292,A137
sup,A292,A20
sup,A292,A790
sup,A295,A1669
sup,A295,A727
sup,A295,A387
sup,A295,A348
sup,A295,A1332
sup,A295,A737
sup,A295,A1287
sup,A295,A1770
sup,A295,A970
sup,A295,A850
sup,A295,A187
sup,A295,A2527
sup,A297,A175
sup,A297,A967
sup,A297,A1922
sup,A297,A48
sup,A298,A2039
sup,A298,A1259
sup,A298,A2678
sup,A298,A515
sup,A299,A1889
sup,A299,A348
sup,A299,A315
sup,A299,A1624
sup,A299,A460
sup,A299,A86
sup,A299,A238
sup,A299,A740
sup,A299,A2085
sup,A301,A1921
sup,A301,A1453
sup,A301,A2323
sup,A301,A991
sup,A301,A1362
sup,A301,A1175
sup,A301,A328
sup,A301,A2363
sup,A301,A1332
sup,A301,A1000
sup,A301,A1025
sup,A301,A316
sup,A301,A1468
sup,A301,A1828
sup,A301,A2021
sup,A301,A1178
sup,A301,A1050
sup,A305,A973
sup,A305,A1243
sup,A305,A197
sup,A305,A2343
sup,A305,A1737
sup,A305,A2472
sup,A305,A2375
sup,A305,A615
sup,A305,A821
sup,A305,A1801
sup,A305,A451
sup,A305,A1342
sup,A305,A1298
sup,A305,A1659
sup,A305,A2259
sup,A305,A2435
sup,A305,A351
sup,A306,A231
sup,A308,A2413
sup,A308,A691
sup,A308,A2608
sup,A308,A1754
sup,A308,A1936
sup,A308,A729
sup,A308,A1959
sup,A308,A1080
sup,A308,A2687
sup,A308,A2184
sup,A308,A1840
sup,A309,A153
sup,A309,A2238
sup,A309,A2546
sup,A309,A615
sup,A309,A1148
sup,A309,A1528
sup,A309,A1229
sup,A309,A363
sup,A309,A2547
sup,A309,A1634
sup,A309,A1030
sup,A309,A510
sup,A312,A2371
sup,A312,A1102
sup,A312,A1265
sup,A312,A964
sup,A312,A141
sup,A312,A1564
sup,A312,A61
sup,A313,A1986
sup,A313,A416
sup,A313,A710
sup,A313,A1096
sup,A313,A840
sup,A313,A2487
sup,A313,A982
sup,A313,A2235
sup,A313,A690
sup,A313,A248
sup,A313,A482
sup,A313,A2133
sup,A313,A1792
sup,A313,A1662
sup,A313,A1790
sup,A313,A305
sup,A313,A2120
sup,A313,A1734
sup,A313,A1290
sup,A313,A316
sup,A313,A918
sup,A313,A460
sup,A313,A965
sup,A313,A2463
sup,A313,A407
sup,A313,A321
sup,A313,A2331
sup,A313,A2674
sup,A313,A1459
sup,A314,A194
sup,A314,A99
sup,A314,A2079
sup,A314,A1988
sup,A314,A1610
sup,A314,A238
sup,A314,A1214
sup,A314,A215
sup,A314,A762
sup,A314,A212
sup,A314,A445
sup,A314,A2311
sup,A314,A1717
sup,A314,A1279
sup,A314,A614
sup,A314,A425
sup,A315,A2073
sup,A315,A2307
sup,A315,A2494
sup,A315,A2352
sup,A315,A359
sup,A315,A2290
sup,A315,A2323
sup,A315,A1326
sup,A315,A2548
sup,A315,A1033
sup,A315,A858
sup,A315,A752
sup,A315,A1423
sup,A315,A721
sup,A315,A102
sup,A315,A65
sup,A315,A274
sup,A315,A1147
sup,A316,A1183
sup,A316,A1846
sup,A316,A781
sup,A316,A1023
sup,A316,A2645
sup,A316,A1717
sup,A316,A2144
sup,A316,A1200
sup,A316,A2108
sup,A319,A1362
sup,A319,A281
sup,A319,A2426
sup,A319,A2069
sup,A319,A972
sup,A319,A1676
sup,A319,A2557
sup,A319,A548
sup,A319,A1204
sup,A319,A2023
sup,A319,A53
sup,A320,A2026
sup,A320,A1790
sup,A320,A2204
sup,A320,A1428
sup,A320,A2085
sup,A320,A829
sup,A320,A2265
sup,A320,A1770
sup,A320,A1194
sup,A320,A2578
sup,A320,A964
sup,A320,A2149
sup,A320,A230
sup,A320,A1681
sup,A320,A234
sup,A320,A1987
sup,A320,A2671
sup,A320,A1514
sup,A320,A2285
sup,A320,A1531
sup,A320,A2046
sup,A320,A2364
sup,A320,A169
sup,A320,A597
sup,A324,A2332
sup,A324,A1685
sup,A324,A2340
sup,A324,A711
sup,A324,A1208
sup,A324,A1290
sup,A324,A1363
sup,A324,A853
sup,A324,A2377
sup,A324,A1838
sup,A324,A1668
sup,A324,A289
sup,A324,A657
sup,A324,A199
sup,A326,A1943
sup,A326,A1080
sup,A326,A1940
sup,A326,A1083
sup,A326,A635
sup,A326,A556
sup,A326,A408
sup,A326,A1773
sup,A326,A673
sup,A326,A1293
sup,A326,A1844
sup,A327,A1493
sup,A327,A2147
sup,A327,A428
sup,A327,A724
sup,A327,A1874
sup,A327,A1523
sup,A327,A882
sup,A327,A1208
sup,A327,A131
sup,A327,A517
sup,A327,A1058
sup,A327,A1528
sup,A327,A2433
sup,A327,A1097
sup,A327,A326
sup,A327,A1507
sup,A327,A2253
sup,A327,A966
sup,A327,A1907
sup,A327,A1330
sup,A327,A2079
sup,A327,A2118
sup,A327,A2180
sup,A327,A2238
sup,A327,A42
sup,A327,A960
sup,A330,A1956
sup,A330,A1914
sup,A330,A2135
sup,A330,A487
sup,A330,A658
sup,A330,A67
sup,A330,A1166
sup,A330,A828
sup,A330,A556
sup,A330,A12
sup,A330,A1728
sup,A330,A1334
sup,A330,A653
sup,A330,A1768
sup,A330,A174
sup,A330,A2511
sup,A330,A1633
sup,A330,A2484
sup,A330,A323
sup,A330,A2556
sup,A330,A568
sup,A330,A1524
sup,A330,A185
sup,A330,A19
sup,A331,A641
sup,A331,A1626
sup,A331,A2591
sup,A331,A1864
sup,A331,A2059
sup,A331,A1834
sup,A331,A2509
sup,A331,A2491
sup,A331,A2169
sup,A331,A475
sup,A331,A1034
sup,A331,A143
sup,A331,A1759
sup,A331,A635
sup,A333,A2374
sup,A333,A2195
sup,A333,A1096
sup,A333,A696
sup,A333,A1211
sup,A333,A897
sup,A333,A569
sup,A333,A1198
sup,A333,A2485
sup,A333,A2436
sup,A333,A672
sup,A333,A858
sup,A334,A2073
sup,A334,A2610
sup,A334,A2027
sup,A334,A1228
sup,A334,A678
sup,A334,A1795
sup,A334,A884
sup,A334,A1982
sup,A334,A1939
sup,A334,A2042
sup,A334,A292
sup,A334,A151
sup,A334,A1581
sup,A334,A1966
sup,A334,A1296
sup,A334,A2175
sup,A334,A560
sup,A335,A1986
sup,A335,A679
sup,A335,A1014
sup,A335,A1057
sup,A335,A612
sup,A335,A522
sup,A335,A1971
sup,A335,A246
sup,A335,A394
sup,A335,A1372
sup,A335,A1990
sup,A335,A1580
sup,A335,A1761
sup,A335,A1462
sup,A335,A81
sup,A335,A1183
sup,A341,A1146
sup,A341,A2383
sup,A341,A1870
sup,A341,A1612
sup,A341,A1230
sup,A341,A2266
sup,A341,A1627
sup,A341,A1150
sup,A341,A804
sup,A341,A550
sup,A341,A183
sup,A341,A1404
sup,A341,A1688
sup,A341,A2244
sup,A341,A681
sup,A341,A2277
sup,A341,A1465
sup,A342,A1477
sup,A342,A2214
sup,A342,A1691
sup,A342,A477
sup,A343,A2052
sup,A343,A2296
sup,A343,A2530
sup,A343,A1046
sup,A343,A1361
sup,A343,A1255
sup,A343,A1726
sup,A343,A381
sup,A343,A2691
sup,A343,A1321
sup,A343,A1044
sup,A343,A1997
sup,A343,A2476
sup,A343,A191
sup,A343,A1032
sup,A343,A107
sup,A343,A1936
sup,A343,A2367
sup,A345,A418
sup,A345,A2051
sup,A345,A1399
sup,A345,A1540
sup,A345,A633
sup,A345,A742
sup,A345,A2061
sup,A345,A2154
sup,A345,A464
sup,A345,A2321
sup,A345,A1356
sup,A345,A29
sup,A345,A305
sup,A345,A791
sup,A345,A2440
sup,A345,A1897
sup,A345,A2431
sup,A345,A467
sup,A345,A1708
sup,A345,A1134
sup,A345,A404
sup,A345,A470
sup,A346,A15
sup,A346,A1867
sup,A346,A2192
sup,A346,A260
sup,A346,A1137
sup,A346,A516
sup,A347,A2225
sup,A347,A2256
sup,A347,A1941
sup,A347,A2567
sup,A347,A1687
sup,A348,A1918
sup,A348,A1552
sup,A348,A1402
sup,A348,A1425
sup,A348,A961
sup,A348,A852
sup,A348,A1061
sup,A348,A1457
sup,A348,A143
sup,A348,A295
sup,A348,A754
sup,A348,A428
sup,A348,A1027
sup,A348,A373
sup,A348,A1125
sup,A348,A371
sup,A351,A146
sup,A351,A1980
sup,A351,A2025
sup,A351,A2109
sup,A351,A2462
sup,A351,A1120
sup,A351,A1621
sup,A351,A1248
sup,A351,A1380
sup,A351,A409
sup,A351,A2587
sup,A351,A1996
sup,A351,A1388
sup,A351,A2691
sup,A351,A1843
sup,A352,A2402
sup,A352,A1912
sup,A352,A782
sup,A352,A2441
sup,A352,A1937
sup,A354,A1282
sup,A354,A1937
sup,A354,A281
sup,A354,A1445
sup,A354,A403
sup,A354,A1002
sup,A354,A2657
sup,A354,A1211
sup,A354,A1608
sup,A354,A1178
sup,A354,A1311
sup,A354,A1966
sup,A356,A418
sup,A356,A2322
sup,A356,A2534
sup,A356,A2060
sup,A356,A2653
sup,A356,A2515
sup,A356,A1284
sup,A356,A1859
sup,A356,A742
sup,A356,A2029
sup,A356,A2061
sup,A359,A343
sup,A359,A1652
sup,A359,A851
sup,A359,A1311
sup,A359,A948
sup,A359,A456
sup,A359,A54
sup,A360,A1970
sup,A360,A385
sup,A360,A587
sup,A360,A2412
sup,A360,A645
sup,A360,A2409
sup,A360,A2307
sup,A360,A977
sup,A361,A2091
sup,A361,A1233
sup,A361,A578
sup,A361,A556
sup,A361,A1641
sup,A361,A647
sup,A361,A209
sup,A361,A1878
sup,A361,A726
sup,A361,A1042
sup,A361,A1068
sup,A361,A2003
sup,A361,A2457
sup,A361,A1933
sup,A363,A845
sup,A363,A1881
sup,A363,A238
sup,A363,A1085
sup,A363,A2194
sup,A363,A1379
sup,A363,A1510
sup,A363,A1894
sup,A363,A921
sup,A365,A1948
sup,A365,A1584
sup,A365,A693
sup,A365,A1421
sup,A365,A2446
sup,A365,A1217
sup,A365,A1376
sup,A365,A78
sup,A365,A296
sup,A365,A1026
sup,A365,A1909
sup,A365,A1199
sup,A365,A1260
sup,A367,A1841
sup,A367,A520
sup,A367,A1829
sup,A367,A2504
sup,A367,A842
sup,A367,A379
sup,A367,A1005
sup,A367,A438
sup,A367,A1779
sup,A367,A147
sup,A367,A2593
sup,A367,A1280
sup,A367,A515
sup,A367,A291
sup,A369,A901
sup,A369,A752
sup,A369,A576
sup,A369,A1485
sup,A369,A295
sup,A369,A1955
sup,A369,A1659
sup,A369,A1759
sup,A369,A935
sup,A369,A1539
sup,A369,A113
sup,A369,A2495
sup,A369,A1951
sup,A369,A2190
sup,A369,A1111
sup,A369,A1702
sup,A369,A1101
sup,A369,A2156
sup,A369,A1829
sup,A369,A942
sup,A370,A1315
sup,A370,A2655
sup,A370,A1754
sup,A370,A2685
sup,A370,A1108
sup,A370,A284
sup,A370,A736
sup,A374,A1420
sup,A374,A232
sup,A374,A2580
sup,A374,A1375
sup,A374,A2445
sup,A374,A680
sup,A374,A2162
sup,A374,A2266
sup,A374,A284
sup,A374,A168
sup,A374,A211
sup,A374,A368
sup,A374,A1583
sup,A375,A1752
sup,A375,A1618
sup,A375,A526
sup,A375,A96
sup,A375,A691
sup,A375,A1866
sup,A377,A1186
sup,A377,A790
sup,A377,A280
sup,A379,A1139
sup,A379,A1539
sup,A379,A945
sup,A379,A1118
sup,A381,A475
sup,A381,A1406
sup,A381,A2368
sup,A381,A1088
sup,A381,A2119
sup,A381,A1274
sup,A381,A2371
sup,A381,A1990
sup,A381,A159
sup,A381,A2321
sup,A381,A1747
sup,A381,A155
sup,A381,A2673
sup,A381,A905
sup,A382,A1101
sup,A382,A585
sup,A382,A1406
sup,A382,A2300
sup,A383,A2066
sup,A383,A2230
sup,A383,A83
sup,A383,A2384
sup,A383,A318
sup,A383,A1160
sup,A383,A2473
sup,A383,A2676
sup,A384,A2174
sup,A384,A1445
sup,A384,A431
sup,A384,A1443
sup,A385,A339
sup,A385,A197
sup,A385,A254
sup,A385,A292
sup,A385,A1533
sup,A385,A137
sup,A385,A492
sup,A385,A1160
sup,A385,A1016
sup,A385,A1248
sup,A385,A2487
sup,A385,A2333
sup,A385,A1035
sup,A385,A1263
sup,A385,A1711
sup,A385,A1932
sup,A385,A1244
sup,A385,A1241
sup,A385,A792
sup,A385,A899
sup,A387,A1225
sup,A387,A1365
sup,A387,A622
sup,A387,A314
sup,A387,A1166
sup,A387,A166
sup,A387,A104
sup,A387,A2129
sup,A387,A962
sup,A387,A702
sup,A387,A533
sup,A387,A2058
sup,A387,A1618
sup,A387,A2537
sup,A387,A747
sup,A387,A1528
sup,A387,A1790
sup,A387,A2678
sup,A392,A1594
sup,A392,A987
sup,A392,A2241
sup,A392,A1801
sup,A392,A2089
sup,A392,A2227
sup,A392,A2316
sup,A392,A1274
sup,A392,A1671
sup,A392,A2124
sup,A392,A1292
sup,A392,A612
sup,A392,A1486
sup,A395,A2238
sup,A395,A687
sup,A395,A2531
sup,A395,A1862
sup,A395,A808
sup,A395,A1410
sup,A395,A2098
sup,A395,A1759
sup,A395,A1887
sup,A395,A2417
sup,A395,A1034
sup,A395,A526
sup,A396,A922
sup,A396,A2227
sup,A396,A1170
sup,A396,A122
sup,A396,A2517
sup,A396,A1112
sup,A396,A1283
sup,A396,A1183
sup,A396,A2495
sup,A396,A2360
sup,A396,A2428
sup,A397,A340
sup,A397,A892
sup,A397,A2436
sup,A397,A2348
sup,A397,A1884
sup,A397,A1132
sup,A397,A211
sup,A397,A1221
sup,A397,A225
sup,A397,A531
sup,A397,A1616
sup,A397,A1673
sup,A397,A1302
sup,A397,A1348
sup,A397,A1671
sup,A398,A51
sup,A398,A1969
sup,A398,A2521
sup,A398,A1256
sup,A398,A1408
sup,A398,A780
sup,A398,A922
sup,A398,A1487
sup,A398,A2519
sup,A398,A1555
sup,A398,A971
sup,A398,A933
sup,A398,A1390
sup,A398,A1246
sup,A398,A1821
sup,A398,A2266
sup,A398,A1273
sup,A398,A2223
sup,A398,A1015
sup,A398,A1398
sup,A398,A2049
sup,A398,A1351
sup,A398,A36
sup,A398,A2181
sup,A399,A1572
sup,A399,A389
sup,A399,A1052
sup,A399,A2056
sup,A399,A1694
sup,A399,A675
sup,A399,A329
sup,A399,A12
sup,A399,A1719
sup,A399,A1062
sup,A399,A496
sup,A399,A2236
sup,A399,A1342
sup,A399,A1548
sup,A399,A374
sup,A399,A132
sup,A399,A1585
sup,A399,A657
sup,A399,A2055
sup,A399,A2042
sup,A399,A230
sup,A399,A1291
sup,A400,A96
sup,A400,A2390
sup,A400,A641
sup,A400,A913
sup,A400,A2661
sup,A400,A1428
sup,A400,A847
sup,A400,A335
sup,A400,A1189
sup,A400,A556
sup,A400,A1095
sup,A400,A2117
sup,A400,A2177
sup,A400,A1805
sup,A400,A991
sup,A400,A2677
sup,A400,A167
sup,A400,A849
sup,A400,A133
sup,A403,A613
sup,A403,A302
sup,A403,A414
sup,A408,A829
sup,A408,A2653
sup,A408,A821
sup,A408,A2598
sup,A408,A93
sup,A408,A880
sup,A408,A1444
sup,A408,A282
sup,A408,A2582
sup,A408,A1368
sup,A408,A696
sup,A408,A120
sup,A408,A2110
sup,A408,A1149
sup,A411,A619
sup,A411,A679
sup,A411,A135
sup,A411,A1093
sup,A411,A1869
sup,A411,A2372
sup,A411,A1327
sup,A411,A1618
sup,A411,A974
sup,A411,A89
sup,A411,A761
sup,A411,A869
sup,A411,A102
sup,A411,A602
sup,A414,A150
sup,A414,A2661
sup,A414,A2588
sup,A414,A2651
sup,A414,A1435
sup,A414,A370
sup,A414,A757
sup,A415,A105
sup,A415,A1380
sup,A415,A335
sup,A415,A13
sup,A415,A459
sup,A415,A1125
sup,A415,A832
sup,A415,A1231
sup,A415,A712
sup,A415,A1809
sup,A415,A1298
sup,A415,A969
sup,A415,A1841
sup,A415,A2381
sup,A415,A2159
sup,A415,A1201
sup,A415,A1123
sup,A416,A2613
sup,A416,A330
sup,A416,A1753
sup,A416,A1328
sup,A416,A73
sup,A416,A112
sup,A416,A550
sup,A416,A2449
sup,A416,A31
sup,A416,A2573
sup,A416,A470
sup,A416,A901
sup,A418,A1957
sup,A418,A1270
sup,A418,A328
sup,A418,A795
sup,A418,A1179
sup,A418,A1498
sup,A418,A284
sup,A418,A2289
sup,A418,A1029
sup,A418,A1743
sup,A418,A405
sup,A418,A906
sup,A418,A42
sup,A420,A693
sup,A420,A1988
sup,A420,A1764
sup,A420,A707
sup,A420,A1611
sup,A426,A2687
sup,A426,A1534
sup,A426,A2353
sup,A426,A1267
sup,A426,A1974
sup,A426,A360
sup,A426,A969
sup,A426,A1548
sup,A426,A1092
sup,A426,A324
sup,A426,A812
sup,A426,A1997
sup,A426,A2194
sup,A426,A1180
sup,A426,A1233
sup,A426,A1823
sup,A426,A407
sup,A426,A1422
sup,A426,A433
sup,A426,A959
sup,A426,A1820
sup,A426,A2320
sup,A426,A1622
sup,A426,A1883
sup,A426,A976
sup,A426,A1598
sup,A429,A2255
sup,A429,A2683
sup,A429,A2404
sup,A429,A1747
sup,A429,A58
sup,A429,A2204
sup,A429,A1917
sup,A429,A759
sup,A429,A1591
sup,A429,A60
sup,A429,A1752
sup,A430,A824
sup,A430,A496
sup,A430,A1958
sup,A430,A2672
sup,A430,A1645
sup,A430,A147
sup,A430,A1683
sup,A430,A1243
sup,A430,A1855
sup,A430,A2675
sup,A430,A1010
sup,A430,A1380
sup,A430,A1664
sup,A430,A2397
sup,A430,A1049
sup,A430,A1253
sup,A430,A1107
sup,A430,A206
sup,A430,A1244
sup,A430,A1653
sup,A430,A1691
sup,A430,A2550
sup,A430,A2685
sup,A430,A1309
sup,A431,A758
sup,A431,A1827
sup,A431,A2097
sup,A431,A456
sup,A431,A406
sup,A431,A2397
sup,A431,A1006
sup,A431,A1748
sup,A431,A1342
sup,A431,A519
sup,A431,A285
sup,A431,A672
sup,A431,A1851
sup,A433,A754
sup,A433,A305
sup,A433,A1537
sup,A433,A521
sup,A433,A1848
sup,A433,A2052
sup,A433,A2036
sup,A433,A1879
sup,A433,A2324
sup,A433,A644
sup,A433,A610
sup,A433,A2492
sup,A433,A1908
sup,A433,A1845
sup,A433,A2440
sup,A433,A2387
sup,A433,A1353
sup,A433,A721
sup,A433,A1431
sup,A433,A314
sup,A433,A2482
sup,A435,A885
sup,A435,A2299
sup,A435,A2327
sup,A435,A369
sup,A435,A928
sup,A435,A1158
sup,A435,A447
sup,A435,A811
sup,A435,A978
sup,A435,A505
sup,A435,A46
sup,A435,A1427
sup,A436,A2
sup,A437,A112
sup,A437,A1376
sup,A437,A1810
sup,A437,A2218
sup,A437,A1979
sup,A439,A2449
sup,A439,A2639
sup,A439,A1731
sup,A439,A1709
sup,A439,A1961
sup,A439,A2677
sup,A439,A727
sup,A439,A1444
sup,A439,A2355
sup,A439,A1668
sup,A439,A1773
sup,A439,A550
sup,A439,A772
sup,A439,A765
sup,A439,A1512
sup,A439,A579
sup,A439,A1708
sup,A439,A1169
sup,A439,A2597
sup,A439,A1729
sup,A439,A1110
sup,A439,A725
sup,A441,A127
sup,A441,A344
sup,A441,A2071
sup,A441,A487
sup,A441,A987
sup,A441,A1224
sup,A441,A123
sup,A441,A2468
sup,A441,A2527
sup,A441,A1891
sup,A441,A2636
sup,A441,A91
sup,A441,A333
sup,A441,A2405
sup,A441,A1711
sup,A441,A2637
sup,A441,A966
sup,A441,A2660
sup,A441,A1154
sup,A441,A223
sup,A441,A2526
sup,A441,A444
sup,A441,A28
sup,A441,A614
sup,A441,A143
sup,A441,A1507
sup,A444,A1004
sup,A444,A1698
sup,A444,A694
sup,A445,A1569
sup,A445,A1885
sup,A445,A2499
sup,A445,A1137
sup,A445,A495
sup,A445,A2657
sup,A445,A2253
sup,A445,A764
sup,A445,A1230
sup,A445,A396
sup,A445,A770
sup,A445,A2446
sup,A445,A238
sup,A445,A945
sup,A445,A2588
sup,A445,A13
sup,A445,A2418
sup,A445,A2098
sup,A445,A1473
sup,A445,A700
sup,A445,A2553
sup,A445,A618
sup,A445,A426
sup,A445,A702
sup,A445,A950
sup,A445,A1802
sup,A446,A871
sup,A448,A253
sup,A451,A819
sup,A451,A971
sup,A451,A2160
sup,A451,A2312
sup,A451,A659
sup,A451,A1129
sup,A451,A453
sup,A451,A823
sup,A451,A1703
sup,A451,A565
sup,A451,A1615
sup,A451,A1234
sup,A451,A1609
sup,A452,A859
sup,A452,A221
sup,A452,A34
sup,A453,A1967
sup,A454,A1342
sup,A454,A651
sup,A454,A691
sup,A455,A809
sup,A455,A215
sup,A455,A249
sup,A455,A992
sup,A455,A92
sup,A455,A1485
sup,A455,A2430
sup,A455,A2051
sup,A455,A2224
sup,A457,A101
sup,A457,A1106
sup,A457,A2009
sup,A457,A306
sup,A457,A2094
sup,A457,A1343
sup,A457,A1395
sup,A457,A2207
sup,A457,A284
sup,A457,A1326
sup,A457,A1625
sup,A457,A1490
sup,A457,A1382
sup,A457,A215
sup,A457,A664
sup,A457,A1824
sup,A457,A1202
sup,A457,A1297
sup,A457,A1955
sup,A457,A1485
sup,A462,A2358
sup,A462,A1053
sup,A462,A1210
sup,A462,A386
sup,A462,A911
sup,A462,A885
sup,A462,A1017
sup,A462,A1520
sup,A462,A2198
sup,A462,A1287
sup,A462,A456
sup,A462,A1776
sup,A462,A1404
sup,A462,A2490
sup,A462,A1437
sup,A462,A67
sup,A465,A436
sup,A465,A1374
sup,A465,A716
sup,A465,A2253
sup,A465,A296
sup,A465,A548
sup,A465,A2304
sup,A465,A1840
sup,A465,A504
sup,A465,A1693
sup,A465,A772
sup,A465,A6
sup,A465,A2587
sup,A466,A193
sup,A466,A628
sup,A466,A737
sup,A466,A2161
sup,A466,A2513
sup,A466,A330
sup,A466,A2617
sup,A466,A581
sup,A466,A2269
sup,A466,A2305
sup,A466,A1900
sup,A466,A1443
sup,A466,A2081
sup,A466,A953
sup,A466,A546
sup,A466,A1304
sup,A466,A715
sup,A466,A1249
sup,A466,A560
sup,A467,A2199
sup,A467,A584
sup,A467,A1245
sup,A467,A2542
sup,A467,A1499
sup,A467,A232
sup,A467,A1694
sup,A468,A1167
sup,A468,A1424
sup,A468,A1266
sup,A468,A482
sup,A468,A612
sup,A468,A2318
sup,A468,A2270
sup,A468,A1186
sup,A471,A2119
sup,A471,A1641
sup,A471,A648
sup,A473,A134
sup,A473,A2574
sup,A473,A1448
sup,A473,A1224
sup,A473,A1935
sup,A473,A1320
sup,A473,A798
sup,A473,A1222
sup,A473,A539
sup,A473,A2303
sup,A473,A2031
sup,A473,A2253
sup,A473,A1437
sup,A473,A2101
sup,A473,A1364
sup,A473,A244
sup,A473,A223
sup,A473,A1617
sup,A473,A1594
sup,A473,A2407
sup,A473,A2530
sup,A473,A630
sup,A473,A1499
sup,A473,A2321
sup,A473,A508
sup,A473,A1039
sup,A473,A2040
sup,A479,A975
sup,A479,A1648
sup,A479,A563
sup,A479,A395
sup,A479,A2424
sup,A479,A722
sup,A479,A2180
sup,A479,A1862
sup,A479,A2072
sup,A480,A1956
sup,A480,A2179
sup,A480,A655
sup,A480,A2044
sup,A480,A1088
sup,A480,A1911
sup,A480,A84
sup,A480,A1284
sup,A480,A1095
sup,A480,A933
sup,A480,A1309
sup,A480,A2123
sup,A480,A215
sup,A480,A1833
sup,A480,A45
sup,A480,A1582
sup,A480,A2512
sup,A480,A183
sup,A480,A1046
sup,A481,A822
sup,A481,A1529
sup,A481,A1606
sup,A481,A406
sup,A481,A1715
sup,A481,A201
sup,A481,A1810
sup,A481,A1054
sup,A481,A100
sup,A481,A1292
sup,A481,A1621
sup,A481,A375
sup,A481,A2091
sup,A481,A2173
sup,A481,A153
sup,A481,A1933
sup,A481,A1194
sup,A483,A328
sup,A483,A747
sup,A483,A1668
sup,A483,A1119
sup,A483,A413
sup,A483,A2188
sup,A483,A1421
sup,A483,A660
sup,A483,A2610
sup,A483,A1248
sup,A483,A604
sup,A483,A1733
sup,A483,A2632
sup,A483,A35
sup,A483,A2630
sup,A489,A58
sup,A492,A657
sup,A492,A2186
sup,A492,A1261
sup,A492,A1250
sup,A492,A2666
sup,A492,A1622
sup,A492,A1822
sup,A492,A269
sup,A492,A2621
sup,A493,A1521
sup,A493,A2533
sup,A493,A618
sup,A493,A1691
sup,A493,A1395
sup,A493,A1436
sup,A493,A179
sup,A493,A709
sup,A493,A829
sup,A493,A1958
sup,A493,A1794
sup,A493,A2100
sup,A493,A1608
sup,A493,A813
sup,A493,A1798
sup,A493,A1688
sup,A493,A1506
sup,A493,A492
sup,A493,A497
sup,A493,A308
sup,A493,A1393
sup,A493,A983
sup,A494,A931
sup,A494,A1587
sup,A494,A1893
sup,A494,A142
sup,A494,A341
sup,A494,A1114
sup,A494,A2553
sup,A494,A940
sup,A494,A1006
sup,A494,A1071
sup,A494,A1110
sup,A494,A19
sup,A494,A2610
sup,A494,A1942
sup,A494,A1025
sup,A494,A178
sup,A494,A56
sup,A494,A1679
sup,A494,A2596
sup,A494,A1704
sup,A494,A2331
sup,A494,A1367
sup,A494,A1425
sup,A494,A1258
sup,A494,A1275
sup,A496,A1282
sup,A496,A163
sup,A496,A2236
sup,A496,A1841
sup,A496,A0
sup,A496,A2681
sup,A496,A802
sup,A496,A1730
sup,A496,A2581
sup,A496,A197
sup,A496,A2271
sup,A496,A688
sup,A496,A170
sup,A496,A1323
sup,A498,A477
sup,A498,A634
sup,A498,A2332
sup,A498,A1602
sup,A498,A2585
sup,A498,A799
sup,A498,A2615
sup,A499,A1704
sup,A499,A1938
sup,A499,A1069
sup,A499,A2234
sup,A499,A1253
sup,A499,A63
sup,A499,A971
sup,A499,A2320
sup,A499,A2301
sup,A508,A1127
sup,A508,A170
sup,A508,A783
sup,A508,A190
sup,A508,A1693
sup,A508,A240
sup,A508,A2161
sup,A508,A2298
sup,A508,A2283
sup,A508,A1838
sup,A509,A82
sup,A509,A463
sup,A509,A34
sup,A509,A1100
sup,A509,A1683
sup,A509,A306
sup,A509,A1385
sup,A509,A2443
sup,A509,A490
sup,A514,A2064
sup,A514,A1223
sup,A514,A1819
sup,A514,A527
sup,A514,A2244
sup,A514,A2084
sup,A514,A2096
sup,A514,A2687
sup,A514,A451
sup,A514,A1561
sup,A514,A476
sup,A514,A909
sup,A514,A2567
sup,A514,A1847
sup,A514,A965
sup,A514,A229
sup,A514,A1800
sup,A514,A184
sup,A514,A381
sup,A514,A2060
sup,A514,A2008
sup,A516,A852
sup,A516,A2284
sup,A516,A1234
sup,A516,A2314
sup,A516,A1997
sup,A518,A2252
sup,A518,A749
sup,A518,A2597
sup,A518,A1096
sup,A518,A1352
sup,A518,A189
sup,A518,A1949
sup,A518,A1501
sup,A518,A2587
sup,A518,A442
sup,A518,A1231
sup,A518,A2201
sup,A518,A1844
sup,A518,A1643
sup,A518,A2251
sup,A518,A535
sup,A518,A1620
sup,A518,A2610
sup,A518,A1270
sup,A518,A2413
sup,A518,A803
sup,A518,A785
sup,A518,A857
sup,A518,A944
sup,A518,A64
sup,A518,A654
sup,A518,A2173
sup,A518,A1370
sup,A518,A2373
sup,A519,A140
sup,A519,A193
sup,A519,A1965
sup,A519,A1729
sup,A519,A1138
sup,A519,A2632
sup,A519,A2240
sup,A519,A2006
sup,A522,A131
sup,A522,A2094
sup,A522,A681
sup,A522,A556
sup,A522,A1576
sup,A522,A286
sup,A522,A930
sup,A522,A2403
sup,A522,A2664
sup,A522,A762
sup,A522,A540
sup,A522,A649
sup,A522,A335
sup,A522,A1324
sup,A522,A2401
sup,A522,A756
sup,A522,A1694
sup,A522,A1346
sup,A522,A2591
sup,A522,A494
sup,A522,A959
sup,A522,A1391
sup,A522,A1161
sup,A522,A1593
sup,A522,A377
sup,A522,A2162
sup,A522,A2419
sup,A522,A1456
sup,A523,A2318
sup,A523,A1306
sup,A523,A2414
sup,A523,A196
sup,A523,A1931
sup,A523,A1139
sup,A523,A2434
sup,A523,A2130
sup,A523,A1538
sup,A523,A861
sup,A523,A2286
sup,A525,A1939
sup,A525,A1990
sup,A525,A2365
sup,A525,A1437
sup,A525,A1433
sup,A525,A2691
sup,A525,A2640
sup,A525,A2077
sup,A525,A65
sup,A525,A410
sup,A525,A2622
sup,A525,A2471
sup,A525,A1772
sup,A526,A362
sup,A526,A178
sup,A526,A122
sup,A526,A2562
sup,A526,A952
sup,A527,A691
sup,A527,A264
sup,A527,A919
sup,A527,A466
sup,A527,A274
sup,A527,A1586
sup,A527,A99
sup,A527,A2240
sup,A527,A2449
sup,A527,A2493
sup,A527,A1433
sup,A527,A2189
sup,A527,A1110
sup,A527,A634
sup,A527,A399
sup,A527,A2011
sup,A527,A312
sup,A527,A2004
sup,A528,A2552
sup,A528,A2693
sup,A528,A1113
sup,A528,A660
sup,A528,A2615
sup,A528,A610
sup,A528,A2583
sup,A528,A227
sup,A528,A232
sup,A528,A2696
sup,A528,A484
sup,A528,A568
sup,A529,A2582
sup,A529,A1390
sup,A529,A162
sup,A529,A648
sup,A530,A1489
sup,A530,A564
sup,A530,A2514
sup,A530,A868
sup,A530,A1727
sup,A530,A1134
sup,A530,A2363
sup,A530,A2038
sup,A530,A1876
sup,A530,A1476
sup,A530,A1998
sup,A530,A1001
sup,A530,A518
sup,A530,A168
sup,A530,A1425
sup,A530,A1157
sup,A530,A1646
sup,A532,A1997
sup,A532,A310
sup,A532,A348
sup,A532,A949
sup,A532,A382
sup,A532,A1780
sup,A532,A2423
sup,A532,A2298
sup,A532,A2441
sup,A532,A2208
sup,A532,A1877
sup,A532,A814
sup,A532,A776
sup,A532,A846
sup,A532,A1333
sup,A532,A2188
sup,A532,A292
sup,A532,A418
sup,A532,A2653
sup,A532,A1417
sup,A532,A2577
sup,A532,A219
sup,A532,A119
sup,A532,A1022
sup,A532,A642
sup,A532,A1124
sup,A533,A2519
sup,A533,A1726
sup,A533,A2538
sup,A533,A1912
sup,A533,A721
sup,A533,A1585
sup,A533,A1397
sup,A533,A1618
sup,A533,A2385
sup,A533,A2568
sup,A533,A670
sup,A533,A660
sup,A533,A2609
sup,A533,A352
sup,A533,A1152
sup,A533,A1463
sup,A533,A1034
sup,A533,A758
sup,A533,A865
sup,A533,A1570
sup,A533,A1239
sup,A533,A236
sup,A533,A168
sup,A533,A1757
sup,A533,A972
sup,A534,A1932
sup,A534,A416
sup,A534,A2283
sup,A534,A2064
sup,A534,A834
sup,A534,A748
sup,A534,A2558
sup,A537,A1608
sup,A537,A558
sup,A537,A1499
sup,A537,A972
sup,A537,A2057
sup,A537,A1059
sup,A537,A1544
sup,A537,A2145
sup,A537,A2533
sup,A537,A1500
sup,A537,A2223
sup,A537,A1220
sup,A537,A2483
sup,A537,A1920
sup,A537,A1627
sup,A537,A1210
sup,A537,A504
sup,A537,A432
sup,A537,A2627
sup,A537,A1200
sup,A537,A317
sup,A537,A1676
sup,A537,A2233
sup,A537,A173
sup,A537,A2527
sup,A537,A1287
sup,A537,A2610
sup,A539,A1535
sup,A539,A1691
sup,A539,A1743
sup,A539,A1579
sup,A539,A2374
sup,A539,A1447
sup,A539,A2483
sup,A539,A481
sup,A539,A2381
sup,A539,A482
sup,A539,A671
sup,A539,A1177
sup,A539,A2021
sup,A540,A2421
sup,A540,A2489
sup,A540,A1323
sup,A540,A1618
sup,A540,A1496
sup,A540,A1356
sup,A540,A653
sup,A543,A249
sup,A543,A1339
sup,A543,A1089
sup,A543,A320
sup,A545,A104
sup,A545,A2126
sup,A545,A1349
sup,A545,A355
sup,A545,A1154
sup,A547,A1666
sup,A547,A1352
sup,A547,A2363
sup,A547,A1823
sup,A547,A2107
sup,A547,A818
sup,A547,A803
sup,A547,A2530
sup,A547,A1497
sup,A547,A1367
sup,A547,A449
sup,A547,A1382
sup,A547,A361
sup,A547,A2436
sup,A547,A1526
sup,A547,A2336
sup,A547,A1247
sup,A547,A1662
sup,A547,A1860
sup,A548,A2469
sup,A548,A1895
sup,A548,A959
sup,A548,A2320
sup,A548,A1318
sup,A548,A2466
sup,A548,A1933
sup,A550,A1933
sup,A550,A0
sup,A550,A885
sup,A550,A371
sup,A550,A1431
sup,A550,A1510
sup,A550,A200
sup,A551,A1974
sup,A551,A930
sup,A551,A2294
sup,A551,A2008
sup,A551,A874
sup,A551,A868
sup,A551,A2539
sup,A551,A2182
sup,A551,A58
sup,A551,A1086
sup,A551,A2579
sup,A551,A2509
sup,A551,A2277
sup,A551,A2346
sup,A551,A455
sup,A551,A629
sup,A551,A559
sup,A551,A192
sup,A551,A40
sup,A551,A38
sup,A551,A2450
sup,A551,A1193
sup,A551,A791
sup,A551,A1133
sup,A553,A881
sup,A553,A1491
sup,A553,A2501
sup,A553,A707
sup,A553,A357
sup,A553,A614
sup,A553,A519
sup,A553,A2020
sup,A553,A2375
sup,A553,A1936
sup,A553,A2164
sup,A553,A1158
sup,A553,A2188
sup,A553,A1265
sup,A553,A813
sup,A553,A2352
sup,A553,A2476
sup,A553,A1137
sup,A553,A1842
sup,A553,A2067
sup,A553,A1740
sup,A553,A2603
sup,A553,A2175
sup,A554,A582
sup,A554,A2111
sup,A554,A1355
sup,A554,A1960
sup,A554,A387
sup,A554,A452
sup,A554,A163
sup,A554,A1040
sup,A554,A1113
sup,A554,A801
sup,A554,A1061
sup,A554,A2548
sup,A554,A685
sup,A554,A377
sup,A554,A2220
sup,A554,A757
sup,A554,A286
sup,A554,A632
sup,A554,A86
sup,A554,A35
sup,A554,A407
sup,A554,A665
sup,A554,A1161
sup,A554,A1856
sup,A554,A1935
sup,A554,A674
sup,A554,A60
sup,A554,A1637
sup,A555,A1364
sup,A555,A2566
sup,A555,A1759
sup,A555,A67
sup,A555,A250
sup,A555,A344
sup,A555,A2173
sup,A555,A859
sup,A555,A741
sup,A555,A659
sup,A555,A2184
sup,A555,A302
sup,A555,A197
sup,A555,A2588
sup,A555,A395
sup,A555,A1964
sup,A555,A279
sup,A555,A435
sup,A555,A712
sup,A556,A1504
sup,A556,A1359
sup,A556,A680
sup,A557,A2052
sup,A557,A2207
sup,A557,A96
sup,A557,A7
sup,A557,A2106
sup,A557,A2636
sup,A557,A722
sup,A557,A2519
sup,A557,A966
sup,A557,A2392
sup,A557,A2253
sup,A557,A615
sup,A558,A1129
sup,A558,A759
sup,A558,A199
sup,A558,A1990
sup,A558,A1384
sup,A558,A182
sup,A558,A2248
sup,A558,A643
sup,A559,A2152
sup,A559,A2489
sup,A559,A472
sup,A559,A1825
sup,A559,A120
sup,A559,A866
sup,A559,A2342
sup,A559,A355
sup,A560,A1388
sup,A560,A2486
sup,A560,A1453
sup,A560,A3
sup,A560,A524
sup,A560,A391
sup,A563,A923
sup,A563,A466
sup,A563,A1570
sup,A563,A537
sup,A563,A2202
sup,A563,A709
sup,A563,A2422
sup,A563,A2353
sup,A563,A680
sup,A563,A1480
sup,A563,A436
sup,A563,A370
sup,A563,A312
sup,A563,A1176
sup,A563,A2026
sup,A563,A2118
sup,A563,A1058
sup,A563,A2342
sup,A563,A138
sup,A563,A959
sup,A563,A2628
sup,A563,A1008
sup,A563,A1336
sup,A563,A868
sup,A563,A1970
sup,A571,A1235
sup,A571,A114
sup,A571,A460
sup,A571,A2301
sup,A571,A1627
sup,A571,A1934
sup,A573,A1169
sup,A573,A52
sup,A573,A1904
sup,A573,A926
sup,A574,A2649
sup,A574,A71
sup,A574,A1992
sup,A578,A2394
sup,A578,A537
sup,A578,A2116
sup,A578,A2286
sup,A578,A1528
sup,A578,A1328
sup,A578,A466
sup,A578,A1023
sup,A578,A2102
sup,A578,A489
sup,A578,A1446
sup,A578,A857
sup,A578,A681
sup,A578,A285
sup,A578,A1990
sup,A578,A1863
sup,A578,A937
sup,A578,A1570
sup,A578,A2609
sup,A578,A1477
sup,A578,A1324
sup,A578,A134
sup,A579,A1609
sup,A579,A2447
sup,A579,A2002
sup,A579,A96
sup,A579,A619
sup,A579,A2172
sup,A579,A2599
sup,A579,A411
sup,A579,A1286
sup,A579,A1743
sup,A579,A1318
sup,A579,A2304
sup,A579,A737
sup,A579,A190
sup,A579,A2158
sup,A579,A169
sup,A579,A2139
sup,A579,A1411
sup,A579,A1938
sup,A580,A1419
sup,A580,A304
sup,A580,A2522
sup,A580,A1664
sup,A580,A917
sup,A580,A1692
sup,A580,A1380
sup,A580,A1680
sup,A580,A26
sup,A581,A33
sup,A581,A518
sup,A581,A2596
sup,A581,A532
sup,A581,A2425
sup,A581,A1772
sup,A581,A2465
sup,A581,A2280
sup,A581,A1102
sup,A581,A2398
sup,A581,A837
sup,A581,A2139
sup,A581,A1269
sup,A581,A1401
sup,A581,A1507
sup,A581,A1835
sup,A581,A2094
sup,A581,A266
sup,A583,A989
sup,A583,A545
sup,A583,A700
sup,A583,A1808
sup,A583,A84
sup,A583,A1222
sup,A583,A2116
sup,A583,A699
sup,A583,A1175
sup,A583,A922
sup,A583,A733
sup,A583,A1300
sup,A583,A2595
sup,A583,A1638
sup,A583,A905
sup,A583,A2287
sup,A583,A687
sup,A583,A2232
sup,A583,A1661
sup,A583,A2146
sup,A583,A1847
sup,A583,A223
sup,A583,A1895
sup,A583,A869
sup,A583,A1717
sup,A583,A1440
sup,A586,A2068
sup,A586,A800
sup,A586,A1140
sup,A586,A294
sup,A586,A1065
sup,A586,A2088
sup,A586,A2107
sup,A586,A44
sup,A586,A16
sup,A586,A170
sup,A586,A2293
sup,A586,A2691
sup,A586,A1180
sup,A586,A186
sup,A586,A1822
sup,A586,A2499
sup,A586,A1705
sup,A586,A1527
sup,A586,A1192
sup,A586,A1818
sup,A586,A1495
sup,A586,A282
sup,A589,A1282
sup,A589,A1085
sup,A589,A1880
sup,A589,A2016
sup,A589,A2659
sup,A589,A1099
sup,A589,A2594
sup,A589,A2343
sup,A589,A11
sup,A589,A2577
sup,A589,A1762
sup,A589,A2027
sup,A589,A567
sup,A589,A1833
sup,A589,A2435
sup,A589,A83
sup,A589,A2010
sup,A589,A1348
sup,A589,A380
sup,A589,A1458
sup,A589,A572
sup,A589,A25
sup,A589,A1555
sup,A590,A157
sup,A590,A745
sup,A590,A95
sup,A590,A646
sup,A590,A527
sup,A590,A1294
sup,A590,A782
sup,A590,A1378
sup,A590,A1366
sup,A590,A2046
sup,A590,A1997
sup,A590,A1771
sup,A591,A891
sup,A591,A685
sup,A591,A1270
sup,A591,A1142
sup,A591,A480
sup,A591,A1412
sup,A591,A1002
sup,A591,A833
sup,A591,A1224
sup,A591,A1372
sup,A591,A130
sup,A591,A2322
sup,A591,A2636
sup,A591,A1438
sup,A591,A1121
sup,A591,A1880
sup,A591,A92
sup,A592,A43
sup,A592,A995
sup,A592,A2231
sup,A592,A1716
sup,A592,A295
sup,A592,A622
sup,A592,A1561
sup,A592,A937
sup,A592,A588
sup,A592,A2675
sup,A592,A1840
sup,A592,A595
sup,A592,A163
sup,A592,A1341
sup,A592,A16
sup,A592,A1598
sup,A592,A2155
sup,A595,A1460
sup,A595,A2147
sup,A595,A1011
sup,A595,A1370
sup,A595,A976
sup,A595,A235
sup,A595,A2537
sup,A595,A845
sup,A595,A406
sup,A595,A175
sup,A595,A2433
sup,A597,A451
sup,A597,A432
sup,A597,A1129
sup,A597,A2408
sup,A597,A1522
sup,A597,A1212
sup,A597,A1263
sup,A597,A1153
sup,A597,A402
sup,A597,A2576
sup,A597,A2247
sup,A597,A2622
sup,A597,A280
sup,A597,A2479
sup,A597,A1981
sup,A597,A2533
sup,A597,A398
sup,A597,A2114
sup,A597,A737
sup,A597,A2024
sup,A597,A65
sup,A599,A1726
sup,A599,A1074
sup,A599,A859
sup,A599,A2030
sup,A599,A1052
sup,A599,A2256
sup,A599,A671
sup,A599,A144
sup,A599,A1982
sup,A599,A573
sup,A599,A2243
sup,A599,A54
sup,A599,A259
sup,A599,A2649
sup,A599,A766
sup,A602,A498
sup,A602,A1466
sup,A602,A1731
sup,A602,A1547
sup,A602,A980
sup,A602,A168
sup,A602,A154
sup,A602,A2562
sup,A602,A1013
sup,A602,A2548
sup,A602,A2566
sup,A602,A190
sup,A602,A1461
sup,A602,A1789
sup,A602,A61
sup,A602,A1729
sup,A602,A792
sup,A602,A1955
sup,A602,A2682
sup,A602,A1106
sup,A603,A2062
sup,A603,A1598
sup,A603,A1050
sup,A603,A204
sup,A603,A2520
sup,A603,A112
sup,A603,A467
sup,A603,A1929
sup,A603,A987
sup,A603,A2333
sup,A603,A1259
sup,A604,A1987
sup,A604,A303
sup,A604,A1858
sup,A604,A149
sup,A604,A745
sup,A604,A975
sup,A604,A1860
sup,A604,A326
sup,A604,A2471
sup,A604,A440
sup,A604,A1844
sup,A604,A2458
sup,A604,A2699
sup,A604,A2148
sup,A606,A2381
sup,A606,A683
sup,A606,A1976
sup,A606,A886
sup,A606,A390
sup,A606,A119
sup,A606,A2652
sup,A606,A2198
sup,A606,A2120
sup,A606,A1817
sup,A606,A650
sup,A606,A1330
sup,A606,A1489
sup,A606,A2445
sup,A606,A1015
sup,A606,A2053
sup,A606,A1079
sup,A606,A2600
sup,A606,A1513
sup,A606,A1102
sup,A607,A711
sup,A607,A2569
sup,A607,A2354
sup,A607,A699
sup,A607,A2277
sup,A607,A824
sup,A607,A2131
sup,A607,A880
sup,A607,A1698
sup,A607,A1134
sup,A607,A2490
sup,A607,A1402
sup,A608,A404
sup,A608,A82
sup,A608,A2383
sup,A608,A1701
sup,A608,A1535
sup,A608,A1976
sup,A608,A381
sup,A608,A2200
sup,A608,A1329
sup,A608,A862
sup,A608,A1864
sup,A608,A606
sup,A608,A190
sup,A608,A891
sup,A608,A938
sup,A608,A2033
sup,A608,A2229
sup,A608,A22
sup,A608,A243
sup,A608,A1316
sup,A608,A2212
sup,A608,A2573
sup,A608,A1335
sup,A609,A384
sup,A609,A431
sup,A609,A1080
sup,A609,A1729
sup,A609,A1844
sup,A609,A677
sup,A609,A1210
sup,A609,A1651
sup,A609,A793
sup,A609,A152
sup,A609,A1819
sup,A609,A202
sup,A609,A1297
sup,A609,A2491
sup,A609,A2582
sup,A609,A2039
sup,A609,A1045
sup,A609,A146
sup,A609,A1175
sup,A609,A1626
sup,A609,A1876
sup,A609,A1091
sup,A609,A2465
sup,A610,A1412
sup,A610,A121
sup,A610,A382
sup,A610,A2447
sup,A610,A1228
sup,A610,A1715
sup,A610,A1003
sup,A610,A1474
sup,A610,A2193
sup,A610,A2347
sup,A610,A740
sup,A610,A930
sup,A615,A2373
sup,A615,A1620
sup,A615,A1925
sup,A615,A1082
sup,A615,A1334
sup,A615,A1353
sup,A615,A933
sup,A615,A2360
sup,A615,A2518
sup,A615,A502
sup,A615,A1220
sup,A618,A2635
sup,A618,A685
sup,A619,A1423
sup,A619,A2091
sup,A619,A1751
sup,A619,A2061
sup,A619,A1636
sup,A619,A1543
sup,A619,A1601
sup,A619,A1557
sup,A619,A425
sup,A619,A104
sup,A619,A2003
sup,A619,A1384
sup,A619,A956
sup,A619,A437
sup,A619,A2431
sup,A619,A1252
sup,A619,A119
sup,A619,A2273
sup,A619,A2155
sup,A619,A1355
sup,A619,A47
sup,A619,A818
sup,A620,A997
sup,A620,A922
sup,A620,A158
sup,A620,A669
sup,A620,A41
sup,A620,A925
sup,A623,A126
sup,A623,A1467
sup,A626,A2345
sup,A626,A502
sup,A626,A288
sup,A626,A2072
sup,A626,A2246
sup,A626,A1639
sup,A626,A499
sup,A626,A1068
sup,A626,A1793
sup,A626,A1010
sup,A626,A950
sup,A626,A1368
sup,A626,A947
sup,A626,A2098
sup,A626,A1979
sup,A626,A496
sup,A626,A1466
sup,A626,A1444
sup,A626,A199
sup,A626,A2670
sup,A626,A850
sup,A626,A2102
sup,A626,A1588
sup,A626,A143
sup,A626,A880
sup,A626,A978
sup,A626,A377
sup,A626,A2403
sup,A626,A380
sup,A627,A1112
sup,A627,A1608
sup,A627,A1314
sup,A627,A2441
sup,A627,A2633
sup,A627,A333
sup,A627,A9
sup,A627,A1399
sup,A627,A2553
sup,A627,A813
sup,A627,A285
sup,A627,A1661
sup,A627,A136
sup,A627,A1521
sup,A627,A2002
sup,A627,A202
sup,A627,A1843
sup,A627,A341
sup,A627,A1293
sup,A627,A2309
sup,A627,A650
sup,A627,A2418
sup,A627,A2606
sup,A627,A1920
sup,A627,A1330
sup,A627,A119
sup,A631,A1347
sup,A631,A1398
sup,A631,A787
sup,A631,A1708
sup,A633,A1273
sup,A633,A1709
sup,A633,A1139
sup,A633,A1072
sup,A633,A2035
sup,A633,A277
sup,A633,A424
sup,A633,A1083
sup,A633,A1043
sup,A633,A694
sup,A633,A211
sup,A633,A912
sup,A633,A903
sup,A633,A2408
sup,A634,A679
sup,A634,A1275
sup,A634,A874
sup,A634,A1900
sup,A634,A1830
sup,A634,A1453
sup,A634,A1154
sup,A634,A1528
sup,A634,A275
sup,A634,A1376
sup,A634,A1571
sup,A634,A1344
sup,A634,A443
sup,A634,A1357
sup,A634,A386
sup,A634,A1990
sup,A634,A1692
sup,A634,A2436
sup,A634,A483
sup,A634,A2449
sup,A634,A1629
sup,A635,A1392
sup,A635,A570
sup,A635,A85
sup,A635,A155
sup,A635,A2400
sup,A635,A1893
sup,A635,A2418
sup,A635,A556
sup,A635,A2063
sup,A635,A1702
sup,A635,A138
sup,A635,A1249
sup,A635,A520
sup,A635,A825
sup,A635,A751
sup,A635,A1120
sup,A635,A1792
sup,A635,A123
sup,A635,A1206
sup,A635,A304
sup,A635,A1739
sup,A636,A158
sup,A636,A2380
sup,A636,A1462
sup,A636,A2051
sup,A636,A1807
sup,A636,A928
sup,A636,A2140
sup,A636,A2302
sup,A636,A1494
sup,A636,A513
sup,A636,A115
sup,A636,A1687
sup,A636,A682
sup,A636,A1983
sup,A636,A395
sup,A636,A463
sup,A636,A208
sup,A636,A1738
sup,A636,A2512
sup,A639,A132
sup,A639,A328
sup,A639,A784
sup,A639,A1026
sup,A639,A1594
sup,A639,A1517
sup,A639,A2387
sup,A641,A2274
sup,A641,A803
sup,A641,A2108
sup,A641,A1405
sup,A641,A1103
sup,A641,A1000
sup,A641,A308
sup,A641,A1825
sup,A641,A2241
sup,A641,A1797
sup,A641,A363
sup,A641,A2674
sup,A641,A2435
sup,A641,A2001
sup,A643,A514
sup,A643,A761
sup,A643,A1956
sup,A643,A1756
sup,A643,A1118
sup,A643,A1151
sup,A643,A1216
sup,A643,A1114
sup,A643,A836
sup,A644,A1226
sup,A644,A2642
sup,A644,A2614
sup,A644,A1492
sup,A644,A2181
sup,A644,A572
sup,A644,A699
sup,A646,A547
sup,A646,A21
sup,A646,A2214
sup,A646,A2390
sup,A646,A1989
sup,A646,A873
sup,A646,A152
sup,A646,A473
sup,A646,A1540
sup,A646,A79
sup,A646,A823
sup,A646,A1253
sup,A646,A1796
sup,A646,A1879
sup,A646,A844
sup,A646,A1088
sup,A646,A951
sup,A646,A997
sup,A647,A322
sup,A647,A2017
sup,A647,A175
sup,A647,A436
sup,A647,A867
sup,A647,A61
sup,A647,A2
sup,A647,A518
sup,A647,A989
sup,A647,A714
sup,A647,A1878
sup,A647,A106
sup,A647,A1138
sup,A647,A1544
sup,A647,A2688
sup,A647,A1633
sup,A647,A1536
sup,A647,A624
sup,A647,A1859
sup,A647,A604
sup,A647,A1182
sup,A648,A1932
sup,A648,A798
sup,A648,A1148
sup,A648,A41
sup,A648,A769
sup,A648,A2125
sup,A648,A1521
sup,A648,A2617
sup,A648,A221
sup,A648,A2425
sup,A648,A72
sup,A648,A2158
sup,A648,A920
sup,A648,A2064
sup,A648,A2233
sup,A648,A462
sup,A648,A1147
sup,A648,A2395
sup,A651,A2580
sup,A651,A2391
sup,A651,A1359
sup,A652,A32
sup,A652,A139
sup,A652,A607
sup,A652,A1815
sup,A652,A2137
sup,A652,A391
sup,A652,A1294
sup,A652,A974
sup,A652,A654
sup,A652,A2361
sup,A652,A1368
sup,A652,A7
sup,A652,A2410
sup,A652,A2527
sup,A652,A42
sup,A652,A1782
sup,A652,A283
sup,A652,A1648
sup,A652,A2600
sup,A652,A1811
sup,A652,A1838
sup,A653,A74
sup,A653,A1526
sup,A655,A247
sup,A655,A1476
sup,A655,A2402
sup,A655,A1238
sup,A655,A483
sup,A655,A2467
sup,A655,A1768
sup,A655,A1508
sup,A655,A320
sup,A655,A1470
sup,A656,A1093
sup,A656,A755
sup,A656,A1994
sup,A656,A2488
sup,A656,A1429
sup,A656,A2673
sup,A656,A2582
sup,A656,A1289
sup,A656,A960
sup,A656,A1173
sup,A656,A332
sup,A656,A1683
sup,A656,A896
sup,A656,A2669
sup,A656,A589
sup,A656,A2066
sup,A656,A2530
sup,A662,A2329
sup,A662,A438
sup,A662,A909
sup,A665,A1066
sup,A665,A293
sup,A665,A2435
sup,A665,A2280
sup,A665,A1536
sup,A665,A612
sup,A665,A1051
sup,A665,A1456
sup,A665,A1268
sup,A665,A1609
sup,A665,A2037
sup,A665,A2571
sup,A665,A1313
sup,A665,A1732
sup,A667,A1408
sup,A667,A1196
sup,A667,A2554
sup,A667,A2394
sup,A675,A368
sup,A675,A1584
sup,A675,A2061
sup,A675,A408
sup,A675,A496
sup,A675,A2615
sup,A675,A2658
sup,A675,A668
sup,A675,A90
sup,A675,A1904
sup,A675,A2252
sup,A675,A2010
sup,A675,A2627
sup,A675,A159
sup,A675,A2287
sup,A675,A2023
sup,A675,A993
sup,A675,A708
sup,A675,A1061
sup,A675,A1017
sup,A675,A715
sup,A675,A549
sup,A675,A784
sup,A675,A720
sup,A675,A582
sup,A675,A2196
sup,A675,A1582
sup,A678,A1225
sup,A678,A1866
sup,A678,A1337
sup,A678,A274
sup,A678,A1890
sup,A680,A2427
sup,A680,A1935
sup,A680,A1049
sup,A680,A1877
sup,A680,A1663
sup,A680,A2489
sup,A680,A1119
sup,A680,A2394
sup,A680,A808
sup,A680,A449
sup,A680,A436
sup,A680,A2059
sup,A680,A2248
sup,A680,A139
sup,A680,A159
sup,A680,A1637
sup,A680,A1766
sup,A680,A1329
sup,A680,A1701
sup,A680,A23
sup,A680,A577
sup,A680,A1455
sup,A680,A1349
sup,A681,A736
sup,A681,A1208
sup,A681,A2287
sup,A681,A2330
sup,A681,A1452
sup,A681,A1203
sup,A681,A1918
sup,A681,A310
sup,A681,A90
sup,A682,A649
sup,A682,A2386
sup,A683,A488
sup,A683,A745
sup,A683,A747
sup,A683,A1272
sup,A683,A225
sup,A683,A2588
sup,A683,A545
sup,A683,A1279
sup,A683,A727
sup,A683,A1389
sup,A683,A2669
sup,A683,A1705
sup,A683,A1264
sup,A683,A2061
sup,A683,A31
sup,A683,A870
sup,A683,A634
sup,A683,A390
sup,A683,A2515
sup,A683,A1795
sup,A683,A181
sup,A687,A2385
sup,A687,A1163
sup,A687,A2586
sup,A687,A1603
sup,A687,A2570
sup,A687,A718
sup,A687,A1875
sup,A687,A274
sup,A689,A1858
sup,A689,A1313
sup,A689,A1714
sup,A689,A1285
sup,A689,A812
sup,A689,A1989
sup,A689,A332
sup,A689,A1223
sup,A689,A2673
sup,A689,A1357
sup,A689,A1310
sup,A689,A1447
sup,A689,A2238
sup,A689,A1931
sup,A689,A2502
sup,A689,A1513
sup,A689,A2581
sup,A691,A796
sup,A691,A1471
sup,A691,A1144
sup,A691,A1006
sup,A691,A847
sup,A691,A1053
sup,A691,A492
sup,A691,A719
sup,A691,A2595
sup,A691,A472
sup,A691,A188
sup,A691,A1643
sup,A691,A1250
sup,A691,A54
sup,A691,A478
sup,A691,A2455
sup,A691,A72
sup,A691,A1746
sup,A691,A1122
sup,A691,A1321
sup,A691,A677
sup,A691,A1373
sup,A696,A1461
sup,A696,A2045
sup,A696,A1294
sup,A696,A180
sup,A696,A984
sup,A696,A2323
sup,A696,A1785
sup,A696,A2332
sup,A696,A920
sup,A696,A2007
sup,A696,A1262
sup,A696,A169
sup,A696,A1385
sup,A696,A2594
sup,A699,A1564
sup,A699,A2192
sup,A699,A139
sup,A699,A136
sup,A699,A2048
sup,A699,A1499
sup,A699,A2355
sup,A699,A565
sup,A700,A1025
sup,A700,A1432
sup,A700,A2557
sup,A700,A504
sup,A700,A1208
sup,A700,A784
sup,A700,A819
sup,A700,A1643
sup,A700,A396
sup,A700,A19
sup,A700,A539
sup,A700,A2369
sup,A700,A1047
sup,A700,A713
sup,A702,A1305
sup,A702,A2000
sup,A702,A1066
sup,A702,A2659
sup,A702,A2584
sup,A702,A2230
sup,A702,A1425
sup,A702,A1373
sup,A702,A1418
sup,A702,A823
sup,A702,A1545
sup,A702,A1033
sup,A702,A239
sup,A702,A1057
sup,A702,A1737
sup,A702,A1004
sup,A702,A2198
sup,A702,A1598
sup,A702,A802
sup,A702,A1133
sup,A703,A639
sup,A703,A1041
sup,A703,A2123
sup,A703,A2542
sup,A703,A439
sup,A703,A152
sup,A703,A2664
sup,A704,A2153
sup,A704,A1855
sup,A704,A489
sup,A704,A2191
sup,A704,A2303
sup,A704,A1714
sup,A704,A2322
sup,A704,A731
sup,A704,A23
sup,A704,A2130
sup,A704,A640
sup,A704,A2472
sup,A704,A317
sup,A704,A104
sup,A704,A1949
sup,A708,A1160
sup,A708,A241
sup,A708,A2220
sup,A708,A595
sup,A708,A2582
sup,A708,A1625
sup,A708,A185
sup,A708,A845
sup,A708,A1485
sup,A708,A1536
sup,A708,A792
sup,A708,A2374
sup,A708,A1077
sup,A708,A56
sup,A708,A1002
sup,A708,A1806
sup,A708,A386
sup,A708,A793
sup,A708,A1308
sup,A708,A885
sup,A708,A1238
sup,A708,A421
sup,A708,A935
sup,A708,A1971
sup,A708,A1290
sup,A708,A1830
sup,A712,A489
sup,A712,A642
sup,A712,A581
sup,A712,A1202
sup,A712,A537
sup,A712,A1628
sup,A712,A1839
sup,A712,A2565
sup,A712,A400
sup,A712,A727
sup,A712,A2449
sup,A712,A2032
sup,A712,A760
sup,A712,A2693
sup,A712,A2391
sup,A712,A474
sup,A712,A1216
sup,A712,A1251
sup,A712,A1756
sup,A712,A2155
sup,A712,A2690
sup,A712,A1187
sup,A713,A2132
sup,A713,A2287
sup,A713,A470
sup,A713,A1092
sup,A713,A68
sup,A713,A2346
sup,A713,A1351
sup,A713,A387
sup,A713,A1797
sup,A713,A478
sup,A713,A1184
sup,A713,A2623
sup,A713,A428
sup,A713,A2363
sup,A713,A1961
sup,A713,A1409
sup,A713,A780
sup,A713,A1197
sup,A713,A1804
sup,A713,A1493
sup,A713,A282
sup,A713,A43
sup,A715,A651
sup,A715,A259
sup,A715,A496
sup,A715,A2331
sup,A715,A1917
sup,A715,A1760
sup,A715,A1456
sup,A715,A280
sup,A715,A891
sup,A715,A2276
sup,A715,A172
sup,A715,A1832
sup,A715,A764
sup,A715,A158
sup,A715,A878
sup,A715,A1559
sup,A715,A2307
sup,A715,A371
sup,A715,A2670
sup,A715,A1277
sup,A715,A2612
sup,A715,A105
sup,A715,A2102
sup,A715,A1294
sup,A717,A1923
sup,A717,A1993
sup,A720,A1950
sup,A720,A1903
sup,A720,A1701
sup,A720,A2623
sup,A720,A348
sup,A720,A2071
sup,A720,A2330
sup,A720,A1606
sup,A720,A2005
sup,A720,A821
sup,A720,A1739
sup,A720,A2333
sup,A720,A1092
sup,A720,A193
sup,A720,A563
sup,A720,A287
sup,A720,A570
sup,A721,A1147
sup,A721,A1424
sup,A721,A1076
sup,A721,A162
sup,A721,A1790
sup,A721,A2682
sup,A721,A1573
sup,A721,A209
sup,A721,A44
sup,A721,A1948
sup,A721,A327
sup,A721,A1127
sup,A721,A2470
sup,A721,A1415
sup,A721,A949
sup,A724,A215
sup,A724,A2073
sup,A724,A202
sup,A724,A1181
sup,A724,A1563
sup,A729,A217
sup,A729,A64
sup,A729,A422
sup,A729,A451
sup,A731,A1022
sup,A731,A1530
sup,A731,A272
sup,A731,A157
sup,A731,A166
sup,A731,A710
sup,A731,A996
sup,A731,A719
sup,A731,A2502
sup,A731,A889
sup,A731,A2632
sup,A733,A748
sup,A733,A2354
sup,A733,A1911
sup,A733,A610
sup,A733,A128
sup,A733,A1164
sup,A733,A497
sup,A733,A678
sup,A733,A2659
sup,A733,A1579
sup,A733,A1727
sup,A733,A1899
sup,A733,A173
sup,A733,A1698
sup,A733,A527
sup,A733,A1178
sup,A733,A64
sup,A733,A1792
sup,A733,A440
sup,A733,A705
sup,A735,A2150
sup,A735,A1359
sup,A735,A85
sup,A735,A129
sup,A735,A2320
sup,A735,A1660
sup,A735,A890
sup,A735,A918
sup,A735,A941
sup,A735,A533
sup,A735,A761
sup,A735,A1206
sup,A735,A1225
sup,A735,A1657
sup,A735,A2245
sup,A740,A1726
sup,A740,A783
sup,A740,A593
sup,A740,A1869
sup,A740,A832
sup,A740,A280
sup,A740,A285
sup,A740,A2521
sup,A741,A2425
sup,A741,A2637
sup,A741,A52
sup,A741,A307
sup,A741,A607
sup,A741,A1442
sup,A741,A1443
sup,A741,A702
sup,A741,A142
sup,A741,A96
sup,A741,A1319
sup,A741,A2175
sup,A741,A646
sup,A741,A1233
sup,A741,A2436
sup,A741,A989
sup,A741,A748
sup,A741,A2609
sup,A741,A532
sup,A741,A468
sup,A741,A409
sup,A743,A1766
sup,A743,A660
sup,A743,A1866
sup,A743,A2040
sup,A743,A577
sup,A743,A1285
sup,A743,A90
sup,A743,A434
sup,A743,A2501
sup,A743,A1114
sup,A743,A1985
sup,A743,A2551
sup,A743,A1999
sup,A743,A326
sup,A743,A147
sup,A743,A439
sup,A743,A610
sup,A743,A2426
sup,A743,A1578
sup,A743,A2184
sup,A743,A113
sup,A743,A878
sup,A743,A440
sup,A743,A1106
sup,A745,A1173
sup,A745,A1806
sup,A745,A2336
sup,A745,A374
sup,A745,A231
sup,A745,A1718
sup,A745,A2669
sup,A745,A8
sup,A745,A818
sup,A745,A170
sup,A745,A2017
sup,A745,A687
sup,A745,A1914
sup,A745,A605
sup,A745,A1231
sup,A745,A1844
sup,A745,A270
sup,A745,A1919
sup,A745,A2301
sup,A745,A2687
sup,A745,A870
sup,A745,A1117
sup,A745,A1289
sup,A745,A1901
sup,A745,A2607
sup,A745,A1366
sup,A745,A939
sup,A745,A951
sup,A745,A2010
sup,A745,A2444
sup,A745,A2126
sup,A745,A2526
sup,A748,A32
sup,A748,A2192
sup,A748,A381
sup,A748,A455
sup,A748,A1406
sup,A748,A786
sup,A748,A511
sup,A749,A779
sup,A749,A2427
sup,A749,A2623
sup,A749,A157
sup,A749,A709
sup,A749,A813
sup,A749,A220
sup,A749,A852
sup,A749,A1034
sup,A749,A2172
sup,A749,A1000
sup,A749,A439
sup,A749,A2523
sup,A749,A1069
sup,A749,A379
sup,A750,A622
sup,A750,A100
sup,A750,A1401
sup,A750,A1856
sup,A750,A1246
sup,A750,A1507
sup,A750,A2302
sup,A750,A1471
sup,A750,A332
sup,A750,A846
sup,A751,A2506
sup,A751,A2405
sup,A751,A1731
sup,A751,A223
sup,A751,A2041
sup,A751,A855
sup,A751,A1651
sup,A751,A572
sup,A751,A28
sup,A751,A2637
sup,A751,A1412
sup,A752,A1267
sup,A752,A1592
sup,A752,A562
sup,A752,A2635
sup,A752,A334
sup,A752,A2460
sup,A752,A124
sup,A752,A541
sup,A752,A2169
sup,A752,A2133
sup,A752,A114
sup,A752,A696
sup,A752,A2427
sup,A752,A1956
sup,A752,A533
sup,A752,A2053
sup,A752,A2397
sup,A752,A799
sup,A752,A1952
sup,A752,A258
sup,A752,A1624
sup,A752,A405
sup,A752,A890
sup,A752,A137
sup,A752,A178
sup,A752,A697
sup,A752,A157
sup,A752,A1675
sup,A752,A190
sup,A752,A648
sup,A752,A921
sup,A756,A955
sup,A756,A1358
sup,A756,A1089
sup,A756,A2564
sup,A756,A1581
sup,A756,A1648
sup,A756,A1597
sup,A756,A6
sup,A756,A251
sup,A756,A137
sup,A756,A905
sup,A756,A768
sup,A756,A1964
sup,A757,A390
sup,A757,A685
sup,A757,A2011
sup,A757,A1540
sup,A757,A2646
sup,A757,A561
sup,A757,A393
sup,A758,A2557
sup,A758,A827
sup,A758,A494
sup,A758,A2667
sup,A758,A1906
sup,A758,A2643
sup,A758,A186
sup,A758,A1419
sup,A758,A337
sup,A758,A1637
sup,A758,A1830
sup,A758,A270
sup,A758,A1929
sup,A758,A1684
sup,A758,A366
sup,A758,A2334
sup,A758,A2019
sup,A758,A948
sup,A760,A2163
sup,A760,A897
sup,A760,A179
sup,A760,A2374
sup,A760,A1665
sup,A762,A2323
sup,A762,A1118
sup,A762,A2432
sup,A762,A466
sup,A762,A2069
sup,A762,A1922
sup,A762,A1430
sup,A762,A2468
sup,A762,A2688
sup,A762,A2197
sup,A762,A139
sup,A762,A2479
sup,A762,A1042
sup,A762,A2589
sup,A762,A2443
sup,A762,A2160
sup,A762,A651
sup,A762,A41
sup,A762,A2124
sup,A763,A1667
sup,A763,A1197
sup,A763,A1195
sup,A763,A363
sup,A763,A88
sup,A763,A1142
sup,A763,A605
sup,A763,A557
sup,A763,A2681
sup,A763,A1400
sup,A764,A2292
sup,A764,A1426
sup,A764,A2077
sup,A764,A1650
sup,A764,A1517
sup,A764,A1366
sup,A765,A2590
sup,A765,A101
sup,A765,A1487
sup,A765,A1108
sup,A766,A263
sup,A766,A672
sup,A766,A195
sup,A766,A382
sup,A766,A1858
sup,A766,A2685
sup,A766,A2284
sup,A766,A119
sup,A766,A2058
sup,A766,A2376
sup,A766,A2230
sup,A767,A2553
sup,A767,A108
sup,A768,A1676
sup,A768,A414
sup,A768,A2080
sup,A768,A1097
sup,A768,A747
sup,A768,A1044
sup,A768,A1242
sup,A768,A2237
sup,A769,A1629
sup,A769,A1782
sup,A769,A752
sup,A769,A2284
sup,A769,A163
sup,A769,A1142
sup,A769,A2646
sup,A769,A2097
sup,A770,A2637
sup,A770,A1167
sup,A770,A446
sup,A770,A1431
sup,A770,A681
sup,A770,A2035
sup,A771,A2688
sup,A771,A2600
sup,A771,A851
sup,A771,A118
sup,A771,A805
sup,A771,A1599
sup,A771,A2095
sup,A771,A2246
sup,A771,A2126
sup,A771,A1420
sup,A771,A753
sup,A771,A1579
sup,A771,A1831
sup,A771,A2556
sup,A771,A1971
sup,A771,A2562
sup,A771,A2009
sup,A771,A651
sup,A771,A2255
sup,A771,A1878
sup,A771,A939
sup,A777,A299
sup,A777,A1547
sup,A777,A862
sup,A777,A732
sup,A777,A1432
sup,A777,A1712
sup,A777,A1741
sup,A777,A2213
sup,A777,A1800
sup,A779,A130
sup,A779,A1652
sup,A779,A2016
sup,A779,A947
sup,A779,A2001
sup,A779,A1756
sup,A779,A1157
sup,A779,A2273
sup,A779,A1619
sup,A779,A488
sup,A779,A1789
sup,A779,A450
sup,A779,A2141
sup,A779,A2444
sup,A779,A486
sup,A779,A445
sup,A779,A1051
sup,A779,A683
sup,A779,A2665
sup,A779,A1366
sup,A779,A178
sup,A780,A1009
sup,A780,A2384
sup,A780,A1430
sup,A780,A1440
sup,A780,A1052
sup,A780,A2121
sup,A780,A609
sup,A780,A1030
sup,A780,A2611
sup,A781,A1746
sup,A781,A1289
sup,A781,A619
sup,A781,A19
sup,A781,A1130
sup,A781,A272
sup,A781,A2545
sup,A781,A871
sup,A781,A982
sup,A781,A895
sup,A781,A2387
sup,A783,A932
sup,A783,A1340
sup,A783,A386
sup,A783,A1055
sup,A783,A475
sup,A783,A573
sup,A783,A1613
sup,A783,A1776
sup,A783,A2389
sup,A783,A1133
sup,A785,A137
sup,A785,A2106
sup,A785,A649
sup,A785,A156
sup,A785,A884
sup,A785,A2564
sup,A785,A2448
sup,A785,A1829
sup,A785,A1484
sup,A785,A2068
sup,A785,A979
sup,A785,A2613
sup,A785,A81
sup,A785,A477
sup,A785,A63
sup,A785,A1886
sup,A785,A1233
sup,A785,A2061
sup,A794,A2428
sup,A796,A2265
sup,A796,A1254
sup,A796,A1056
sup,A796,A1622
sup,A796,A1934
sup,A796,A132
sup,A796,A2266
sup,A796,A2302
sup,A797,A2385
sup,A797,A2215
sup,A797,A1844
sup,A797,A2455
sup,A797,A1209
sup,A797,A817
sup,A797,A2282
sup,A797,A1797
sup,A797,A2120
sup,A797,A1884
sup,A798,A816
sup,A798,A945
sup,A798,A767
sup,A798,A2289
sup,A798,A1303
sup,A798,A993
sup,A798,A418
sup,A798,A2527
sup,A798,A1138
sup,A798,A105
sup,A798,A1969
sup,A798,A321
sup,A798,A1604
sup,A798,A341
sup,A798,A127
sup,A798,A1898
sup,A798,A560
sup,A798,A1657
sup,A798,A1946
sup,A798,A1979
sup,A798,A2542
sup,A803,A368
sup,A803,A2191
sup,A804,A1931
sup,A804,A904
sup,A804,A1658
sup,A804,A1398
sup,A805,A2571
sup,A805,A876
sup,A805,A34
sup,A805,A1722
sup,A805,A1917
sup,A805,A1047
sup,A806,A475
sup,A806,A1584
sup,A806,A601
sup,A806,A2561
sup,A810,A0
sup,A810,A2468
sup,A810,A1182
sup,A810,A480
sup,A810,A1074
sup,A810,A877
sup,A810,A855
sup,A810,A1263
sup,A810,A325
sup,A812,A376
sup,A812,A1548
sup,A812,A894
sup,A812,A63
sup,A812,A2662
sup,A812,A1009
sup,A812,A1136
sup,A812,A2635
sup,A812,A751
sup,A812,A681
sup,A812,A1260
sup,A816,A2692
sup,A816,A2536
sup,A816,A73
sup,A816,A1371
sup,A816,A144
sup,A816,A1953
sup,A816,A1958
sup,A816,A648
sup,A816,A909
sup,A816,A1262
sup,A817,A1899
sup,A817,A2472
sup,A817,A2216
sup,A818,A197
sup,A818,A2215
sup,A818,A736
sup,A818,A2379
sup,A818,A2686
sup,A818,A1574
sup,A818,A6
sup,A818,A2118
sup,A818,A2539
sup,A818,A1470
sup,A818,A139
sup,A818,A1968
sup,A818,A1718
sup,A818,A231
sup,A818,A438
sup,A818,A2681
sup,A818,A1157
sup,A818,A1915
sup,A818,A822
sup,A818,A521
sup,A818,A138
sup,A818,A60
sup,A818,A131
sup,A820,A753
sup,A820,A282
sup,A820,A1722
sup,A820,A951
sup,A820,A1399
sup,A820,A2063
sup,A820,A126
sup,A820,A1004
sup,A820,A1216
sup,A820,A1724
sup,A820,A1783
sup,A820,A1080
sup,A820,A2319
sup,A820,A385
sup,A820,A1223
sup,A820,A2403
sup,A820,A2412
sup,A820,A2092
sup,A820,A1760
sup,A820,A1684
sup,A820,A144
sup,A820,A948
sup,A820,A1934
sup,A820,A2461
sup,A823,A848
sup,A823,A1481
sup,A823,A1069
sup,A823,A527
sup,A823,A1189
sup,A823,A1732
sup,A823,A1873
sup,A823,A2073
sup,A823,A1324
sup,A823,A821
sup,A823,A2441
sup,A823,A2436
sup,A823,A1144
sup,A823,A1370
sup,A823,A1554
sup,A823,A1279
sup,A825,A2339
sup,A825,A1077
sup,A825,A71
sup,A825,A1524
sup,A825,A1863
sup,A825,A2368
sup,A825,A2619
sup,A825,A1092
sup,A825,A1916
sup,A826,A2050
sup,A826,A212
sup,A826,A1789
sup,A826,A2413
sup,A826,A1990
sup,A826,A887
sup,A826,A1119
sup,A826,A1138
sup,A826,A416
sup,A826,A736
sup,A826,A1994
sup,A826,A2249
sup,A826,A1530
sup,A826,A310
sup,A826,A1067
sup,A826,A247
sup,A826,A890
sup,A826,A501
sup,A826,A762
sup,A826,A1895
sup,A826,A931
sup,A826,A156
sup,A826,A98
sup,A838,A1731
sup,A838,A1807
sup,A838,A1080
sup,A838,A2046
sup,A838,A905
sup,A839,A1772
sup,A839,A1132
sup,A839,A1736
sup,A839,A273
sup,A839,A2545
sup,A839,A636
sup,A839,A1981
sup,A839,A2134
sup,A839,A1574
sup,A839,A1396
sup,A839,A985
sup,A839,A805
sup,A839,A1913
sup,A839,A2050
sup,A839,A1125
sup,A839,A819
sup,A839,A1118
sup,A839,A2025
sup,A841,A2050
sup,A841,A533
sup,A841,A1025
sup,A841,A1759
sup,A841,A1567
sup,A841,A1047
sup,A841,A1919
sup,A841,A1374
sup,A841,A606
sup,A841,A2547
sup,A841,A196
sup,A841,A1224
sup,A841,A572
sup,A841,A2107
sup,A841,A2492
sup,A841,A1512
sup,A841,A1117
sup,A841,A385
sup,A841,A2259
sup,A841,A494
sup,A841,A1393
sup,A841,A529
sup,A844,A1720
sup,A844,A260
sup,A844,A664
sup,A844,A1594
sup,A844,A1716
sup,A844,A2611
sup,A844,A206
sup,A844,A635
sup,A844,A200
sup,A844,A570
sup,A844,A57
sup,A844,A2172
sup,A844,A1565
sup,A844,A333
sup,A845,A616
sup,A845,A2681
sup,A845,A2627
sup,A845,A1064
sup,A845,A1392
sup,A845,A1816
sup,A845,A2116
sup,A845,A2440
sup,A845,A1367
sup,A845,A2238
sup,A845,A392
sup,A845,A1368
sup,A845,A1992
sup,A845,A1312
sup,A845,A642
sup,A845,A297
sup,A845,A1964
sup,A845,A2619
sup,A845,A2200
sup,A845,A924
sup,A845,A2107
sup,A845,A4
sup,A845,A1150
sup,A846,A1278
sup,A846,A2531
sup,A846,A625
sup,A846,A641
sup,A846,A338
sup,A846,A2628
sup,A846,A1039
sup,A846,A889
sup,A846,A2448
sup,A846,A234
sup,A846,A1240
sup,A846,A16
sup,A846,A235
sup,A846,A2231
sup,A846,A1094
sup,A846,A1791
sup,A846,A2074
sup,A849,A1555
sup,A849,A91
sup,A849,A189
sup,A849,A564
sup,A849,A951
sup,A849,A550
sup,A849,A471
sup,A849,A947
sup,A849,A2270
sup,A849,A2115
sup,A849,A1029
sup,A849,A513
sup,A849,A2635
sup,A849,A796
sup,A849,A60
sup,A849,A1490
sup,A849,A1257
sup,A849,A2432
sup,A849,A92
sup,A849,A1585
sup,A849,A134
sup,A849,A1159
sup,A849,A2637
sup,A849,A980
sup,A849,A1539
sup,A849,A1661
sup,A849,A1873
sup,A849,A178
sup,A851,A2482
sup,A851,A571
sup,A851,A629
sup,A851,A2660
sup,A851,A251
sup,A851,A384
sup,A851,A1821
sup,A851,A2329
sup,A851,A1442
sup,A851,A2208
sup,A851,A1219
sup,A851,A906
sup,A851,A810
sup,A851,A1720
sup,A851,A930
sup,A852,A1649
sup,A852,A2644
sup,A852,A1913
sup,A852,A2635
sup,A852,A513
sup,A852,A880
sup,A854,A297
sup,A854,A885
sup,A854,A2313
sup,A854,A1198
sup,A854,A2145
sup,A854,A1591
sup,A854,A2254
sup,A854,A2374
sup,A854,A1279
sup,A854,A1558
sup,A854,A646
sup,A854,A103
sup,A854,A738
sup,A854,A122
sup,A854,A952
sup,A858,A2574
sup,A858,A680
sup,A858,A1465
sup,A858,A2261
sup,A858,A450
sup,A858,A1726
sup,A858,A2080
sup,A858,A2605
sup,A858,A894
sup,A858,A567
sup,A858,A1014
sup,A858,A987
sup,A858,A909
sup,A858,A622
sup,A858,A2310
sup,A858,A577
sup,A858,A294
sup,A858,A1888
sup,A858,A1126
sup,A858,A677
sup,A858,A2138
sup,A858,A1831
sup,A858,A33
sup,A858,A1568
sup,A858,A990
sup,A858,A346
sup,A861,A494
sup,A861,A552
sup,A861,A630
sup,A861,A1437
sup,A861,A928
sup,A861,A688
sup,A861,A1534
sup,A861,A2523
sup,A861,A11
sup,A861,A85
sup,A861,A1168
sup,A861,A96
sup,A861,A1398
sup,A861,A1801
sup,A861,A1414
sup,A861,A1917
sup,A862,A1549
sup,A862,A640
sup,A862,A939
sup,A862,A1024
sup,A862,A187
sup,A862,A930
sup,A863,A1281
sup,A863,A379
sup,A863,A1788
sup,A863,A1813
sup,A863,A1857
sup,A863,A427
sup,A863,A489
sup,A863,A36
sup,A863,A2553
sup,A865,A1709
sup,A865,A834
sup,A865,A1995
sup,A865,A1769
sup,A865,A2666
sup,A865,A991
sup,A865,A279
sup,A865,A768
sup,A865,A170
sup,A865,A2109
sup,A865,A2102
sup,A865,A2064
sup,A865,A82
sup,A865,A186
sup,A865,A645
sup,A866,A1564
sup,A866,A1711
sup,A866,A159
sup,A866,A351
sup,A866,A330
sup,A866,A977
sup,A869,A1061
sup,A874,A1762
sup,A874,A122
sup,A874,A1770
sup,A874,A1119
sup,A874,A2414
sup,A874,A2181
sup,A874,A467
sup,A874,A2536
sup,A874,A1557
sup,A874,A1313
sup,A874,A1772
sup,A874,A2182
sup,A874,A586
sup,A874,A429
sup,A874,A2061
sup,A874,A1412
sup,A874,A2358
sup,A876,A2305
sup,A876,A1133
sup,A876,A2427
sup,A876,A1993
sup,A876,A2029
sup,A876,A1996
sup,A876,A241
sup,A877,A461
sup,A877,A1741
sup,A877,A443
sup,A877,A2474
sup,A877,A976
sup,A877,A972
sup,A877,A365
sup,A877,A1493
sup,A877,A2494
sup,A877,A102
sup,A877,A593
sup,A877,A926
sup,A877,A1005
sup,A877,A176
sup,A877,A86
sup,A877,A2324
sup,A877,A1565
sup,A877,A2127
sup,A877,A1889
sup,A877,A978
sup,A879,A2401
sup,A879,A570
sup,A879,A2653
sup,A879,A1089
sup,A879,A2455
sup,A879,A358
sup,A879,A1451
sup,A879,A677
sup,A879,A1802
sup,A879,A2119
sup,A879,A1774
sup,A879,A508
sup,A879,A445
sup,A879,A202
sup,A879,A1195
sup,A881,A913
sup,A881,A2017
sup,A881,A1239
sup,A881,A687
sup,A881,A792
sup,A881,A12
sup,A881,A103
sup,A881,A744
sup,A881,A2521
sup,A881,A577
sup,A881,A836
sup,A881,A1357
sup,A881,A2204
sup,A881,A1509
sup,A881,A1623
sup,A881,A66
sup,A881,A1496
sup,A881,A1906
sup,A881,A205
sup,A881,A235
sup,A881,A921
sup,A881,A1672
sup,A882,A247
sup,A882,A1668
sup,A882,A141
sup,A882,A1197
sup,A882,A938
sup,A882,A1312
sup,A882,A645
sup,A882,A36
sup,A882,A715
sup,A882,A2556
sup,A882,A1650
sup,A882,A712
sup,A882,A2673
sup,A882,A1460
sup,A882,A113
sup,A882,A1674
sup,A883,A106
sup,A883,A1902
sup,A883,A2137
sup,A883,A1746
sup,A883,A164
sup,A883,A152
sup,A884,A1699
sup,A884,A1804
sup,A884,A91
sup,A884,A862
sup,A884,A338
sup,A884,A2357
sup,A884,A1085
sup,A884,A779
sup,A884,A578
sup,A884,A469
sup,A884,A841
sup,A884,A1991
sup,A885,A1858
sup,A885,A1855
sup,A885,A848
sup,A885,A1434
sup,A885,A2054
sup,A885,A1712
sup,A885,A1408
sup,A888,A120
sup,A888,A2461
sup,A888,A1688
sup,A888,A2407
sup,A888,A1410
sup,A888,A296
sup,A888,A875
sup,A888,A1144
sup,A888,A373
sup,A888,A319
sup,A889,A2182
sup,A889,A1313
sup,A889,A1275
sup,A890,A229
sup,A890,A1135
sup,A890,A137
sup,A890,A2326
sup,A890,A1729
sup,A890,A2625
sup,A890,A1957
sup,A890,A660
sup,A890,A2236
sup,A890,A1445
sup,A890,A633
sup,A890,A1659
sup,A890,A1177
sup,A890,A2453
sup,A890,A1015
sup,A891,A2439
sup,A891,A2299
sup,A891,A338
sup,A891,A310
sup,A891,A1425
sup,A891,A2018
sup,A892,A279
sup,A892,A1746
sup,A892,A1726
sup,A892,A616
sup,A892,A2643
sup,A892,A2488
sup,A892,A722
sup,A892,A1781
sup,A892,A407
sup,A892,A71
sup,A892,A2086
sup,A892,A65
sup,A892,A1139
sup,A892,A1130
sup,A892,A1337
sup,A892,A741
sup,A892,A504
sup,A892,A1978
sup,A892,A1525
sup,A892,A770
sup,A892,A732
sup,A892,A325
sup,A892,A1944
sup,A892,A516
sup,A893,A1942
sup,A893,A370
sup,A893,A1914
sup,A893,A223
sup,A893,A1571
sup,A893,A1569
sup,A893,A2422
sup,A893,A486
sup,A893,A44
sup,A893,A1175
sup,A893,A1474
sup,A893,A1410
sup,A893,A2234
sup,A893,A1500
sup,A893,A2653
sup,A893,A2555
sup,A893,A2083
sup,A893,A1068
sup,A893,A176
sup,A893,A870
sup,A893,A1180
sup,A893,A105
sup,A894,A1788
sup,A894,A477
sup,A894,A1213
sup,A894,A1686
sup,A894,A441
sup,A894,A2302
sup,A894,A921
sup,A894,A195
sup,A894,A1745
sup,A894,A856
sup,A896,A1805
sup,A896,A1800
sup,A896,A354
sup,A896,A2260
sup,A896,A300
sup,A896,A1772
sup,A896,A473
sup,A896,A2696
sup,A896,A1694
sup,A896,A2222
sup,A896,A358
sup,A896,A1707
sup,A896,A2318
sup,A896,A160
sup,A896,A2520
sup,A896,A1774
sup,A896,A1060
sup,A896,A2235
sup,A896,A1818
sup,A896,A994
sup,A897,A78
sup,A897,A1727
sup,A897,A255
sup,A897,A1795
sup,A898,A1236
sup,A898,A1829
sup,A900,A1240
sup,A900,A2414
sup,A900,A1650
sup,A900,A267
sup,A902,A73
sup,A902,A2334
sup,A902,A1656
sup,A902,A2632
sup,A902,A1097
sup,A902,A1333
sup,A902,A1557
sup,A902,A1647
sup,A902,A2035
sup,A902,A316
sup,A902,A941
sup,A902,A1125
sup,A902,A2054
sup,A902,A552
sup,A902,A1433
sup,A902,A1846
sup,A902,A502
sup,A902,A356
sup,A902,A983
sup,A903,A1872
sup,A903,A1788
sup,A903,A1957
sup,A903,A1237
sup,A903,A1332
sup,A903,A449
sup,A903,A2572
sup,A903,A1954
sup,A903,A874
sup,A903,A1906
sup,A903,A1571
sup,A903,A1871
sup,A903,A1798
sup,A903,A1223
sup,A903,A1622
sup,A903,A312
sup,A903,A754
sup,A903,A2439
sup,A903,A2448
sup,A903,A1273
sup,A903,A1489
sup,A903,A1077
sup,A904,A1426
sup,A904,A2056
sup,A904,A267
sup,A904,A2555
sup,A904,A220
sup,A904,A705
sup,A904,A316
sup,A904,A2353
sup,A904,A719
sup,A904,A1944
sup,A904,A142
sup,A904,A2103
sup,A904,A1602
sup,A904,A493
sup,A904,A1784
sup,A904,A862
sup,A904,A1163
sup,A904,A269
sup,A904,A2194
sup,A904,A1002
sup,A904,A739
sup,A904,A1490
sup,A905,A1783
sup,A905,A2039
sup,A906,A1716
sup,A906,A921
sup,A906,A1258
sup,A906,A349
sup,A906,A1828
sup,A906,A1903
sup,A906,A2283
sup,A906,A847
sup,A906,A1028
sup,A906,A1318
sup,A906,A1946
sup,A906,A76
sup,A906,A2663
sup,A906,A2197
sup,A906,A522
sup,A906,A2458
sup,A906,A24
sup,A907,A1833
sup,A907,A971
sup,A907,A2099
sup,A907,A116
sup,A907,A457
sup,A907,A2438
sup,A907,A1242
sup,A907,A2495
sup,A908,A461
sup,A908,A766
sup,A908,A548
sup,A908,A2667
sup,A908,A1259
sup,A908,A464
sup,A910,A2107
sup,A910,A547
sup,A910,A405
sup,A910,A1138
sup,A910,A461
sup,A910,A493
sup,A910,A1675
sup,A910,A943
sup,A910,A650
sup,A910,A2203
sup,A910,A925
sup,A910,A409
sup,A910,A373
sup,A910,A2604
sup,A910,A559
sup,A910,A34
sup,A912,A2381
sup,A912,A2616
sup,A912,A1727
sup,A912,A1613
sup,A912,A998
sup,A912,A1237
sup,A912,A1395
sup,A912,A1085
sup,A912,A1028
sup,A912,A1667
sup,A912,A2219
sup,A912,A2389
sup,A913,A1951
sup,A913,A2392
sup,A913,A1932
sup,A913,A811
sup,A913,A2516
sup,A913,A2669
sup,A913,A2436
sup,A913,A2053
sup,A913,A1129
sup,A913,A1375
sup,A913,A794
sup,A915,A549
sup,A915,A1704
sup,A915,A2270
sup,A915,A1679
sup,A915,A1121
sup,A915,A774
sup,A915,A1375
sup,A915,A2311
sup,A915,A337
sup,A915,A700
sup,A915,A2650
sup,A915,A2417
sup,A915,A1764
sup,A915,A749
sup,A915,A2047
sup,A915,A1833
sup,A915,A1946
sup,A915,A808
sup,A915,A1948
sup,A915,A694
sup,A916,A556
sup,A916,A545
sup,A916,A1765
sup,A916,A2256
sup,A916,A2431
sup,A916,A998
sup,A916,A18
sup,A916,A2647
sup,A916,A706
sup,A916,A2448
sup,A916,A1301
sup,A916,A440
sup,A916,A1529
sup,A916,A1329
sup,A916,A463
sup,A916,A1991
sup,A917,A203
sup,A917,A925
sup,A917,A601
sup,A917,A844
sup,A917,A720
sup,A917,A2613
sup,A917,A716
sup,A917,A913
sup,A917,A2150
sup,A917,A1054
sup,A917,A1919
sup,A917,A41
sup,A917,A543
sup,A917,A1451
sup,A917,A938
sup,A919,A1179
sup,A919,A1369
sup,A919,A2340
sup,A919,A2325
sup,A919,A260
sup,A919,A193
sup,A919,A1560
sup,A919,A1772
sup,A919,A144
sup,A919,A2007
sup,A919,A653
sup,A919,A806
sup,A919,A593
sup,A919,A1683
sup,A919,A2173
sup,A919,A1829
sup,A919,A705
sup,A919,A877
sup,A919,A2172
sup,A920,A724
sup,A920,A1474
sup,A920,A2245
sup,A920,A485
sup,A920,A1700
sup,A920,A2116
sup,A920,A2251
sup,A920,A2093
sup,A920,A2691
sup,A920,A356
sup,A920,A1281
sup,A920,A1919
sup,A920,A491
sup,A920,A1068
sup,A921,A1539
sup,A921,A1830
sup,A921,A857
sup,A921,A79
sup,A921,A298
sup,A921,A91
sup,A921,A287
sup,A921,A1216
sup,A921,A1254
sup,A921,A2660
sup,A921,A1762
sup,A921,A2424
sup,A921,A1518
sup,A921,A2156
sup,A923,A1560
sup,A923,A2114
sup,A923,A2095
sup,A923,A179
sup,A923,A1202
sup,A923,A153
sup,A923,A1772
sup,A923,A2674
sup,A923,A2131
sup,A923,A497
sup,A927,A73
sup,A927,A700
sup,A927,A15
sup,A927,A2158
sup,A927,A2188
sup,A927,A841
sup,A927,A521
sup,A927,A2062
sup,A927,A145
sup,A927,A2460
sup,A927,A1607
sup,A927,A7
sup,A927,A910
sup,A927,A1968
sup,A927,A937
sup,A927,A122
sup,A927,A2190
sup,A927,A1079
sup,A927,A1111
sup,A927,A1624
sup,A927,A206
sup,A927,A1269
sup,A929,A911
sup,A929,A2684
sup,A929,A2420
sup,A929,A371
sup,A929,A1600
sup,A929,A2024
sup,A929,A1663
sup,A929,A1700
sup,A929,A1169
sup,A929,A1456
sup,A929,A1472
sup,A929,A678
sup,A929,A585
sup,A929,A1350
sup,A929,A2679
sup,A929,A634
sup,A929,A148
sup,A929,A1161
sup,A929,A36
sup,A929,A1001
sup,A929,A1717
sup,A929,A602
sup,A929,A629
sup,A934,A183
sup,A934,A1115
sup,A934,A2507
sup,A934,A342
sup,A934,A1038
sup,A934,A1024
sup,A934,A116
sup,A934,A880
sup,A934,A1678
sup,A934,A185
sup,A934,A1901
sup,A936,A769
sup,A936,A2207
sup,A936,A2181
sup,A936,A2387
sup,A936,A658
sup,A936,A694
sup,A936,A1509
sup,A936,A1222
sup,A936,A1483
sup,A936,A686
sup,A936,A162
sup,A938,A191
sup,A938,A232
sup,A938,A2586
sup,A938,A694
sup,A938,A1941
sup,A938,A2163
sup,A938,A2073
sup,A938,A1546
sup,A938,A1056
sup,A938,A2345
sup,A938,A2609
sup,A938,A1020
sup,A938,A1633
sup,A938,A480
sup,A938,A341
sup,A938,A1995
sup,A938,A964
sup,A938,A222
sup,A938,A1069
sup,A938,A401
sup,A938,A833
sup,A938,A1678
sup,A938,A1771
sup,A939,A677
sup,A939,A1443
sup,A939,A1190
sup,A939,A2033
sup,A939,A699
sup,A939,A1315
sup,A939,A1187
sup,A939,A1855
sup,A939,A98
sup,A939,A2206
sup,A939,A931
sup,A939,A1442
sup,A939,A518
sup,A939,A438
sup,A939,A2682
sup,A939,A2635
sup,A939,A1437
sup,A939,A2590
sup,A939,A1743
sup,A939,A996
sup,A939,A1948
sup,A939,A314
sup,A939,A2496
sup,A939,A815
sup,A940,A723
sup,A940,A644
sup,A940,A485
sup,A940,A2242
sup,A940,A2148
sup,A941,A2436
sup,A941,A2584
sup,A942,A1809
sup,A942,A1315
sup,A942,A1520
sup,A942,A1694
sup,A942,A786
sup,A942,A1577
sup,A942,A555
sup,A942,A1692
sup,A942,A1393
sup,A949,A1002
sup,A949,A2376
sup,A949,A1957
sup,A949,A1898
sup,A949,A1301
sup,A949,A432
sup,A949,A1167
sup,A949,A476
sup,A949,A1422
sup,A949,A2104
sup,A949,A2558
sup,A949,A1113
sup,A949,A1800
sup,A949,A544
sup,A949,A332
sup,A949,A1448
sup,A949,A128
sup,A949,A1505
sup,A949,A1201
sup,A949,A2167
sup,A951,A1551
sup,A951,A1844
sup,A951,A2672
sup,A951,A2224
sup,A951,A2579
sup,A951,A2544
sup,A951,A2440
sup,A951,A1492
sup,A951,A748
sup,A951,A261
sup,A951,A971
sup,A951,A1117
sup,A951,A537
sup,A951,A1344
sup,A951,A1028
sup,A951,A1189
sup,A951,A1563
sup,A951,A1412
sup,A951,A1026
sup,A951,A1501
sup,A952,A1372
sup,A952,A2325
sup,A952,A626
sup,A952,A630
sup,A952,A279
sup,A952,A1615
sup,A952,A1214
sup,A952,A2413
sup,A952,A2586
sup,A954,A120
sup,A954,A165
sup,A954,A2634
sup,A954,A600
sup,A954,A2434
sup,A954,A703
sup,A954,A1597
sup,A954,A2386
sup,A954,A675
sup,A954,A181
sup,A955,A2057
sup,A955,A548
sup,A955,A122
sup,A955,A2272
sup,A955,A1335
sup,A955,A1129
sup,A955,A2329
sup,A955,A1643
sup,A955,A2191
sup,A955,A1337
sup,A955,A1855
sup,A955,A117
sup,A955,A472
sup,A955,A1715
sup,A955,A426
sup,A955,A1525
sup,A955,A1686
sup,A959,A445
sup,A959,A1980
sup,A959,A1251
sup,A959,A1068
sup,A959,A1091
sup,A959,A2657
sup,A959,A1781
sup,A959,A24
sup,A959,A730
sup,A959,A342
sup,A959,A1126
sup,A959,A185
sup,A960,A1412
sup,A960,A286
sup,A960,A1195
sup,A960,A695
sup,A960,A2462
sup,A960,A2287
sup,A960,A2692
sup,A960,A1131
sup,A960,A2593
sup,A960,A554
sup,A960,A146
sup,A960,A623
sup,A960,A551
sup,A960,A2379
sup,A960,A1290
sup,A960,A465
sup,A960,A1694
sup,A960,A2027
sup,A960,A1648
sup,A961,A1925
sup,A961,A1333
sup,A961,A1211
sup,A961,A2016
sup,A961,A1620
sup,A961,A907
sup,A961,A2292
sup,A961,A1737
sup,A961,A1676
sup,A961,A1879
sup,A961,A335
sup,A961,A1753
sup,A961,A1284
sup,A966,A359
sup,A966,A1944
sup,A966,A1197
sup,A966,A1017
sup,A966,A398
sup,A966,A849
sup,A966,A554
sup,A966,A2426
sup,A966,A1283
sup,A966,A1211
sup,A966,A1423
sup,A966,A1737
sup,A966,A633
sup,A966,A313
sup,A966,A1274
sup,A966,A1507
sup,A966,A2083
sup,A966,A629
sup,A966,A345
sup,A966,A2463
sup,A966,A1968
sup,A966,A1938
sup,A969,A1391
sup,A969,A1547
sup,A969,A516
sup,A969,A2127
sup,A969,A1935
sup,A969,A1744
sup,A969,A153
sup,A969,A1581
sup,A971,A932
sup,A974,A2129
sup,A974,A274
sup,A974,A1673
sup,A974,A1027
sup,A974,A1651
sup,A974,A1813
sup,A974,A2697
sup,A974,A53
sup,A974,A179
sup,A974,A1526
sup,A974,A1146
sup,A974,A1411
sup,A974,A1936
sup,A974,A1780
sup,A974,A695
sup,A974,A487
sup,A974,A152
sup,A974,A275
sup,A974,A1105
sup,A974,A1042
sup,A974,A1974
sup,A974,A1369
sup,A974,A2446
sup,A974,A99
sup,A974,A1846
sup,A974,A174
sup,A974,A387
sup,A980,A2572
sup,A980,A994
sup,A980,A1753
sup,A980,A2612
sup,A980,A439
sup,A980,A1964
sup,A980,A660
sup,A980,A2024
sup,A980,A2237
sup,A980,A663
sup,A980,A786
sup,A980,A367
sup,A981,A1924
sup,A981,A1945
sup,A981,A5
sup,A981,A945
sup,A981,A491
sup,A981,A900
sup,A981,A429
sup,A981,A2660
sup,A981,A1988
sup,A981,A1491
sup,A981,A1096
sup,A981,A1251
sup,A981,A997
sup,A981,A2343
sup,A981,A2252
sup,A981,A477
sup,A983,A1195
sup,A983,A278
sup,A983,A1197
sup,A983,A407
sup,A983,A2266
sup,A983,A1833
sup,A983,A1029
sup,A986,A447
sup,A986,A2516
sup,A986,A2561
sup,A986,A1774
sup,A986,A1816
sup,A986,A861
sup,A986,A1364
sup,A986,A2425
sup,A986,A2113
sup,A986,A217
sup,A986,A311
sup,A986,A1886
sup,A986,A670
sup,A986,A2663
sup,A987,A1771
sup,A987,A302
sup,A987,A2150
sup,A987,A2388
sup,A987,A356
sup,A987,A1310
sup,A987,A380
sup,A987,A355
sup,A987,A2546
sup,A987,A1869
sup,A987,A2126
sup,A987,A1951
sup,A987,A1809
sup,A987,A1158
sup,A987,A2341
sup,A987,A1131
sup,A987,A2192
sup,A987,A818
sup,A987,A207
sup,A987,A208
sup,A987,A2391
sup,A987,A735
sup,A987,A587
sup,A987,A1856
sup,A987,A1999
sup,A987,A1646
sup,A987,A2169
sup,A987,A160
sup,A987,A1745
sup,A989,A702
sup,A989,A516
sup,A989,A1187
sup,A989,A1641
sup,A989,A987
sup,A989,A773
sup,A989,A1571
sup,A989,A586
sup,A989,A843
sup,A989,A2029
sup,A989,A1978
sup,A989,A1434
sup,A990,A2424
sup,A990,A2408
sup,A990,A662
sup,A990,A2687
sup,A990,A917
sup,A990,A1505
sup,A990,A2410
sup,A990,A2328
sup,A990,A1949
sup,A990,A1471
sup,A990,A2305
sup,A990,A1190
sup,A990,A2602
sup,A990,A2299
sup,A990,A647
sup,A990,A210
sup,A990,A928
sup,A990,A1252
sup,A990,A1669
sup,A991,A1813
sup,A991,A1174
sup,A991,A2462
sup,A991,A276
sup,A991,A2218
sup,A991,A1223
sup,A991,A666
sup,A991,A896
sup,A991,A1219
sup,A991,A1516
sup,A991,A1066
sup,A992,A1232
sup,A992,A688
sup,A992,A1074
sup,A992,A1036
sup,A993,A1660
sup,A993,A385
sup,A993,A1354
sup,A993,A1550
sup,A993,A23
sup,A995,A2277
sup,A995,A1910
sup,A995,A9
sup,A995,A825
sup,A995,A1569
sup,A995,A1724
sup,A995,A1864
sup,A995,A2145
sup,A995,A2622
sup,A998,A1502
sup,A998,A1557
sup,A998,A830
sup,A998,A743
sup,A998,A1222
sup,A998,A1530
sup,A998,A848
sup,A998,A1511
sup,A998,A1659
sup,A998,A539
sup,A998,A1625
sup,A999,A1292
sup,A999,A1817
sup,A999,A2148
sup,A999,A1428
sup,A999,A90
sup,A999,A141
sup,A999,A793
sup,A999,A308
sup,A999,A1305
sup,A999,A1607
sup,A999,A1166
sup,A999,A1390
sup,A999,A2106
sup,A1001,A237
sup,A1001,A1925
sup,A1001,A795
sup,A1001,A234
sup,A1001,A147
sup,A1001,A4
sup,A1001,A776
sup,A1001,A487
sup,A1001,A1738
sup,A1001,A1419
sup,A1001,A2229
sup,A1001,A175
sup,A1001,A1259
sup,A1001,A2053
sup,A1001,A2542
sup,A1001,A2673
sup,A1001,A1928
sup,A1001,A105
sup,A1002,A1028
sup,A1002,A1448
sup,A1002,A157
sup,A1002,A1324
sup,A1002,A2632
sup,A1002,A2696
sup,A1002,A1539
sup,A1002,A410
sup,A1002,A543
sup,A1002,A1798
sup,A1002,A2518
sup,A1002,A497
sup,A1002,A1761
sup,A1002,A402
sup,A1002,A1327
sup,A1002,A2333
sup,A1002,A180
sup,A1002,A416
sup,A1002,A526
sup,A1002,A893
sup,A1002,A1706
sup,A1002,A1196
sup,A1002,A841
sup,A1002,A1879
sup,A1002,A941
sup,A1003,A1372
sup,A1003,A891
sup,A1003,A1054
sup,A1003,A2534
sup,A1003,A2333
sup,A1003,A2093
sup,A1003,A226
sup,A1003,A1755
sup,A1003,A1345
sup,A1003,A1651
sup,A1003,A999
sup,A1003,A713
sup,A1003,A2496
sup,A1003,A1805
sup,A1003,A1147
sup,A1003,A2358
sup,A1007,A274
sup,A1007,A2222
sup,A1007,A748
sup,A1007,A414
sup,A1007,A335
sup,A1007,A947
sup,A1007,A365
sup,A1007,A440
sup,A1007,A308
sup,A1007,A2033
sup,A1007,A1201
sup,A1007,A2176
sup,A1007,A753
sup,A1007,A255
sup,A1008,A1328
sup,A1008,A301
sup,A1008,A139
sup,A1008,A864
sup,A1008,A1034
sup,A1008,A1008
sup,A1008,A1835
sup,A1008,A261
sup,A1008,A1806
sup,A1008,A832
sup,A1009,A2463
sup,A1009,A1427
sup,A1009,A2020
sup,A1009,A2603
sup,A1009,A861
sup,A1009,A1929
sup,A1009,A2548
sup,A1009,A2336
sup,A1012,A1892
sup,A1012,A1484
sup,A1012,A771
sup,A1012,A2356
sup,A1012,A1257
sup,A1012,A2277
sup,A1012,A1204
sup,A1012,A2627
sup,A1012,A1889
sup,A1012,A1078
sup,A1012,A2616
sup,A1012,A166
sup,A1012,A893
sup,A1012,A2507
sup,A1012,A897
sup,A1012,A2319
sup,A1014,A2062
sup,A1014,A582
sup,A1014,A1540
sup,A1014,A1632
sup,A1014,A2198
sup,A1014,A1743
sup,A1014,A2229
sup,A1014,A2615
sup,A1019,A1158
sup,A1019,A926
sup,A1019,A118
sup,A1019,A845
sup,A1019,A2193
sup,A1019,A1863
sup,A1019,A2243
sup,A1019,A2484
sup,A1019,A2344
sup,A1019,A2149
sup,A1019,A1156
sup,A1019,A2255
sup,A1019,A2677
sup,A1019,A2534
sup,A1019,A583
sup,A1019,A1752
sup,A1019,A1120
sup,A1024,A1838
sup,A1024,A1537
sup,A1024,A1117
sup,A1025,A2623
sup,A1025,A2521
sup,A1025,A1713
sup,A1025,A1879
sup,A1025,A246
sup,A1025,A180
sup,A1025,A986
sup,A1025,A1234
sup,A1025,A1509
sup,A1025,A147
sup,A1025,A2448
sup,A1025,A285
sup,A1025,A868
sup,A1025,A307
sup,A1025,A1375
sup,A1025,A2144
sup,A1025,A1167
sup,A1025,A568
sup,A1025,A2129
sup,A1025,A440
sup,A1025,A2534
sup,A1025,A1550
sup,A1025,A2417
sup,A1025,A1870
sup,A1025,A796
sup,A1025,A1927
sup,A1025,A207
sup,A1025,A814
sup,A1025,A2580
sup,A1025,A84
sup,A1025,A2354
sup,A1027,A437
sup,A1030,A2376
sup,A1030,A1318
sup,A1030,A109
sup,A1030,A189
sup,A1030,A2153
sup,A1030,A955
sup,A1030,A2170
sup,A1030,A73
sup,A1033,A134
sup,A1033,A670
sup,A1033,A1479
sup,A1033,A2528
sup,A1033,A1414
sup,A1033,A288
sup,A1033,A569
sup,A1033,A226
sup,A1033,A2267
sup,A1033,A260
sup,A1033,A2064
sup,A1034,A647
sup,A1034,A1905
sup,A1034,A697
sup,A1034,A1195
sup,A1034,A1289
sup,A1034,A92
sup,A1034,A679
sup,A1034,A874
sup,A1034,A31
sup,A1034,A2134
sup,A1034,A1882
sup,A1034,A987
sup,A1034,A1689
sup,A1034,A179
sup,A1034,A1353
sup,A1034,A2621
sup,A1034,A1860
sup,A1034,A1464
sup,A1034,A1071
sup,A1034,A2151
sup,A1036,A926
sup,A1036,A1134
sup,A1036,A187
sup,A1037,A1194
sup,A1037,A1922
sup,A1037,A1205
sup,A1037,A2688
sup,A1037,A688
sup,A1037,A374
sup,A1037,A1462
sup,A1037,A513
sup,A1037,A633
sup,A1037,A1178
sup,A1037,A1541
sup,A1037,A2254
sup,A1037,A2131
sup,A1037,A1245
sup,A1037,A748
sup,A1037,A2217
sup,A1037,A1440
sup,A1037,A368
sup,A1040,A1712
sup,A1041,A1396
sup,A1041,A1700
sup,A1041,A8
sup,A1041,A216
sup,A1041,A1031
sup,A1041,A479
sup,A1041,A1732
sup,A1041,A2661
sup,A1041,A1366
sup,A1041,A2674
sup,A1041,A1487
sup,A1041,A1882
sup,A1041,A1515
sup,A1041,A2346
sup,A1041,A94
sup,A1041,A1051
sup,A1041,A1977
sup,A1041,A516
sup,A1041,A2260
sup,A1041,A2390
sup,A1041,A1145
sup,A1041,A1729
sup,A1041,A1680
sup,A1041,A61
sup,A1044,A1934
sup,A1044,A1586
sup,A1044,A770
sup,A1044,A875
sup,A1044,A1181
sup,A1046,A1291
sup,A1046,A1879
sup,A1046,A926
sup,A1046,A1977
sup,A1051,A977
sup,A1051,A478
sup,A1051,A1677
sup,A1051,A759
sup,A1051,A2648
sup,A1051,A897
sup,A1051,A2489
sup,A1051,A2647
sup,A1051,A300
sup,A1054,A2358
sup,A1054,A1846
sup,A1054,A911
sup,A1054,A2219
sup,A1055,A2561
sup,A1055,A1350
sup,A1055,A350
sup,A1055,A1582
sup,A1055,A979
sup,A1055,A1087
sup,A1055,A2556
sup,A1055,A329
sup,A1055,A1413
sup,A1055,A174
sup,A1055,A126
sup,A1055,A1429
sup,A1056,A1810
sup,A1056,A150
sup,A1056,A964
sup,A1056,A1907
sup,A1056,A1673
sup,A1056,A2462
sup,A1056,A13
sup,A1056,A497
sup,A1058,A801
sup,A1058,A411
sup,A1058,A1103
sup,A1058,A1000
sup,A1058,A671
sup,A1058,A19
sup,A1058,A1972
sup,A1058,A2673
sup,A1058,A481
sup,A1058,A1917
sup,A1058,A291
sup,A1058,A2674
sup,A1058,A1729
sup,A1058,A1791
sup,A1058,A1347
sup,A1059,A2333
sup,A1059,A2008
sup,A1059,A1716
sup,A1059,A1035
sup,A1059,A381
sup,A1059,A231
sup,A1059,A1889
sup,A1059,A118
sup,A1059,A241
sup,A1059,A731
sup,A1062,A865
sup,A1062,A470
sup,A1062,A1463
sup,A1066,A2494
sup,A1066,A1975
sup,A1066,A141
sup,A1067,A549
sup,A1067,A2537
sup,A1067,A1539
sup,A1067,A300
sup,A1067,A2597
sup,A1067,A733
sup,A1067,A687
sup,A1067,A478
sup,A1067,A532
sup,A1067,A856
sup,A1067,A857
sup,A1067,A1630
sup,A1076,A1323
sup,A1076,A521
sup,A1076,A2297
sup,A1076,A806
sup,A1076,A890
sup,A1076,A340
sup,A1076,A21
sup,A1076,A473
sup,A1077,A1313
sup,A1077,A1534
sup,A1077,A2426
sup,A1077,A506
sup,A1077,A2599
sup,A1077,A2216
sup,A1077,A1102
sup,A1077,A2272
sup,A1077,A2503
sup,A1077,A605
sup,A1077,A176
sup,A1077,A538
sup,A1077,A1886
sup,A1077,A1667
sup,A1078,A1587
sup,A1078,A1508
sup,A1078,A1427
sup,A1078,A1709
sup,A1078,A213
sup,A1078,A1399
sup,A1078,A1105
sup,A1078,A1845
sup,A1078,A1411
sup,A1078,A333
sup,A1078,A2560
sup,A1078,A2641
sup,A1078,A1080
sup,A1078,A921
sup,A1078,A1645
sup,A1081,A1207
sup,A1081,A1060
sup,A1081,A282
sup,A1081,A2300
sup,A1081,A160
sup,A1081,A169
sup,A1081,A1501
sup,A1081,A2323
sup,A1081,A1966
sup,A1081,A1975
sup,A1081,A943
sup,A1081,A706
sup,A1081,A780
sup,A1081,A643
sup,A1083,A854
sup,A1083,A2294
sup,A1083,A846
sup,A1083,A930
sup,A1083,A1998
sup,A1083,A452
sup,A1085,A2524
sup,A1085,A2517
sup,A1085,A2113
sup,A1085,A931
sup,A1085,A1915
sup,A1085,A1674
sup,A1085,A2319
sup,A1085,A623
sup,A1085,A1200
sup,A1085,A1171
sup,A1085,A891
sup,A1085,A2563
sup,A1087,A2038
sup,A1087,A325
sup,A1087,A2417
sup,A1091,A2057
sup,A1091,A2032
sup,A1091,A1211
sup,A1091,A1440
sup,A1091,A499
sup,A1091,A794
sup,A1091,A1773
sup,A1091,A2257
sup,A1091,A1497
sup,A1091,A2332
sup,A1091,A122
sup,A1092,A321
sup,A1092,A408
sup,A1092,A300
sup,A1092,A2674
sup,A1092,A1938
sup,A1092,A1820
sup,A1094,A2167
sup,A1094,A1167
sup,A1098,A615
sup,A1098,A887
sup,A1098,A1710
sup,A1098,A2615
sup,A1098,A1711
sup,A1098,A700
sup,A1098,A1144
sup,A1098,A618
sup,A1098,A1011
sup,A1098,A2626
sup,A1098,A1880
sup,A1098,A1801
sup,A1098,A1984
sup,A1098,A299
sup,A1098,A1651
sup,A1098,A1980
sup,A1098,A2174
sup,A1098,A2414
sup,A1098,A1385
sup,A1098,A214
sup,A1098,A2442
sup,A1098,A1047
sup,A1098,A379
sup,A1098,A208
sup,A1098,A2543
sup,A1098,A2445
sup,A1098,A2194
sup,A1098,A946
sup,A1098,A298
sup,A1099,A1116
sup,A1099,A1834
sup,A1099,A175
sup,A1099,A2534
sup,A1099,A1898
sup,A1099,A880
sup,A1099,A914
sup,A1099,A2221
sup,A1099,A48
sup,A1099,A1583
sup,A1099,A1061
sup,A1099,A1766
sup,A1099,A331
sup,A1099,A167
sup,A1099,A890
sup,A1099,A2487
sup,A1099,A548
sup,A1099,A2496
sup,A1099,A2395
sup,A1099,A1581
sup,A1099,A329
sup,A1099,A1571
sup,A1099,A910
sup,A1099,A1792
sup,A1099,A2141
sup,A1100,A55
sup,A1100,A1684
sup,A1100,A1691
sup,A1100,A1673
sup,A1100,A2299
sup,A1100,A768
sup,A1100,A160
sup,A1100,A879
sup,A1100,A2141
sup,A1100,A1833
sup,A1100,A1974
sup,A1101,A797
sup,A1101,A1081
sup,A1101,A2552
sup,A1101,A1662
sup,A1101,A2512
sup,A1101,A2052
sup,A1101,A1554
sup,A1101,A75
sup,A1101,A1391
sup,A1101,A2576
sup,A1101,A1549
sup,A1101,A1354
sup,A1101,A524
sup,A1101,A2525
sup,A1101,A2373
sup,A1101,A97
sup,A1101,A1026
sup,A1101,A2438
sup,A1101,A1913
sup,A1101,A1778
sup,A1101,A829
sup,A1101,A1689
sup,A1101,A1897
sup,A1101,A2491
sup,A1101,A1633
sup,A1101,A2257
sup,A1101,A53
sup,A1103,A2147
sup,A1103,A2578
sup,A1103,A1343
sup,A1103,A1585
sup,A1103,A643
sup,A1103,A2081
sup,A1103,A609
sup,A1103,A1128
sup,A1103,A1190
sup,A1103,A1942
sup,A1103,A2683
sup,A1103,A2412
sup,A1103,A220
sup,A1103,A1835
sup,A1104,A1348
sup,A1104,A1424
sup,A1104,A1279
sup,A1104,A1942
sup,A1104,A1559
sup,A1104,A957
sup,A1104,A1657
sup,A1104,A200
sup,A1104,A1381
sup,A1104,A209
sup,A1104,A2161
sup,A1104,A1503
sup,A1104,A1535
sup,A1104,A1831
sup,A1104,A2599
sup,A1104,A2365
sup,A1104,A2648
sup,A1104,A2331
sup,A1104,A365
sup,A1104,A2455
sup,A1104,A9
sup,A1104,A1493
sup,A1109,A1362
sup,A1109,A916
sup,A1109,A1450
sup,A1109,A1570
sup,A1109,A273
sup,A1109,A639
sup,A1109,A873
sup,A1109,A640
sup,A1109,A1594
sup,A1109,A117
sup,A1109,A26
sup,A1109,A1997
sup,A1109,A2547
sup,A1109,A1
sup,A1109,A1770
sup,A1109,A895
sup,A1109,A1058
sup,A1109,A852
sup,A1109,A797
sup,A1109,A135
sup,A1109,A1762
sup,A1109,A482
sup,A1109,A1981
sup,A1109,A1195
sup,A1109,A1564
sup,A1109,A1049
sup,A1111,A264
sup,A1111,A1085
sup,A1111,A813
sup,A1111,A2283
sup,A1111,A2564
sup,A1111,A839
sup,A1111,A1714
sup,A1111,A276
sup,A1111,A248
sup,A1113,A163
sup,A1113,A2243
sup,A1113,A2539
sup,A1113,A1223
sup,A1113,A2530
sup,A1113,A2646
sup,A1113,A2323
sup,A1113,A76
sup,A1113,A2255
sup,A1113,A2350
sup,A1113,A2518
sup,A1113,A839
sup,A1113,A844
sup,A1113,A2521
sup,A1113,A2615
sup,A1113,A931
sup,A1113,A8
sup,A1113,A993
sup,A1113,A257
sup,A1113,A438
sup,A1116,A1695
sup,A1116,A1102
sup,A1116,A91
sup,A1116,A2244
sup,A1116,A468
sup,A1116,A1223
sup,A1116,A331
sup,A1117,A2580
sup,A1117,A1433
sup,A1117,A520
sup,A1117,A27
sup,A1117,A262
sup,A1117,A1379
sup,A1117,A151
sup,A1117,A275
sup,A1117,A202
sup,A1117,A1048
sup,A1117,A1371
sup,A1118,A2537
sup,A1118,A513
sup,A1118,A2531
sup,A1121,A2222
sup,A1121,A1517
sup,A1121,A2341
sup,A1121,A672
sup,A1121,A1172
sup,A1121,A2474
sup,A1121,A1657
sup,A1121,A2556
sup,A1121,A752
sup,A1121,A663
sup,A1121,A1160
sup,A1121,A2542
sup,A1121,A726
sup,A1121,A680
sup,A1121,A1754
sup,A1121,A1635
sup,A1121,A996
sup,A1121,A2198
sup,A1121,A2311
sup,A1123,A770
sup,A1123,A107
sup,A1125,A1831
sup,A1125,A2528
sup,A1125,A2155
sup,A1125,A599
sup,A1125,A781
sup,A1125,A1100
sup,A1125,A2374
sup,A1125,A2330
sup,A1132,A889
sup,A1132,A420
sup,A1132,A1993
sup,A1132,A1122
sup,A1132,A784
sup,A1132,A818
sup,A1132,A441
sup,A1132,A557
sup,A1132,A813
sup,A1132,A866
sup,A1132,A488
sup,A1132,A1074
sup,A1132,A591
sup,A1132,A399
sup,A1132,A2153
sup,A1132,A66
sup,A1132,A1846
sup,A1134,A2113
sup,A1134,A1689
sup,A1134,A1668
sup,A1134,A61
sup,A1134,A1412
sup,A1134,A42
sup,A1134,A1090
sup,A1134,A277
sup,A1134,A12
sup,A1134,A1116
sup,A1134,A2258
sup,A1135,A1778
sup,A1135,A515
sup,A1135,A749
sup,A1135,A2657
sup,A1135,A2255
sup,A1135,A2588
sup,A1135,A1024
sup,A1135,A372
sup,A1135,A1678
sup,A1135,A160
sup,A1135,A432
sup,A1135,A1812
sup,A1135,A764
sup,A1135,A17
sup,A1135,A1832
sup,A1135,A2295
sup,A1135,A14
sup,A1135,A215
sup,A1137,A1340
sup,A1137,A928
sup,A1137,A2135
sup,A1137,A203
sup,A1137,A1993
sup,A1137,A561
sup,A1138,A58
sup,A1138,A2034
sup,A1138,A2448
sup,A1138,A2288
sup,A1138,A2083
sup,A1138,A224
sup,A1138,A1015
sup,A1138,A1196
sup,A1138,A631
sup,A1138,A234
sup,A1138,A203
sup,A1138,A1197
sup,A1138,A177
sup,A1138,A1920
sup,A1138,A2534
sup,A1138,A779
sup,A1138,A2263
sup,A1138,A761
sup,A1144,A716
sup,A1144,A2514
sup,A1144,A128
sup,A1144,A253
sup,A1144,A807
sup,A1144,A1520
sup,A1144,A2372
sup,A1144,A2434
sup,A1144,A565
sup,A1145,A1116
sup,A1145,A2686
sup,A1145,A1653
sup,A1145,A2666
sup,A1145,A1828
sup,A1145,A795
sup,A1145,A1830
sup,A1145,A630
sup,A1145,A1439
sup,A1145,A764
sup,A1145,A1730
sup,A1145,A2305
sup,A1145,A1440
sup,A1145,A852
sup,A1145,A444
sup,A1145,A1406
sup,A1145,A2443
sup,A1146,A317
sup,A1146,A2696
sup,A1146,A1807
sup,A1146,A1042
sup,A1146,A421
sup,A1146,A2437
sup,A1146,A1942
sup,A1146,A2174
sup,A1146,A1107
sup,A1146,A2692
sup,A1146,A460
sup,A1146,A857
sup,A1149,A688
sup,A1149,A2518
sup,A1149,A2514
sup,A1149,A35
sup,A1149,A214
sup,A1149,A2661
sup,A1149,A2293
sup,A1149,A2076
sup,A1149,A1513
sup,A1149,A2588
sup,A1149,A2092
sup,A1149,A2157
sup,A1149,A2047
sup,A1149,A2511
sup,A1149,A1137
sup,A1149,A146
sup,A1149,A534
sup,A1149,A853
sup,A1149,A1576
sup,A1151,A2274
sup,A1151,A2203
sup,A1151,A1720
sup,A1151,A2019
sup,A1151,A1171
sup,A1151,A1409
sup,A1153,A521
sup,A1153,A2478
sup,A1153,A757
sup,A1153,A622
sup,A1153,A499
sup,A1153,A193
sup,A1153,A1553
sup,A1153,A918
sup,A1153,A1156
sup,A1153,A2009
sup,A1153,A676
sup,A1153,A2525
sup,A1153,A1148
sup,A1153,A516
sup,A1153,A42
sup,A1153,A1960
sup,A1153,A1080
sup,A1153,A2677
sup,A1153,A628
sup,A1153,A1989
sup,A1153,A1778
sup,A1155,A830
sup,A1155,A1589
sup,A1155,A827
sup,A1155,A1704
sup,A1155,A890
sup,A1155,A2261
sup,A1155,A91
sup,A1155,A811
sup,A1155,A185
sup,A1155,A2332
sup,A1155,A952
sup,A1155,A2340
sup,A1155,A2384
sup,A1155,A1778
sup,A1166,A2181
sup,A1166,A1175
sup,A1166,A1316
sup,A1166,A1566
sup,A1168,A1015
sup,A1168,A451
sup,A1168,A637
sup,A1168,A1117
sup,A1168,A1872
sup,A1168,A400
sup,A1168,A2623
sup,A1168,A1865
sup,A1168,A2660
sup,A1168,A1693
sup,A1168,A1342
sup,A1168,A42
sup,A1168,A382
sup,A1168,A403
sup,A1169,A1635
sup,A1169,A1389
sup,A1169,A271
sup,A1169,A820
sup,A1169,A2024
sup,A1169,A1264
sup,A1169,A1961
sup,A1169,A2352
sup,A1169,A1437
sup,A1169,A1263
sup,A1169,A2167
sup,A1169,A1361
sup,A1169,A1083
sup,A1169,A902
sup,A1169,A782
sup,A1169,A952
sup,A1169,A134
sup,A1169,A205
sup,A1169,A982
sup,A1170,A2100
sup,A1170,A519
sup,A1170,A502
sup,A1170,A426
sup,A1170,A1283
sup,A1170,A2454
sup,A1170,A1474
sup,A1170,A244
sup,A1170,A1526
sup,A1170,A798
sup,A1170,A2393
sup,A1172,A305
sup,A1172,A2400
sup,A1172,A277
sup,A1172,A70
sup,A1172,A2457
sup,A1172,A1199
sup,A1172,A777
sup,A1172,A1023
sup,A1172,A2168
sup,A1172,A2514
sup,A1174,A365
sup,A1174,A1536
sup,A1174,A138
sup,A1174,A1716
sup,A1174,A1253
sup,A1174,A578
sup,A1174,A2672
sup,A1174,A2509
sup,A1174,A331
sup,A1174,A1308
sup,A1176,A148
sup,A1176,A1250
sup,A1176,A141
sup,A1176,A94
sup,A1176,A1844
sup,A1176,A287
sup,A1176,A2424
sup,A1176,A811
sup,A1176,A468
sup,A1176,A270
sup,A1176,A2586
sup,A1178,A1903
sup,A1178,A856
sup,A1178,A655
sup,A1178,A2468
sup,A1183,A1028
sup,A1183,A2569
sup,A1183,A2124
sup,A1183,A243
sup,A1183,A2282
sup,A1183,A2072
sup,A1183,A2469
sup,A1183,A1170
sup,A1183,A327
sup,A1183,A2509
sup,A1183,A418
sup,A1183,A1627
sup,A1183,A2544
sup,A1183,A1435
sup,A1183,A92
sup,A1183,A1197
sup,A1183,A1936
sup,A1183,A314
sup,A1183,A1848
sup,A1183,A1414
sup,A1183,A1292
sup,A1184,A2136
sup,A1184,A1570
sup,A1184,A2656
sup,A1184,A56
sup,A1184,A2148
sup,A1184,A2565
sup,A1184,A1979
sup,A1186,A2544
sup,A1186,A1140
sup,A1186,A702
sup,A1186,A2200
sup,A1186,A1241
sup,A1186,A1401
sup,A1186,A799
sup,A1186,A867
sup,A1186,A1849
sup,A1186,A1211
sup,A1186,A2174
sup,A1186,A2399
sup,A1186,A1086
sup,A1186,A179
sup,A1186,A2012
sup,A1186,A1439
sup,A1186,A401
sup,A1186,A2217
sup,A1186,A669
sup,A1186,A873
sup,A1186,A2023
sup,A1187,A196
sup,A1187,A2466
sup,A1187,A252
sup,A1187,A1648
sup,A1187,A237
sup,A1187,A950
sup,A1187,A549
sup,A1187,A1145
sup,A1187,A1279
sup,A1188,A836
sup,A1189,A2299
sup,A1189,A747
sup,A1189,A2100
sup,A1189,A1843
sup,A1189,A973
sup,A1189,A125
sup,A1189,A1163
sup,A1189,A18
sup,A1189,A756
sup,A1189,A1264
sup,A1189,A1230
sup,A1189,A996
sup,A1189,A954
sup,A1189,A1590
sup,A1189,A600
sup,A1189,A2290
sup,A1189,A1991
sup,A1189,A1340
sup,A1189,A1045
sup,A1189,A1531
sup,A1191,A343
sup,A1191,A1564
sup,A1191,A2185
sup,A1191,A1134
sup,A1191,A903
sup,A1191,A2371
sup,A1191,A2468
sup,A1192,A1503
sup,A1192,A2013
sup,A1192,A2694
sup,A1192,A1289
sup,A1192,A1003
sup,A1192,A607
sup,A1193,A2362
sup,A1193,A2578
sup,A1193,A1744
sup,A1193,A1943
sup,A1193,A2035
sup,A1193,A512
sup,A1193,A2616
sup,A1193,A1142
sup,A1193,A2652
sup,A1193,A544
sup,A1193,A1926
sup,A1193,A1500
sup,A1193,A6
sup,A1193,A2254
sup,A1193,A198
sup,A1193,A2603
sup,A1193,A1032
sup,A1193,A262
sup,A1193,A1148
sup,A1193,A1291
sup,A1193,A1025
sup,A1193,A398
sup,A1193,A396
sup,A1194,A966
sup,A1194,A73
sup,A1194,A1711
sup,A1194,A1779
sup,A1194,A921
sup,A1194,A1216
sup,A1194,A439
sup,A1194,A2344
sup,A1194,A2083
sup,A1194,A1237
sup,A1194,A1281
sup,A1194,A2650
sup,A1194,A501
sup,A1194,A351
sup,A1194,A1100
sup,A1194,A1322
sup,A1194,A451
sup,A1194,A2001
sup,A1194,A1401
sup,A1194,A2230
sup,A1194,A1007
sup,A1194,A1096
sup,A1194,A1172
sup,A1194,A1542
sup,A1194,A2059
sup,A1196,A1404
sup,A1196,A1139
sup,A1196,A2117
sup,A1196,A442
sup,A1196,A436
sup,A1196,A894
sup,A1196,A798
sup,A1196,A769
sup,A1196,A725
sup,A1196,A2692
sup,A1196,A577
sup,A1198,A2141
sup,A1198,A193
sup,A1198,A1132
sup,A1198,A1053
sup,A1198,A2308
sup,A1198,A2053
sup,A1198,A1891
sup,A1198,A1624
sup,A1198,A2133
sup,A1199,A1061
sup,A1199,A91
sup,A1199,A1731
sup,A1199,A1858
sup,A1199,A1071
sup,A1199,A1278
sup,A1199,A650
sup,A1199,A937
sup,A1199,A348
sup,A1201,A2107
sup,A1204,A257
sup,A1204,A1340
sup,A1204,A1775
sup,A1204,A389
sup,A1204,A1432
sup,A1204,A1943
sup,A1204,A1277
sup,A1204,A568
sup,A1204,A588
sup,A1204,A1202
sup,A1204,A2583
sup,A1204,A534
sup,A1207,A130
sup,A1207,A2559
sup,A1207,A2162
sup,A1207,A2353
sup,A1207,A45
sup,A1207,A1782
sup,A1207,A808
sup,A1207,A1684
sup,A1207,A407
sup,A1207,A1385
sup,A1207,A1701
sup,A1207,A2139
sup,A1207,A1447
sup,A1207,A1581
sup,A1207,A2241
sup,A1207,A1633
sup,A1207,A827
sup,A1207,A752
sup,A1207,A432
sup,A1207,A241
sup,A1208,A292
sup,A1208,A2079
sup,A1208,A1523
sup,A1208,A1314
sup,A1208,A2057
sup,A1208,A2469
sup,A1208,A1311
sup,A1208,A2481
sup,A1208,A734
sup,A1209,A2034
sup,A1209,A1429
sup,A1209,A2080
sup,A1209,A1647
sup,A1209,A1858
sup,A1209,A113
sup,A1209,A1882
sup,A1209,A1733
sup,A1209,A603
sup,A1209,A308
sup,A1209,A2233
sup,A1209,A1071
sup,A1209,A1271
sup,A1209,A866
sup,A1209,A1605
sup,A1209,A1955
sup,A1210,A1483
sup,A1210,A739
sup,A1210,A1538
sup,A1210,A1384
sup,A1212,A1244
sup,A1212,A681
sup,A1212,A323
sup,A1212,A946
sup,A1212,A1954
sup,A1212,A874
sup,A1212,A1717
sup,A1212,A942
sup,A1214,A2493
sup,A1214,A281
sup,A1214,A1121
sup,A1214,A1108
sup,A1214,A957
sup,A1214,A1631
sup,A1214,A597
sup,A1214,A2671
sup,A1214,A1588
sup,A1214,A1882
sup,A1214,A121
sup,A1214,A730
sup,A1214,A2645
sup,A1214,A899
sup,A1214,A381
sup,A1214,A199
sup,A1214,A621
sup,A1214,A1152
sup,A1214,A945
sup,A1215,A1360
sup,A1216,A653
sup,A1216,A2401
sup,A1216,A1483
sup,A1216,A953
sup,A1216,A631
sup,A1218,A2670
sup,A1218,A1893
sup,A1218,A2575
sup,A1218,A2610
sup,A1218,A2390
sup,A1219,A1291
sup,A1219,A2187
sup,A1219,A1064
sup,A1220,A2592
sup,A1220,A1199
sup,A1220,A2047
sup,A1220,A1575
sup,A1220,A1441
sup,A1220,A2590
sup,A1220,A1624
sup,A1220,A1351
sup,A1220,A2608
sup,A1220,A2005
sup,A1220,A2678
sup,A1220,A645
sup,A1220,A2689
sup,A1220,A1823
sup,A1220,A1782
sup,A1220,A1607
sup,A1220,A1974
sup,A1220,A2109
sup,A1220,A2220
sup,A1220,A1722
sup,A1220,A2343
sup,A1223,A864
sup,A1223,A2029
sup,A1223,A1423
sup,A1223,A333
sup,A1223,A415
sup,A1223,A2394
sup,A1223,A1209
sup,A1223,A501
sup,A1223,A1223
sup,A1223,A1834
sup,A1223,A224
sup,A1223,A1760
sup,A1223,A452
sup,A1224,A852
sup,A1224,A2171
sup,A1224,A13
sup,A1224,A2173
sup,A1224,A457
sup,A1225,A1892
sup,A1225,A1592
sup,A1225,A414
sup,A1225,A1674
sup,A1225,A1089
sup,A1225,A832
sup,A1225,A2468
sup,A1225,A1071
sup,A1227,A1033
sup,A1227,A332
sup,A1227,A1294
sup,A1227,A304
sup,A1227,A612
sup,A1227,A2379
sup,A1227,A1306
sup,A1227,A1696
sup,A1227,A2620
sup,A1227,A115
sup,A1227,A1428
sup,A1228,A1929
sup,A1228,A2669
sup,A1228,A2082
sup,A1228,A2210
sup,A1228,A2618
sup,A1228,A1622
sup,A1228,A220
sup,A1228,A110
sup,A1228,A397
sup,A1228,A478
sup,A1228,A427
sup,A1228,A89
sup,A1228,A115
sup,A1228,A1798
sup,A1228,A1725
sup,A1228,A2083
sup,A1228,A1939
sup,A1228,A1701
sup,A1228,A2326
sup,A1228,A1743
sup,A1228,A425
sup,A1228,A2351
sup,A1228,A761
sup,A1228,A631
sup,A1231,A798
sup,A1231,A2298
sup,A1231,A172
sup,A1231,A595
sup,A1231,A591
sup,A1231,A1153
sup,A1231,A1726
sup,A1231,A766
sup,A1231,A2568
sup,A1231,A2590
sup,A1231,A1687
sup,A1231,A1253
sup,A1231,A1021
sup,A1231,A1662
sup,A1231,A2215
sup,A1231,A1630
sup,A1231,A869
sup,A1231,A1921
sup,A1231,A2273
sup,A1232,A464
sup,A1232,A2012
sup,A1232,A187
sup,A1232,A883
sup,A1232,A2233
sup,A1232,A2510
sup,A1232,A2589
sup,A1234,A2208
sup,A1234,A2692
sup,A1234,A622
sup,A1234,A146
sup,A1234,A429
sup,A1234,A50
sup,A1234,A784
sup,A1234,A443
sup,A1234,A2472
sup,A1236,A1494
sup,A1236,A1721
sup,A1236,A83
sup,A1236,A367
sup,A1236,A248
sup,A1236,A1476
sup,A1236,A2677
sup,A1236,A1226
sup,A1236,A2146
sup,A1236,A596
sup,A1236,A1446
sup,A1236,A1801
sup,A1236,A967
sup,A1236,A2453
sup,A1236,A63
sup,A1236,A1474
sup,A1236,A1795
sup,A1236,A2665
sup,A1238,A890
sup,A1238,A1397
sup,A1238,A926
sup,A1238,A606
sup,A1238,A1350
sup,A1238,A210
sup,A1238,A580
sup,A1238,A1983
sup,A1238,A2278
sup,A1238,A565
sup,A1238,A637
sup,A1238,A1991
sup,A1238,A1527
sup,A1238,A663
sup,A1238,A1171
sup,A1238,A932
sup,A1238,A1757
sup,A1238,A2270
sup,A1238,A575
sup,A1239,A2429
sup,A1239,A411
sup,A1239,A1650
sup,A1239,A731
sup,A1239,A1621
sup,A1239,A979
sup,A1239,A506
sup,A1239,A2065
sup,A1239,A1736
sup,A1239,A1953
sup,A1239,A1908
sup,A1239,A1133
sup,A1239,A2059
sup,A1239,A2018
sup,A1239,A1430
sup,A1239,A332
sup,A1239,A232
sup,A1239,A2337
sup,A1239,A1716
sup,A1239,A83
sup,A1239,A1349
sup,A1239,A801
sup,A1239,A1857
sup,A1239,A1488
sup,A1239,A1061
sup,A1240,A323
sup,A1240,A403
sup,A1240,A1873
sup,A1240,A2654
sup,A1240,A1272
sup,A1240,A1304
sup,A1240,A198
sup,A1240,A171
sup,A1240,A750
sup,A1240,A802
sup,A1240,A1921
sup,A1240,A2511
sup,A1240,A561
sup,A1240,A1207
sup,A1240,A1458
sup,A1240,A463
sup,A1240,A222
sup,A1240,A1594
sup,A1240,A101
sup,A1240,A300
sup,A1240,A1961
sup,A1240,A2300
sup,A1240,A1600
sup,A1240,A2480
sup,A1243,A2084
sup,A1243,A2221
sup,A1243,A59
sup,A1243,A2584
sup,A1243,A1404
sup,A1243,A1241
sup,A1243,A1878
sup,A1243,A838
sup,A1243,A1125
sup,A1243,A1130
sup,A1243,A1804
sup,A1243,A803
sup,A1243,A139
sup,A1243,A751
sup,A1243,A1827
sup,A1243,A395
sup,A1244,A734
sup,A1244,A2635
sup,A1244,A981
sup,A1244,A2407
sup,A1244,A786
sup,A1244,A2443
sup,A1244,A876
sup,A1244,A2663
sup,A1244,A1967
sup,A1244,A1714
sup,A1244,A128
sup,A1244,A297
sup,A1244,A1021
sup,A1244,A1617
sup,A1244,A1571
sup,A1244,A1224
sup,A1244,A667
sup,A1244,A2145
sup,A1244,A1205
sup,A1244,A165
sup,A1244,A2400
sup,A1248,A1778
sup,A1248,A276
sup,A1248,A1691
sup,A1248,A311
sup,A1248,A187
sup,A1248,A661
sup,A1248,A2162
sup,A1248,A534
sup,A1248,A51
sup,A1248,A1637
sup,A1248,A1000
sup,A1248,A1446
sup,A1248,A2456
sup,A1248,A1845
sup,A1248,A212
sup,A1248,A98
sup,A1248,A1311
sup,A1248,A736
sup,A1248,A2059
sup,A1248,A1850
sup,A1248,A854
sup,A1248,A1838
sup,A1248,A1775
sup,A1248,A1397
sup,A1252,A2322
sup,A1252,A2546
sup,A1252,A599
sup,A1252,A401
sup,A1252,A1484
sup,A1252,A421
sup,A1252,A94
sup,A1252,A120
sup,A1252,A512
sup,A1252,A1354
sup,A1252,A1207
sup,A1252,A2335
sup,A1252,A1771
sup,A1254,A1080
sup,A1254,A2010
sup,A1258,A2089
sup,A1258,A52
sup,A1258,A1879
sup,A1258,A169
sup,A1258,A1332
sup,A1258,A569
sup,A1258,A1126
sup,A1258,A1307
sup,A1258,A929
sup,A1258,A1666
sup,A1258,A947
sup,A1258,A1850
sup,A1258,A865
sup,A1258,A1786
sup,A1258,A103
sup,A1258,A1109
sup,A1258,A872
sup,A1258,A205
sup,A1258,A2325
sup,A1261,A886
sup,A1261,A321
sup,A1261,A1877
sup,A1262,A1884
sup,A1262,A2098
sup,A1262,A1777
sup,A1262,A1182
sup,A1262,A2279
sup,A1262,A2217
sup,A1262,A1772
sup,A1262,A1244
sup,A1262,A2617
sup,A1262,A264
sup,A1262,A2350
sup,A1262,A2563
sup,A1262,A1295
sup,A1262,A1140
sup,A1262,A464
sup,A1262,A1666
sup,A1262,A1045
sup,A1262,A661
sup,A1262,A2038
sup,A1262,A1362
sup,A1262,A1647
sup,A1262,A355
sup,A1262,A2663
sup,A1262,A2370
sup,A1262,A548
sup,A1264,A123
sup,A1264,A1280
sup,A1264,A1193
sup,A1264,A434
sup,A1265,A638
sup,A1265,A593
sup,A1265,A2140
sup,A1265,A272
sup,A1265,A2406
sup,A1265,A1196
sup,A1265,A2364
sup,A1265,A1025
sup,A1265,A2683
sup,A1265,A818
sup,A1265,A2130
sup,A1265,A240
sup,A1265,A575
sup,A1265,A431
sup,A1265,A178
sup,A1265,A934
sup,A1265,A2021
sup,A1265,A1143
sup,A1265,A85
sup,A1265,A341
sup,A1268,A55
sup,A1268,A2038
sup,A1268,A1871
sup,A1268,A1921
sup,A1268,A642
sup,A1268,A1958
sup,A1268,A511
sup,A1268,A2509
sup,A1268,A935
sup,A1268,A820
sup,A1268,A203
sup,A1268,A2053
sup,A1268,A725
sup,A1268,A2545
sup,A1268,A2082
sup,A1269,A2153
sup,A1269,A2492
sup,A1269,A2286
sup,A1269,A529
sup,A1269,A2520
sup,A1269,A2575
sup,A1269,A2278
sup,A1269,A862
sup,A1269,A1454
sup,A1269,A1035
sup,A1269,A1278
sup,A1269,A1871
sup,A1269,A2274
sup,A1269,A1431
sup,A1269,A1960
sup,A1269,A2394
sup,A1269,A1565
sup,A1269,A1276
sup,A1269,A1876
sup,A1269,A345
sup,A1269,A2671
sup,A1269,A1330
sup,A1269,A578
sup,A1269,A801
sup,A1269,A2434
sup,A1271,A1412
sup,A1271,A1413
sup,A1271,A1166
sup,A1271,A503
sup,A1271,A2300
sup,A1271,A1092
sup,A1271,A415
sup,A1271,A830
sup,A1271,A1632
sup,A1271,A2070
sup,A1271,A295
sup,A1272,A789
sup,A1272,A1871
sup,A1272,A61
sup,A1272,A8
sup,A1272,A1406
sup,A1272,A1130
sup,A1272,A706
sup,A1272,A1997
sup,A1272,A2318
sup,A1272,A886
sup,A1272,A2331
sup,A1272,A1722
sup,A1272,A595
sup,A1272,A644
sup,A1272,A870
sup,A1273,A1748
sup,A1273,A1290
sup,A1273,A1422
sup,A1273,A1782
sup,A1273,A1234
sup,A1274,A200
sup,A1274,A451
sup,A1274,A840
sup,A1274,A1084
sup,A1274,A133
sup,A1274,A241
sup,A1274,A2489
sup,A1274,A2206
sup,A1274,A2325
sup,A1277,A2078
sup,A1277,A15
sup,A1277,A1297
sup,A1277,A1106
sup,A1277,A2086
sup,A1277,A598
sup,A1277,A1901
sup,A1277,A1442
sup,A1277,A2523
sup,A1277,A1121
sup,A1277,A1079
sup,A1277,A1033
sup,A1277,A1658
sup,A1277,A2210
sup,A1277,A2099
sup,A1277,A2256
sup,A1277,A442
sup,A1277,A1670
sup,A1280,A1879
sup,A1280,A1022
sup,A1280,A433
sup,A1280,A497
sup,A1280,A1371
sup,A1280,A1208
sup,A1280,A1018
sup,A1280,A2255
sup,A1280,A1802
sup,A1280,A1559
sup,A1280,A1547
sup,A1280,A1911
sup,A1280,A19
sup,A1280,A2094
sup,A1280,A1900
sup,A1280,A1276
sup,A1280,A2611
sup,A1280,A2172
sup,A1280,A1612
sup,A1280,A1317
sup,A1282,A794
sup,A1282,A204
sup,A1282,A2314
sup,A1282,A740
sup,A1282,A1492
sup,A1282,A656
sup,A1282,A1666
sup,A1282,A1046
sup,A1282,A2448
sup,A1282,A214
sup,A1282,A1453
sup,A1282,A2661
sup,A1282,A2520
sup,A1282,A141
sup,A1282,A2313
sup,A1282,A751
sup,A1282,A2667
sup,A1282,A313
sup,A1282,A2654
sup,A1282,A2128
sup,A1282,A1423
sup,A1282,A1890
sup,A1282,A547
sup,A1282,A1307
sup,A1282,A300
sup,A1282,A2241
sup,A1284,A165
sup,A1284,A1737
sup,A1284,A735
sup,A1284,A1541
sup,A1284,A317
sup,A1284,A1903
sup,A1284,A91
sup,A1284,A1695
sup,A1284,A575
sup,A1284,A1904
sup,A1284,A1493
sup,A1284,A268
sup,A1284,A1781
sup,A1284,A1080
sup,A1284,A2404
sup,A1284,A1240
sup,A1284,A2355
sup,A1284,A985
sup,A1284,A18
sup,A1284,A372
sup,A1284,A1531
sup,A1286,A1518
sup,A1287,A1009
sup,A1287,A2049
sup,A1287,A698
sup,A1287,A2306
sup,A1292,A2184
sup,A1292,A632
sup,A1292,A2687
sup,A1292,A392
sup,A1292,A1698
sup,A1292,A1641
sup,A1292,A478
sup,A1292,A51
sup,A1292,A2282
sup,A1292,A1778
sup,A1292,A516
sup,A1292,A2314
sup,A1292,A1899
sup,A1292,A704
sup,A1294,A1726
sup,A1294,A1036
sup,A1294,A407
sup,A1294,A1101
sup,A1294,A2096
sup,A1294,A2209
sup,A1294,A1848
sup,A1294,A87
sup,A1294,A769
sup,A1294,A1929
sup,A1294,A901
sup,A1294,A1376
sup,A1295,A2482
sup,A1295,A79
sup,A1296,A2468
sup,A1296,A1727
sup,A1296,A902
sup,A1296,A1477
sup,A1296,A1500
sup,A1296,A835
sup,A1296,A1526
sup,A1296,A862
sup,A1297,A1490
sup,A1297,A1305
sup,A1297,A301
sup,A1297,A766
sup,A1297,A737
sup,A1298,A2092
sup,A1298,A360
sup,A1298,A766
sup,A1298,A307
sup,A1298,A1467
sup,A1298,A1852
sup,A1298,A995
sup,A1298,A1882
sup,A1298,A638
sup,A1298,A167
sup,A1298,A1383
sup,A1298,A1098
sup,A1300,A746
sup,A1300,A474
sup,A1300,A1205
sup,A1300,A2413
sup,A1300,A1169
sup,A1300,A688
sup,A1300,A133
sup,A1300,A1442
sup,A1300,A480
sup,A1300,A372
sup,A1300,A1009
sup,A1301,A208
sup,A1301,A10
sup,A1301,A3
sup,A1301,A685
sup,A1301,A920
sup,A1301,A1291
sup,A1301,A2505
sup,A1301,A882
sup,A1301,A548
sup,A1301,A1042
sup,A1304,A1114
sup,A1304,A2599
sup,A1304,A359
sup,A1304,A103
sup,A1304,A1979
sup,A1304,A1795
sup,A1307,A2208
sup,A1307,A2413
sup,A1307,A1035
sup,A1307,A2650
sup,A1307,A913
sup,A1307,A2079
sup,A1307,A1121
sup,A1307,A822
sup,A1307,A1419
sup,A1307,A1297
sup,A1307,A26
sup,A1307,A2592
sup,A1307,A2089
sup,A1307,A2359
sup,A1307,A2412
sup,A1307,A1352
sup,A1307,A1991
sup,A1307,A231
sup,A1307,A114
sup,A1307,A443
sup,A1307,A1516
sup,A1310,A580
sup,A1310,A491
sup,A1310,A1842
sup,A1310,A1866
sup,A1310,A393
sup,A1310,A1075
sup,A1310,A1739
sup,A1310,A1414
sup,A1310,A334
sup,A1310,A2291
sup,A1310,A1828
sup,A1310,A853
sup,A1311,A844
sup,A1311,A1330
sup,A1311,A1226
sup,A1311,A158
sup,A1311,A1488
sup,A1311,A1343
sup,A1311,A96
sup,A1311,A1437
sup,A1311,A416
sup,A1311,A1385
sup,A1311,A2116
sup,A1311,A1716
sup,A1311,A2260
sup,A1311,A1442
sup,A1311,A1945
sup,A1311,A2510
sup,A1311,A2156
sup,A1311,A2355
sup,A1313,A1708
sup,A1313,A2147
sup,A1313,A2298
sup,A1313,A2272
sup,A1313,A443
sup,A1313,A1222
sup,A1313,A917
sup,A1313,A931
sup,A1313,A1483
sup,A1313,A384
sup,A1313,A2080
sup,A1313,A2019
sup,A1313,A1806
sup,A1313,A85
sup,A1313,A711
sup,A1313,A153
sup,A1313,A2400
sup,A1313,A621
sup,A1313,A2587
sup,A1313,A1699
sup,A1314,A2266
sup,A1314,A171
sup,A1314,A81
sup,A1314,A1427
sup,A1314,A1587
sup,A1314,A1153
sup,A1314,A136
sup,A1314,A944
sup,A1314,A1533
sup,A1314,A2682
sup,A1314,A2168
sup,A1314,A885
sup,A1316,A1760
sup,A1316,A588
sup,A1316,A1701
sup,A1316,A1864
sup,A1316,A2594
sup,A1316,A858
sup,A1316,A1700
sup,A1316,A1511
sup,A1316,A1589
sup,A1316,A1019
sup,A1316,A2321
sup,A1316,A2059
sup,A1316,A826
sup,A1316,A611
sup,A1316,A1632
sup,A1317,A577
sup,A1317,A2019
sup,A1317,A1242
sup,A1317,A919
sup,A1317,A861
sup,A1317,A2631
sup,A1317,A2522
sup,A1317,A1802
sup,A1317,A592
sup,A1317,A665
sup,A1317,A2127
sup,A1317,A2289
sup,A1320,A1939
sup,A1320,A59
sup,A1320,A416
sup,A1320,A143
sup,A1320,A2115
sup,A1320,A371
sup,A1320,A68
sup,A1324,A1827
sup,A1324,A894
sup,A1324,A1733
sup,A1324,A1106
sup,A1324,A1439
sup,A1324,A1720
sup,A1324,A1683
sup,A1324,A2501
sup,A1326,A1761
sup,A1326,A1750
sup,A1326,A1218
sup,A1326,A868
sup,A1326,A1122
sup,A1326,A1801
sup,A1326,A2592
sup,A1326,A2563
sup,A1326,A2330
sup,A1326,A2344
sup,A1326,A276
sup,A1326,A654
sup,A1326,A277
sup,A1326,A835
sup,A1326,A201
sup,A1326,A185
sup,A1326,A2454
sup,A1326,A1621
sup,A1327,A1865
sup,A1327,A251
sup,A1327,A2475
sup,A1327,A69
sup,A1327,A1869
sup,A1327,A1757
sup,A1327,A2485
sup,A1327,A636
sup,A1327,A1901
sup,A1327,A2129
sup,A1327,A1799
sup,A1327,A1867
sup,A1328,A386
sup,A1328,A2464
sup,A1328,A2316
sup,A1328,A439
sup,A1328,A2082
sup,A1328,A650
sup,A1328,A2325
sup,A1328,A1288
sup,A1328,A934
sup,A1328,A2055
sup,A1328,A1390
sup,A1328,A1963
sup,A1328,A469
sup,A1328,A2162
sup,A1328,A105
sup,A1331,A1901
sup,A1331,A2231
sup,A1331,A92
sup,A1331,A2672
sup,A1331,A436
sup,A1331,A2400
sup,A1331,A747
sup,A1333,A1874
sup,A1333,A306
sup,A1333,A1042
sup,A1333,A259
sup,A1333,A2524
sup,A1333,A1827
sup,A1334,A913
sup,A1334,A2404
sup,A1334,A2410
sup,A1334,A1819
sup,A1334,A2050
sup,A1334,A1067
sup,A1334,A1521
sup,A1334,A1830
sup,A1334,A1649
sup,A1334,A121
sup,A1334,A1735
sup,A1334,A2550
sup,A1334,A1386
sup,A1334,A2485
sup,A1334,A1639
sup,A1334,A1561
sup,A1334,A1022
sup,A1334,A216
sup,A1334,A2699
sup,A1336,A1025
sup,A1336,A2248
sup,A1336,A1156
sup,A1336,A743
sup,A1336,A687
sup,A1336,A1483
sup,A1336,A1291
sup,A1336,A1060
sup,A1336,A1200
sup,A1336,A2480
sup,A1336,A1372
sup,A1336,A1112
sup,A1340,A1575
sup,A1340,A231
sup,A1340,A1342
sup,A1340,A739
sup,A1340,A1862
sup,A1340,A41
sup,A1340,A256
sup,A1340,A1852
sup,A1340,A418
sup,A1340,A161
sup,A1347,A2083
sup,A1347,A2553
sup,A1347,A2583
sup,A1347,A2268
sup,A1347,A1017
sup,A1347,A2190
sup,A1347,A1526
sup,A1347,A1973
sup,A1347,A1510
sup,A1347,A2661
sup,A1347,A1596
sup,A1347,A565
sup,A1347,A278
sup,A1347,A1782
sup,A1347,A2494
sup,A1347,A1542
sup,A1347,A1854
sup,A1347,A681
sup,A1347,A1363
sup,A1349,A513
sup,A1349,A2199
sup,A1349,A1038
sup,A1349,A398
sup,A1349,A182
sup,A1349,A984
sup,A1349,A1196
sup,A1349,A2662
sup,A1349,A1053
sup,A1349,A566
sup,A1349,A97
sup,A1349,A2
sup,A1349,A544
sup,A1349,A1323
sup,A1352,A2603
sup,A1352,A1538
sup,A1352,A526
sup,A1352,A2571
sup,A1352,A168
sup,A1352,A93
sup,A1352,A467
sup,A1352,A687
sup,A1352,A639
sup,A1352,A1935
sup,A1352,A563
sup,A1352,A55
sup,A1352,A2207
sup,A1352,A711
sup,A1352,A593
sup,A1352,A707
sup,A1352,A2208
sup,A1352,A950
sup,A1352,A1819
sup,A1353,A1713
sup,A1353,A554
sup,A1353,A2297
sup,A1353,A2009
sup,A1353,A660
sup,A1353,A202
sup,A1353,A13
sup,A1353,A1158
sup,A1353,A1096
sup,A1353,A97
sup,A1353,A749
sup,A1353,A343
sup,A1353,A2106
sup,A1353,A2362
sup,A1353,A226
sup,A1353,A1707
sup,A1353,A1948
sup,A1353,A2161
sup,A1353,A841
sup,A1353,A2325
sup,A1353,A1278
sup,A1353,A1402
sup,A1354,A2550
sup,A1354,A1784
sup,A1354,A1406
sup,A1354,A2697
sup,A1354,A2059
sup,A1354,A68
sup,A1354,A1562
sup,A1354,A1672
sup,A1354,A178
sup,A1354,A1865
sup,A1354,A1531
sup,A1355,A1207
sup,A1355,A960
sup,A1355,A1377
sup,A1355,A331
sup,A1355,A2408
sup,A1355,A1329
sup,A1355,A101
sup,A1355,A2240
sup,A1355,A744
sup,A1355,A606
sup,A1355,A2624
sup,A1355,A2631
sup,A1355,A999
sup,A1355,A2362
sup,A1355,A1803
sup,A1355,A1450
sup,A1355,A2013
sup,A1355,A603
sup,A1355,A647
sup,A1355,A1080
sup,A1355,A74
sup,A1355,A1831
sup,A1355,A1062
sup,A1355,A1342
sup,A1355,A1401
sup,A1355,A2447
sup,A1355,A955
sup,A1355,A1796
sup,A1355,A92
sup,A1355,A315
sup,A1356,A1348
sup,A1356,A1460
sup,A1358,A2219
sup,A1358,A1826
sup,A1358,A1547
sup,A1358,A2272
sup,A1358,A1710
sup,A1358,A650
sup,A1358,A1197
sup,A1358,A568
sup,A1358,A710
sup,A1358,A388
sup,A1358,A396
sup,A1358,A1072
sup,A1359,A2277
sup,A1359,A663
sup,A1359,A714
sup,A1359,A2542
sup,A1359,A2214
sup,A1359,A147
sup,A1359,A2631
sup,A1359,A373
sup,A1359,A959
sup,A1359,A183
sup,A1359,A2635
sup,A1359,A1525
sup,A1359,A1869
sup,A1359,A1090
sup,A1359,A140
sup,A1359,A1594
sup,A1359,A765
sup,A1359,A2689
sup,A1361,A1609
sup,A1361,A2082
sup,A1361,A728
sup,A1361,A2120
sup,A1361,A92
sup,A1361,A518
sup,A1361,A2462
sup,A1361,A2136
sup,A1361,A1693
sup,A1361,A44
sup,A1361,A2092
sup,A1363,A2454
sup,A1363,A1211
sup,A1363,A1704
sup,A1363,A1957
sup,A1363,A780
sup,A1363,A1150
sup,A1363,A2275
sup,A1363,A2371
sup,A1363,A368
sup,A1363,A703
sup,A1363,A1507
sup,A1363,A2488
sup,A1363,A741
sup,A1363,A1370
sup,A1363,A2126
sup,A1363,A1807
sup,A1363,A1932
sup,A1363,A2381
sup,A1363,A1481
sup,A1364,A2645
sup,A1364,A2121
sup,A1364,A671
sup,A1364,A997
sup,A1364,A1926
sup,A1364,A1634
sup,A1364,A1349
sup,A1364,A1358
sup,A1364,A83
sup,A1364,A2217
sup,A1364,A2102
sup,A1364,A1110
sup,A1364,A835
sup,A1364,A1600
sup,A1364,A646
sup,A1364,A923
sup,A1364,A708
sup,A1364,A2544
sup,A1364,A2192
sup,A1364,A1206
sup,A1364,A1241
sup,A1364,A1901
sup,A1364,A2233
sup,A1364,A1548
sup,A1364,A2462
sup,A1364,A2505
sup,A1364,A771
sup,A1364,A2023
sup,A1364,A1036
sup,A1364,A2681
sup,A1364,A234
sup,A1365,A768
sup,A1365,A412
sup,A1365,A1375
sup,A1365,A848
sup,A1365,A1415
sup,A1365,A1654
sup,A1365,A1390
sup,A1365,A878
sup,A1365,A2172
sup,A1365,A2018
sup,A1365,A1367
sup,A1365,A533
sup,A1365,A738
sup,A1365,A2037
sup,A1365,A65
sup,A1365,A148
sup,A1365,A812
sup,A1365,A857
sup,A1365,A1754
sup,A1365,A1769
sup,A1369,A613
sup,A1369,A1564
sup,A1369,A1697
sup,A1369,A1942
sup,A1369,A2043
sup,A1369,A1754
sup,A1369,A2450
sup,A1369,A1240
sup,A1369,A83
sup,A1369,A2151
sup,A1369,A814
sup,A1369,A2398
sup,A1369,A1950
sup,A1369,A401
sup,A1369,A714
sup,A1369,A2086
sup,A1369,A608
sup,A1369,A1372
sup,A1370,A928
sup,A1370,A335
sup,A1370,A822
sup,A1370,A401
sup,A1370,A1892
sup,A1370,A1402
sup,A1371,A123
sup,A1373,A47
sup,A1373,A2562
sup,A1373,A1735
sup,A1373,A1799
sup,A1373,A2181
sup,A1374,A346
sup,A1374,A2237
sup,A1374,A2131
sup,A1374,A119
sup,A1374,A1496
sup,A1374,A1186
sup,A1374,A547
sup,A1374,A2028
sup,A1374,A1993
sup,A1374,A618
sup,A1374,A663
sup,A1374,A2272
sup,A1374,A2586
sup,A1374,A1988
sup,A1376,A604
sup,A1376,A2379
sup,A1376,A2142
sup,A1376,A1595
sup,A1376,A44
sup,A1376,A539
sup,A1376,A1924
sup,A1376,A524
sup,A1377,A1768
sup,A1377,A153
sup,A1377,A1599
sup,A1377,A327
sup,A1377,A1558
sup,A1377,A1402
sup,A1377,A2468
sup,A1377,A1065
sup,A1377,A1517
sup,A1377,A964
sup,A1377,A1105
sup,A1377,A1491
sup,A1377,A683
sup,A1377,A582
sup,A1377,A79
sup,A1377,A2381
sup,A1377,A1598
sup,A1379,A1032
sup,A1379,A2629
sup,A1379,A1182
sup,A1379,A324
sup,A1383,A2048
sup,A1383,A2045
sup,A1383,A2442
sup,A1383,A1205
sup,A1383,A1552
sup,A1383,A2503
sup,A1383,A1725
sup,A1383,A2393
sup,A1383,A2056
sup,A1383,A18
sup,A1383,A1225
sup,A1383,A1011
sup,A1383,A2023
sup,A1383,A355
sup,A1383,A2566
sup,A1383,A91
sup,A1383,A1439
sup,A1385,A344
sup,A1385,A231
sup,A1385,A1076
sup,A1385,A1917
sup,A1385,A2339
sup,A1385,A1382
sup,A1385,A2128
sup,A1388,A385
sup,A1388,A1105
sup,A1388,A368
sup,A1388,A942
sup,A1388,A1952
sup,A1388,A1885
sup,A1388,A1877
sup,A1388,A2419
sup,A1388,A1045
sup,A1388,A1750
sup,A1388,A26
sup,A1393,A275
sup,A1393,A812
sup,A1393,A903
sup,A1393,A2351
sup,A1393,A2035
sup,A1393,A1850
sup,A1393,A421
sup,A1393,A2320
sup,A1395,A1757
sup,A1395,A678
sup,A1395,A2044
sup,A1395,A1694
sup,A1395,A2103
sup,A1395,A994
sup,A1395,A1353
sup,A1395,A2218
sup,A1395,A211
sup,A1395,A2198
sup,A1395,A1304
sup,A1396,A1381
sup,A1396,A1028
sup,A1396,A1605
sup,A1396,A126
sup,A1396,A1840
sup,A1396,A365
sup,A1396,A2564
sup,A1396,A1015
sup,A1396,A2239
sup,A1396,A2071
sup,A1396,A784
sup,A1399,A62
sup,A1399,A1856
sup,A1399,A812
sup,A1399,A2155
sup,A1399,A59
sup,A1399,A1070
sup,A1399,A1789
sup,A1399,A228
sup,A1399,A2579
sup,A1399,A1483
sup,A1399,A1798
sup,A1399,A1068
sup,A1399,A2520
sup,A1399,A197
sup,A1399,A2188
sup,A1399,A1286
sup,A1399,A1906
sup,A1399,A1067
sup,A1399,A338
sup,A1399,A461
sup,A1399,A371
sup,A1399,A2398
sup,A1399,A2679
sup,A1399,A1394
sup,A1399,A776
sup,A1401,A1878
sup,A1401,A1853
sup,A1401,A522
sup,A1406,A815
sup,A1406,A1875
sup,A1406,A390
sup,A1406,A158
sup,A1406,A1129
sup,A1407,A737
sup,A1407,A761
sup,A1407,A1181
sup,A1407,A401
sup,A1407,A1552
sup,A1407,A2235
sup,A1407,A2100
sup,A1407,A1725
sup,A1407,A2547
sup,A1407,A2219
sup,A1407,A1323
sup,A1407,A2653
sup,A1407,A1375
sup,A1407,A2678
sup,A1407,A656
sup,A1407,A2663
sup,A1407,A806
sup,A1407,A2229
sup,A1407,A2196
sup,A1408,A2385
sup,A1408,A1591
sup,A1408,A2562
sup,A1408,A1865
sup,A1408,A324
sup,A1408,A2338
sup,A1408,A1818
sup,A1408,A969
sup,A1408,A641
sup,A1408,A975
sup,A1408,A2690
sup,A1408,A1659
sup,A1408,A2057
sup,A1408,A2200
sup,A1408,A1958
sup,A1408,A810
sup,A1408,A723
sup,A1408,A547
sup,A1414,A1166
sup,A1414,A1944
sup,A1414,A629
sup,A1414,A181
sup,A1414,A588
sup,A1414,A2690
sup,A1414,A273
sup,A1414,A1392
sup,A1414,A2
sup,A1414,A1672
sup,A1414,A2485
sup,A1414,A1928
sup,A1414,A2366
sup,A1414,A2038
sup,A1414,A2364
sup,A1414,A2620
sup,A1414,A604
sup,A1414,A864
sup,A1415,A2519
sup,A1415,A2209
sup,A1415,A783
sup,A1415,A1693
sup,A1415,A1751
sup,A1415,A1720
sup,A1415,A2624
sup,A1415,A454
sup,A1415,A66
sup,A1415,A612
sup,A1415,A906
sup,A1415,A106
sup,A1415,A1342
sup,A1415,A389
sup,A1415,A2030
sup,A1415,A693
sup,A1415,A102
sup,A1415,A1942
sup,A1415,A1745
sup,A1415,A410
sup,A1415,A340
sup,A1415,A1175
sup,A1415,A88
sup,A1415,A1337
sup,A1415,A218
sup,A1415,A1161
sup,A1415,A842
sup,A1415,A58
sup,A1415,A1162
sup,A1415,A899
sup,A1415,A905
sup,A1415,A2000
sup,A1416,A1705
sup,A1416,A247
sup,A1416,A201
sup,A1416,A2040
sup,A1416,A1898
sup,A1416,A1723
sup,A1416,A1413
sup,A1416,A1820
sup,A1416,A223
sup,A1416,A926
sup,A1416,A1250
sup,A1416,A1431
sup,A1418,A580
sup,A1418,A659
sup,A1418,A1462
sup,A1418,A851
sup,A1418,A1506
sup,A1418,A1312
sup,A1418,A377
sup,A1418,A1480
sup,A1418,A1743
sup,A1418,A1424
sup,A1418,A82
sup,A1418,A1804
sup,A1420,A280
sup,A1420,A1012
sup,A1420,A1537
sup,A1420,A1865
sup,A1420,A815
sup,A1420,A884
sup,A1420,A176
sup,A1420,A75
sup,A1420,A2539
sup,A1420,A1180
sup,A1420,A723
sup,A1420,A1277
sup,A1420,A640
sup,A1420,A2685
sup,A1420,A2000
sup,A1420,A2597
sup,A1420,A926
sup,A1420,A1375
sup,A1420,A1902
sup,A1420,A1531
sup,A1420,A379
sup,A1420,A173
sup,A1420,A1048
sup,A1420,A1673
sup,A1420,A731
sup,A1421,A1875
sup,A1421,A714
sup,A1421,A2352
sup,A1421,A915
sup,A1421,A677
sup,A1421,A2460
sup,A1421,A1196
sup,A1421,A2146
sup,A1421,A890
sup,A1421,A1997
sup,A1421,A2660
sup,A1421,A1175
sup,A1421,A87
sup,A1421,A1701
sup,A1421,A540
sup,A1421,A1131
sup,A1421,A2353
sup,A1421,A1906
sup,A1422,A670
sup,A1422,A2387
sup,A1422,A2603
sup,A1422,A2079
sup,A1422,A2348
sup,A1422,A2092
sup,A1422,A2476
sup,A1422,A2659
sup,A1422,A1138
sup,A1422,A1962
sup,A1422,A104
sup,A1422,A2161
sup,A1422,A114
sup,A1422,A2235
sup,A1422,A1849
sup,A1422,A2136
sup,A1423,A915
sup,A1423,A1952
sup,A1423,A1220
sup,A1423,A1101
sup,A1423,A139
sup,A1423,A112
sup,A1423,A896
sup,A1423,A2233
sup,A1423,A698
sup,A1423,A739
sup,A1426,A2214
sup,A1426,A422
sup,A1426,A1811
sup,A1426,A1648
sup,A1426,A1112
sup,A1426,A518
sup,A1426,A1173
sup,A1426,A2265
sup,A1426,A171
sup,A1426,A1581
sup,A1426,A453
sup,A1426,A1682
sup,A1426,A1331
sup,A1426,A805
sup,A1426,A1370
sup,A1426,A788
sup,A1426,A896
sup,A1426,A1068
sup,A1426,A380
sup,A1426,A1799
sup,A1426,A1165
sup,A1426,A2635
sup,A1426,A1309
sup,A1426,A1523
sup,A1426,A2565
sup,A1426,A1808
sup,A1426,A883
sup,A1427,A1211
sup,A1427,A1602
sup,A1427,A1997
sup,A1427,A811
sup,A1427,A2285
sup,A1427,A642
sup,A1427,A2485
sup,A1427,A882
sup,A1427,A1924
sup,A1427,A1985
sup,A1427,A121
sup,A1427,A1565
sup,A1427,A2580
sup,A1427,A1309
sup,A1427,A1966
sup,A1427,A149
sup,A1427,A716
sup,A1427,A2006
sup,A1427,A1904
sup,A1427,A1360
sup,A1428,A426
sup,A1428,A1988
sup,A1428,A2650
sup,A1428,A692
sup,A1428,A1455
sup,A1428,A1383
sup,A1428,A1556
sup,A1428,A1549
sup,A1428,A1254
sup,A1428,A1384
sup,A1428,A18
sup,A1428,A1622
sup,A1428,A1281
sup,A1429,A2673
sup,A1429,A1918
sup,A1429,A2246
sup,A1429,A911
sup,A1429,A1830
sup,A1429,A1691
sup,A1429,A862
sup,A1429,A291
sup,A1429,A2423
sup,A1429,A2455
sup,A1429,A1797
sup,A1429,A1910
sup,A1429,A341
sup,A1429,A2671
sup,A1429,A1542
sup,A1429,A1419
sup,A1429,A2685
sup,A1429,A247
sup,A1429,A2332
sup,A1429,A733
sup,A1429,A513
sup,A1429,A644
sup,A1429,A2447
sup,A1429,A1416
sup,A1429,A93
sup,A1429,A551
sup,A1429,A941
sup,A1433,A1696
sup,A1433,A1673
sup,A1433,A1535
sup,A1433,A1142
sup,A1433,A713
sup,A1433,A139
sup,A1433,A2018
sup,A1433,A2642
sup,A1433,A1973
sup,A1433,A1360
sup,A1433,A945
sup,A1433,A766
sup,A1433,A2541
sup,A1433,A2032
sup,A1433,A2445
sup,A1433,A348
sup,A1433,A1490
sup,A1433,A2692
sup,A1435,A1896
sup,A1435,A1211
sup,A1435,A1173
sup,A1436,A1200
sup,A1436,A1485
sup,A1436,A1430
sup,A1436,A2290
sup,A1436,A372
sup,A1436,A2300
sup,A1437,A1898
sup,A1437,A1506
sup,A1437,A290
sup,A1437,A2605
sup,A1437,A1092
sup,A1437,A144
sup,A1437,A1569
sup,A1437,A1011
sup,A1437,A3
sup,A1437,A2051
sup,A1438,A1963
sup,A1438,A1336
sup,A1438,A59
sup,A1438,A2614
sup,A1438,A2161
sup,A1438,A2509
sup,A1438,A1141
sup,A1438,A2385
sup,A1438,A662
sup,A1438,A184
sup,A1438,A774
sup,A1438,A526
sup,A1438,A371
sup,A1438,A73
sup,A1438,A1696
sup,A1438,A1771
sup,A1440,A1390
sup,A1440,A111
sup,A1440,A2602
sup,A1440,A2444
sup,A1440,A1501
sup,A1440,A545
sup,A1440,A665
sup,A1440,A1311
sup,A1440,A1468
sup,A1440,A1424
sup,A1440,A1056
sup,A1440,A366
sup,A1440,A400
sup,A1440,A1137
sup,A1440,A1053
sup,A1440,A225
sup,A1443,A857
sup,A1443,A757
sup,A1443,A648
sup,A1443,A17
sup,A1443,A881
sup,A1443,A1176
sup,A1443,A235
sup,A1443,A1549
sup,A1443,A413
sup,A1443,A2341
sup,A1443,A1490
sup,A1443,A1898
sup,A1443,A108
sup,A1443,A1005
sup,A1443,A2026
sup,A1443,A1640
sup,A1443,A2593
sup,A1443,A2270
sup,A1452,A1411
sup,A1452,A2360
sup,A1452,A1726
sup,A1452,A2638
sup,A1452,A1930
sup,A1452,A1350
sup,A1452,A743
sup,A1452,A1610
sup,A1452,A241
sup,A1452,A2226
sup,A1453,A891
sup,A1453,A1822
sup,A1453,A1291
sup,A1453,A801
sup,A1453,A1180
sup,A1453,A1102
sup,A1453,A1527
sup,A1453,A2478
sup,A1453,A1716
sup,A1453,A517
sup,A1453,A1497
sup,A1455,A1388
sup,A1455,A800
sup,A1455,A1470
sup,A1457,A734
sup,A1457,A302
sup,A1457,A2257
sup,A1457,A876
sup,A1457,A37
sup,A1457,A2132
sup,A1457,A577
sup,A1457,A2649
sup,A1457,A602
sup,A1461,A1605
sup,A1461,A1518
sup,A1461,A1302
sup,A1461,A1497
sup,A1461,A2598
sup,A1461,A1126
sup,A1461,A2579
sup,A1461,A326
sup,A1461,A647
sup,A1461,A2468
sup,A1461,A1146
sup,A1461,A2260
sup,A1461,A2011
sup,A1461,A2413
sup,A1461,A2480
sup,A1461,A683
sup,A1461,A2534
sup,A1461,A2638
sup,A1461,A1876
sup,A1462,A1123
sup,A1462,A1602
sup,A1464,A1150
sup,A1464,A2656
sup,A1464,A728
sup,A1464,A1883
sup,A1464,A543
sup,A1464,A1564
sup,A1464,A958
sup,A1464,A1068
sup,A1464,A430
sup,A1464,A1700
sup,A1464,A509
sup,A1464,A1064
sup,A1464,A243
sup,A1464,A1012
sup,A1464,A2155
sup,A1464,A2163
sup,A1464,A2418
sup,A1464,A1929
sup,A1464,A410
sup,A1464,A384
sup,A1464,A1362
sup,A1465,A1213
sup,A1465,A2332
sup,A1465,A273
sup,A1465,A2263
sup,A1465,A2035
sup,A1465,A931
sup,A1465,A1726
sup,A1465,A2351
sup,A1465,A2255
sup,A1465,A2457
sup,A1465,A620
sup,A1465,A425
sup,A1465,A1696
sup,A1468,A268
sup,A1468,A2588
sup,A1468,A1456
sup,A1468,A1656
sup,A1468,A1733
sup,A1468,A2172
sup,A1468,A2214
sup,A1468,A2290
sup,A1468,A2247
sup,A1468,A1929
sup,A1468,A987
sup,A1468,A1883
sup,A1468,A655
sup,A1468,A745
sup,A1468,A2040
sup,A1468,A2101
sup,A1468,A1923
sup,A1468,A1528
sup,A1468,A1751
sup,A1468,A2373
sup,A1468,A1188
sup,A1468,A786
sup,A1468,A377
sup,A1468,A1613
sup,A1468,A1652
sup,A1469,A441
sup,A1469,A1812
sup,A1469,A2410
sup,A1469,A2200
sup,A1469,A2257
sup,A1469,A935
sup,A1469,A139
sup,A1469,A2550
sup,A1469,A172
sup,A1469,A947
sup,A1469,A963
sup,A1469,A2634
sup,A1469,A798
sup,A1469,A1467
sup,A1471,A752
sup,A1471,A460
sup,A1471,A1768
sup,A1471,A284
sup,A1471,A2174
sup,A1471,A1826
sup,A1472,A339
sup,A1472,A603
sup,A1472,A1237
sup,A1472,A221
sup,A1473,A2200
sup,A1473,A625
sup,A1473,A632
sup,A1473,A662
sup,A1473,A1739
sup,A1473,A1256
sup,A1473,A2080
sup,A1473,A13
sup,A1473,A1751
sup,A1473,A1298
sup,A1473,A2683
sup,A1473,A1689
sup,A1473,A179
sup,A1473,A2258
sup,A1473,A1168
sup,A1473,A805
sup,A1473,A1579
sup,A1473,A1116
sup,A1473,A1910
sup,A1473,A98
sup,A1473,A621
sup,A1473,A929
sup,A1474,A858
sup,A1474,A2260
sup,A1474,A1823
sup,A1474,A1657
sup,A1474,A1522
sup,A1474,A260
sup,A1474,A1368
sup,A1474,A1380
sup,A1474,A861
sup,A1474,A1386
sup,A1474,A2506
sup,A1474,A1972
sup,A1474,A271
sup,A1474,A920
sup,A1474,A1145
sup,A1474,A97
sup,A1474,A804
sup,A1474,A675
sup,A1474,A1196
sup,A1475,A2542
sup,A1475,A1369
sup,A1475,A886
sup,A1475,A2456
sup,A1475,A975
sup,A1475,A873
sup,A1475,A17
sup,A1475,A2462
sup,A1475,A1454
sup,A1475,A2569
sup,A1475,A1784
sup,A1475,A2066
sup,A1475,A148
sup,A1475,A79
sup,A1476,A1386
sup,A1476,A2657
sup,A1476,A1657
sup,A1476,A1682
sup,A1476,A2326
sup,A1476,A269
sup,A1476,A2562
sup,A1476,A1710
sup,A1476,A1985
sup,A1476,A110
sup,A1476,A342
sup,A1476,A2520
sup,A1476,A1023
sup,A1476,A2390
sup,A1476,A807
sup,A1476,A1980
sup,A1476,A2290
sup,A1476,A2024
sup,A1476,A2118
sup,A1476,A125
sup,A1476,A609
sup,A1476,A1074
sup,A1476,A27
sup,A1476,A815
sup,A1476,A370
sup,A1476,A871
sup,A1476,A1090
sup,A1483,A2362
sup,A1483,A2386
sup,A1483,A2187
sup,A1483,A270
sup,A1483,A2214
sup,A1483,A2610
sup,A1483,A1893
sup,A1483,A1888
sup,A1483,A1540
sup,A1483,A2107
sup,A1486,A433
sup,A1486,A1084
sup,A1486,A862
sup,A1486,A1865
sup,A1486,A915
sup,A1486,A1135
sup,A1486,A2038
sup,A1486,A284
sup,A1486,A2174
sup,A1486,A1817
sup,A1486,A454
sup,A1486,A33
sup,A1486,A2355
sup,A1486,A194
sup,A1486,A79
sup,A1486,A1509
sup,A1486,A1594
sup,A1486,A1427
sup,A1486,A270
sup,A1488,A302
sup,A1488,A1609
sup,A1488,A1775
sup,A1488,A2600
sup,A1488,A1242
sup,A1488,A1667
sup,A1488,A1300
sup,A1488,A84
sup,A1488,A89
sup,A1488,A288
sup,A1488,A526
sup,A1488,A1525
sup,A1488,A1896
sup,A1488,A2624
sup,A1488,A1972
sup,A1488,A2464
sup,A1488,A2635
sup,A1488,A2116
sup,A1488,A949
sup,A1488,A2194
sup,A1488,A540
sup,A1488,A486
sup,A1488,A544
sup,A1488,A1179
sup,A1488,A1837
sup,A1490,A1941
sup,A1490,A1158
sup,A1492,A1385
sup,A1492,A1201
sup,A1492,A483
sup,A1492,A11
sup,A1492,A1020
sup,A1492,A1438
sup,A1492,A1789
sup,A1492,A86
sup,A1492,A1437
sup,A1492,A1219
sup,A1492,A1521
sup,A1492,A851
sup,A1493,A1282
sup,A1493,A2483
sup,A1493,A2255
sup,A1493,A17
sup,A1493,A344
sup,A1493,A706
sup,A1493,A1452
sup,A1493,A1880
sup,A1493,A531
sup,A1493,A2378
sup,A1493,A1751
sup,A1493,A142
sup,A1493,A2229
sup,A1493,A1248
sup,A1493,A127
sup,A1493,A1163
sup,A1496,A1695
sup,A1496,A1964
sup,A1496,A1810
sup,A1496,A2452
sup,A1496,A890
sup,A1496,A801
sup,A1498,A467
sup,A1498,A1699
sup,A1498,A1618
sup,A1498,A1627
sup,A1498,A1606
sup,A1498,A1221
sup,A1504,A774
sup,A1504,A2576
sup,A1504,A936
sup,A1504,A408
sup,A1504,A1797
sup,A1504,A988
sup,A1504,A551
sup,A1504,A265
sup,A1504,A207
sup,A1504,A1855
sup,A1504,A2361
sup,A1504,A304
sup,A1504,A703
sup,A1504,A918
sup,A1504,A1673
sup,A1509,A985
sup,A1509,A991
sup,A1509,A805
sup,A1509,A187
sup,A1509,A2666
sup,A1509,A789
sup,A1509,A1313
sup,A1509,A1063
sup,A1509,A203
sup,A1509,A850
sup,A1509,A2045
sup,A1509,A869
sup,A1517,A1667
sup,A1517,A1724
sup,A1517,A78
sup,A1517,A1330
sup,A1517,A1105
sup,A1517,A1097
sup,A1517,A2647
sup,A1517,A1740
sup,A1517,A465
sup,A1517,A2444
sup,A1518,A405
sup,A1518,A1415
sup,A1518,A646
sup,A1518,A2528
sup,A1518,A226
sup,A1518,A1831
sup,A1521,A797
sup,A1521,A10
sup,A1521,A182
sup,A1521,A2097
sup,A1521,A339
sup,A1521,A2266
sup,A1521,A1919
sup,A1521,A682
sup,A1521,A1251
sup,A1521,A88
sup,A1521,A1878
sup,A1524,A2433
sup,A1524,A2568
sup,A1524,A2419
sup,A1524,A1245
sup,A1524,A1942
sup,A1524,A2330
sup,A1524,A1977
sup,A1524,A357
sup,A1524,A2578
sup,A1524,A1181
sup,A1524,A2054
sup,A1524,A1606
sup,A1524,A294
sup,A1524,A1021
sup,A1524,A337
sup,A1524,A1631
sup,A1524,A2019
sup,A1524,A2553
sup,A1524,A1965
sup,A1524,A2692
sup,A1524,A2607
sup,A1524,A157
sup,A1524,A1980
sup,A1524,A1331
sup,A1526,A224
sup,A1527,A1160
sup,A1527,A2043
sup,A1527,A417
sup,A1527,A200
sup,A1527,A1912
sup,A1528,A2685
sup,A1528,A1702
sup,A1528,A619
sup,A1528,A2647
sup,A1528,A1288
sup,A1528,A1590
sup,A1528,A1788
sup,A1528,A1564
sup,A1528,A2078
sup,A1528,A2238
sup,A1528,A1190
sup,A1528,A1226
sup,A1528,A986
sup,A1528,A880
sup,A1530,A2531
sup,A1530,A2365
sup,A1530,A335
sup,A1530,A1782
sup,A1530,A2129
sup,A1530,A1728
sup,A1530,A1025
sup,A1530,A1428
sup,A1530,A417
sup,A1530,A2669
sup,A1530,A2145
sup,A1530,A462
sup,A1532,A2438
sup,A1532,A1171
sup,A1534,A220
sup,A1534,A523
sup,A1534,A1797
sup,A1534,A356
sup,A1534,A1101
sup,A1534,A1974
sup,A1534,A522
sup,A1534,A386
sup,A1534,A340
sup,A1534,A110
sup,A1534,A2215
sup,A1534,A733
sup,A1534,A1914
sup,A1534,A287
sup,A1534,A1013
sup,A1534,A553
sup,A1534,A1644
sup,A1534,A1319
sup,A1534,A1475
sup,A1534,A1521
sup,A1534,A2390
sup,A1534,A1207
sup,A1534,A112
sup,A1534,A569
sup,A1534,A721
sup,A1534,A357
sup,A1535,A642
sup,A1535,A1463
sup,A1535,A2623
sup,A1535,A2188
sup,A1535,A148
sup,A1535,A878
sup,A1535,A328
sup,A1535,A944
sup,A1535,A1033
sup,A1535,A1574
sup,A1535,A1488
sup,A1535,A2092
sup,A1535,A1727
sup,A1535,A1596
sup,A1535,A435
sup,A1535,A363
sup,A1535,A449
sup,A1535,A2385
sup,A1535,A2607
sup,A1535,A1821
sup,A1535,A2492
sup,A1537,A1406
sup,A1537,A41
sup,A1537,A807
sup,A1537,A2693
sup,A1537,A361
sup,A1537,A1301
sup,A1537,A790
sup,A1537,A491
sup,A1537,A139
sup,A1537,A1145
sup,A1537,A303
sup,A1537,A703
sup,A1539,A2469
sup,A1539,A2061
sup,A1539,A2455
sup,A1539,A166
sup,A1539,A1168
sup,A1539,A592
sup,A1539,A2638
sup,A1539,A1405
sup,A1539,A744
sup,A1539,A2210
sup,A1539,A2592
sup,A1539,A2352
sup,A1539,A1527
sup,A1539,A1332
sup,A1539,A2168
sup,A1540,A1659
sup,A1540,A1220
sup,A1540,A1407
sup,A1540,A1822
sup,A1540,A2418
sup,A1541,A2409
sup,A1541,A834
sup,A1541,A1926
sup,A1541,A548
sup,A1541,A1320
sup,A1542,A874
sup,A1542,A177
sup,A1542,A2571
sup,A1542,A1812
sup,A1542,A2224
sup,A1542,A390
sup,A1542,A2166
sup,A1542,A2696
sup,A1543,A1334
sup,A1543,A1059
sup,A1543,A1617
sup,A1543,A1152
sup,A1543,A880
sup,A1543,A1914
sup,A1543,A1343
sup,A1543,A419
sup,A1543,A1253
sup,A1543,A57
sup,A1543,A125
sup,A1543,A927
sup,A1543,A1187
sup,A1543,A435
sup,A1543,A998
sup,A1544,A2416
sup,A1544,A172
sup,A1544,A155
sup,A1544,A32
sup,A1544,A811
sup,A1544,A2299
sup,A1544,A1317
sup,A1544,A808
sup,A1544,A2237
sup,A1544,A2480
sup,A1544,A2588
sup,A1544,A180
sup,A1544,A371
sup,A1544,A2665
sup,A1544,A1391
sup,A1544,A248
sup,A1544,A2467
sup,A1544,A372
sup,A1544,A2233
sup,A1544,A212
sup,A1544,A885
sup,A1545,A510
sup,A1545,A1587
sup,A1545,A1851
sup,A1545,A2679
sup,A1545,A2048
sup,A1545,A1372
sup,A1545,A2389
sup,A1545,A1340
sup,A1546,A1505
sup,A1546,A1097
sup,A1546,A1877
sup,A1546,A343
sup,A1546,A1189
sup,A1546,A1359
sup,A1546,A2004
sup,A1546,A1390
sup,A1546,A1512
sup,A1546,A668
sup,A1546,A1302
sup,A1546,A1898
sup,A1546,A2266
sup,A1546,A732
sup,A1546,A1645
sup,A1546,A977
sup,A1546,A553
sup,A1546,A762
sup,A1546,A626
sup,A1546,A634
sup,A1546,A256
sup,A1546,A2488
sup,A1546,A1162
sup,A1546,A1812
sup,A1546,A694
sup,A1546,A145
sup,A1546,A806
sup,A1546,A457
sup,A1546,A350
sup,A1547,A2162
sup,A1547,A348
sup,A1547,A2404
sup,A1547,A1088
sup,A1547,A394
sup,A1547,A220
sup,A1547,A37
sup,A1547,A1056
sup,A1547,A722
sup,A1547,A233
sup,A1547,A203
sup,A1547,A1593
sup,A1547,A1249
sup,A1547,A2625
sup,A1547,A1685
sup,A1547,A2334
sup,A1547,A589
sup,A1547,A326
sup,A1547,A126
sup,A1547,A2372
sup,A1547,A2352
sup,A1548,A377
sup,A1548,A2229
sup,A1548,A880
sup,A1548,A2104
sup,A1548,A916
sup,A1548,A2335
sup,A1548,A965
sup,A1548,A667
sup,A1548,A1402
sup,A1548,A57
sup,A1548,A95
sup,A1549,A916
sup,A1549,A873
sup,A1554,A827
sup,A1554,A40
sup,A1554,A990
sup,A1554,A2530
sup,A1554,A970
sup,A1554,A2418
sup,A1556,A2339
sup,A1556,A1372
sup,A1556,A1740
sup,A1556,A2231
sup,A1556,A457
sup,A1556,A1848
sup,A1556,A455
sup,A1556,A2677
sup,A1556,A924
sup,A1556,A580
sup,A1556,A1703
sup,A1556,A2041
sup,A1556,A2605
sup,A1556,A2112
sup,A1556,A296
sup,A1556,A1578
sup,A1556,A1122
sup,A1556,A2246
sup,A1556,A2312
sup,A1556,A1080
sup,A1559,A863
sup,A1559,A2373
sup,A1559,A2521
sup,A1559,A2681
sup,A1559,A2493
sup,A1559,A1230
sup,A1559,A105
sup,A1559,A2603
sup,A1559,A1124
sup,A1559,A592
sup,A1559,A1268
sup,A1559,A1158
sup,A1559,A1226
sup,A1559,A474
sup,A1559,A1755
sup,A1559,A2268
sup,A1559,A1836
sup,A1559,A1199
sup,A1559,A2588
sup,A1561,A4
sup,A1561,A1098
sup,A1561,A2357
sup,A1561,A1652
sup,A1561,A2665
sup,A1561,A1763
sup,A1562,A2247
sup,A1564,A788
sup,A1564,A2690
sup,A1564,A574
sup,A1564,A71
sup,A1564,A1530
sup,A1564,A333
sup,A1564,A1110
sup,A1564,A173
sup,A1564,A432
sup,A1564,A1798
sup,A1564,A1984
sup,A1564,A2308
sup,A1564,A247
sup,A1564,A1202
sup,A1564,A867
sup,A1564,A692
sup,A1564,A1664
sup,A1564,A1981
sup,A1564,A2240
sup,A1565,A1597
sup,A1565,A741
sup,A1565,A1870
sup,A1565,A447
sup,A1565,A2527
sup,A1565,A2621
sup,A1565,A2085
sup,A1565,A700
sup,A1565,A2544
sup,A1565,A639
sup,A1565,A20
sup,A1565,A1990
sup,A1565,A91
sup,A1565,A224
sup,A1565,A1904
sup,A1565,A1177
sup,A1567,A2085
sup,A1567,A1629
sup,A1567,A1861
sup,A1567,A743
sup,A1567,A2303
sup,A1567,A1721
sup,A1567,A397
sup,A1567,A1326
sup,A1567,A1035
sup,A1567,A2316
sup,A1567,A1042
sup,A1567,A836
sup,A1567,A975
sup,A1567,A651
sup,A1567,A1372
sup,A1567,A1845
sup,A1568,A321
sup,A1568,A744
sup,A1568,A1957
sup,A1568,A933
sup,A1568,A1285
sup,A1568,A2496
sup,A1568,A1808
sup,A1568,A632
sup,A1568,A1163
sup,A1568,A838
sup,A1568,A281
sup,A1568,A725
sup,A1568,A2610
sup,A1568,A17
sup,A1568,A1364
sup,A1568,A2355
sup,A1568,A2142
sup,A1568,A1743
sup,A1568,A2147
sup,A1568,A950
sup,A1568,A532
sup,A1568,A523
sup,A1568,A2627
sup,A1569,A2101
sup,A1569,A1970
sup,A1569,A2189
sup,A1569,A993
sup,A1569,A872
sup,A1569,A2227
sup,A1569,A2654
sup,A1569,A2671
sup,A1569,A1107
sup,A1571,A1004
sup,A1571,A588
sup,A1571,A1291
sup,A1571,A2561
sup,A1571,A1313
sup,A1571,A408
sup,A1571,A1593
sup,A1574,A2570
sup,A1574,A2289
sup,A1574,A993
sup,A1574,A511
sup,A1574,A79
sup,A1574,A1127
sup,A1574,A2420
sup,A1574,A2296
sup,A1574,A2043
sup,A1574,A184
sup,A1574,A2280
sup,A1574,A252
sup,A1574,A157
sup,A1574,A1768
sup,A1574,A373
sup,A1574,A956
sup,A1574,A171
sup,A1574,A1599
sup,A1574,A586
sup,A1574,A917
sup,A1574,A1858
sup,A1574,A236
sup,A1574,A1698
sup,A1574,A180
sup,A1577,A1485
sup,A1577,A1367
sup,A1580,A1871
sup,A1580,A1106
sup,A1580,A2102
sup,A1580,A1387
sup,A1580,A428
sup,A1580,A2151
sup,A1580,A935
sup,A1580,A1500
sup,A1580,A831
sup,A1580,A2246
sup,A1580,A2336
sup,A1580,A645
sup,A1580,A744
sup,A1580,A1791
sup,A1580,A1344
sup,A1580,A1352
sup,A1580,A1506
sup,A1580,A339
sup,A1580,A648
sup,A1580,A909
sup,A1580,A1751
sup,A1580,A298
sup,A1581,A2397
sup,A1581,A645
sup,A1581,A1988
sup,A1581,A486
sup,A1581,A1978
sup,A1581,A298
sup,A1581,A2467
sup,A1581,A394
sup,A1581,A2248
sup,A1581,A2002
sup,A1581,A1169
sup,A1581,A1182
sup,A1581,A2134
sup,A1581,A2075
sup,A1581,A763
sup,A1581,A1643
sup,A1581,A1873
sup,A1584,A1970
sup,A1584,A37
sup,A1584,A1507
sup,A1584,A898
sup,A1584,A14
sup,A1584,A2085
sup,A1584,A338
sup,A1585,A2141
sup,A1585,A2383
sup,A1585,A1177
sup,A1585,A231
sup,A1585,A114
sup,A1585,A1960
sup,A1585,A546
sup,A1585,A1272
sup,A1585,A1456
sup,A1585,A669
sup,A1585,A1857
sup,A1585,A2050
sup,A1585,A2290
sup,A1585,A1426
sup,A1585,A1301
sup,A1585,A1974
sup,A1585,A113
sup,A1585,A232
sup,A1585,A1416
sup,A1585,A563
sup,A1585,A2584
sup,A1585,A184
sup,A1585,A643
sup,A1586,A1566
sup,A1586,A816
sup,A1586,A835
sup,A1586,A2017
sup,A1586,A1916
sup,A1586,A27
sup,A1586,A244
sup,A1586,A890
sup,A1586,A1833
sup,A1586,A1211
sup,A1586,A1423
sup,A1588,A2142
sup,A1588,A2254
sup,A1588,A192
sup,A1588,A417
sup,A1589,A1728
sup,A1589,A1134
sup,A1589,A898
sup,A1589,A214
sup,A1589,A1933
sup,A1589,A2585
sup,A1589,A2001
sup,A1589,A1701
sup,A1589,A1659
sup,A1589,A492
sup,A1589,A627
sup,A1589,A1352
sup,A1589,A1076
sup,A1589,A2213
sup,A1589,A1016
sup,A1589,A1498
sup,A1589,A2071
sup,A1589,A2204
sup,A1589,A2268
sup,A1589,A580
sup,A1589,A253
sup,A1589,A680
sup,A1589,A1112
sup,A1591,A1796
sup,A1591,A1909
sup,A1591,A1111
sup,A1591,A2348
sup,A1594,A1557
sup,A1594,A1606
sup,A1594,A1196
sup,A1594,A851
sup,A1594,A1313
sup,A1594,A691
sup,A1594,A498
sup,A1599,A2231
sup,A1599,A1019
sup,A1599,A646
sup,A1599,A276
sup,A1599,A459
sup,A1599,A58
sup,A1605,A350
sup,A1605,A1906
sup,A1605,A1512
sup,A1605,A261
sup,A1605,A2121
sup,A1605,A613
sup,A1605,A239
sup,A1605,A2695
sup,A1605,A297
sup,A1605,A2446
sup,A1607,A1231
sup,A1607,A2013
sup,A1607,A833
sup,A1607,A2669
sup,A1607,A2576
sup,A1607,A659
sup,A1607,A384
sup,A1609,A532
sup,A1609,A1780
sup,A1609,A1927
sup,A1609,A284
sup,A1609,A1649
sup,A1609,A868
sup,A1609,A1690
sup,A1609,A2374
sup,A1609,A87
sup,A1609,A2375
sup,A1609,A651
sup,A1609,A2616
sup,A1609,A1709
sup,A1609,A1368
sup,A1609,A1254
sup,A1609,A1703
sup,A1609,A2445
sup,A1609,A481
sup,A1609,A475
sup,A1609,A2642
sup,A1609,A2255
sup,A1609,A1722
sup,A1609,A1089
sup,A1609,A2514
sup,A1609,A1028
sup,A1610,A1878
sup,A1610,A1715
sup,A1610,A1937
sup,A1610,A1067
sup,A1610,A1795
sup,A1613,A1518
sup,A1613,A307
sup,A1613,A933
sup,A1613,A2264
sup,A1613,A1755
sup,A1613,A873
sup,A1613,A1649
sup,A1613,A2517
sup,A1613,A460
sup,A1613,A743
sup,A1613,A270
sup,A1613,A28
sup,A1613,A2344
sup,A1613,A2199
sup,A1613,A1843
sup,A1613,A1424
sup,A1613,A2685
sup,A1613,A1117
sup,A1613,A1083
sup,A1613,A1235
sup,A1613,A1457
sup,A1613,A587
sup,A1613,A6
sup,A1613,A69
sup,A1613,A2266
sup,A1613,A334
sup,A1617,A2355
sup,A1617,A1754
sup,A1617,A400
sup,A1617,A1199
sup,A1617,A709
sup,A1617,A734
sup,A1617,A294
sup,A1617,A2357
sup,A1617,A1870
sup,A1617,A1187
sup,A1617,A143
sup,A1617,A1008
sup,A1617,A1731
sup,A1617,A956
sup,A1617,A1878
sup,A1617,A1060
sup,A1617,A436
sup,A1617,A2592
sup,A1617,A1332
sup,A1624,A2688
sup,A1624,A562
sup,A1624,A1196
sup,A1624,A253
sup,A1624,A683
sup,A1624,A398
sup,A1624,A1962
sup,A1624,A406
sup,A1624,A2204
sup,A1624,A1918
sup,A1624,A46
sup,A1624,A2641
sup,A1624,A1402
sup,A1624,A2043
sup,A1625,A1183
sup,A1625,A1333
sup,A1625,A2539
sup,A1625,A1614
sup,A1627,A1025
sup,A1627,A390
sup,A1627,A484
sup,A1627,A1390
sup,A1630,A1334
sup,A1630,A1141
sup,A1630,A1617
sup,A1630,A1609
sup,A1630,A271
sup,A1630,A305
sup,A1630,A234
sup,A1630,A1972
sup,A1630,A1761
sup,A1630,A1736
sup,A1630,A1589
sup,A1630,A1895
sup,A1632,A1553
sup,A1632,A1751
sup,A1632,A335
sup,A1632,A130
sup,A1632,A1000
sup,A1632,A2256
sup,A1632,A314
sup,A1632,A965
sup,A1632,A16
sup,A1632,A2289
sup,A1632,A2460
sup,A1632,A1182
sup,A1632,A1034
sup,A1632,A203
sup,A1632,A488
sup,A1632,A40
sup,A1632,A140
sup,A1632,A392
sup,A1632,A149
sup,A1632,A864
sup,A1635,A1215
sup,A1635,A903
sup,A1635,A1413
sup,A1635,A186
sup,A1635,A2015
sup,A1635,A1579
sup,A1635,A144
sup,A1635,A1164
sup,A1635,A411
sup,A1635,A1379
sup,A1635,A733
sup,A1636,A584
sup,A1636,A558
sup,A1636,A345
sup,A1636,A2618
sup,A1636,A44
sup,A1636,A926
sup,A1636,A1049
sup,A1636,A726
sup,A1636,A2237
sup,A1636,A2600
sup,A1636,A2605
sup,A1636,A1585
sup,A1636,A467
sup,A1636,A987
sup,A1636,A261
sup,A1636,A2154
sup,A1636,A1216
sup,A1636,A2264
sup,A1638,A2383
sup,A1638,A1548
sup,A1638,A2652
sup,A1638,A2540
sup,A1638,A1988
sup,A1638,A101
sup,A1638,A2163
sup,A1638,A1554
sup,A1638,A2293
sup,A1638,A155
sup,A1638,A2249
sup,A1638,A2583
sup,A1640,A1689
sup,A1640,A1663
sup,A1640,A732
sup,A1640,A1422
sup,A1640,A1616
sup,A1640,A452
sup,A1640,A1919
sup,A1640,A984
sup,A1640,A1702
sup,A1640,A1177
sup,A1640,A329
sup,A1640,A2590
sup,A1641,A1736
sup,A1641,A140
sup,A1641,A1954
sup,A1641,A2347
sup,A1641,A1706
sup,A1641,A1345
sup,A1641,A2039
sup,A1641,A676
sup,A1641,A645
sup,A1641,A2593
sup,A1641,A2478
sup,A1641,A1220
sup,A1641,A2274
sup,A1643,A2126
sup,A1643,A1726
sup,A1643,A419
sup,A1643,A451
sup,A1643,A974
sup,A1643,A2468
sup,A1643,A2282
sup,A1643,A795
sup,A1643,A2079
sup,A1643,A2392
sup,A1643,A2058
sup,A1643,A1279
sup,A1643,A2016
sup,A1643,A405
sup,A1643,A329
sup,A1643,A2530
sup,A1643,A2131
sup,A1643,A1867
sup,A1643,A1569
sup,A1643,A54
sup,A1646,A1792
sup,A1646,A1720
sup,A1646,A1440
sup,A1646,A1240
sup,A1646,A2273
sup,A1646,A1103
sup,A1646,A50
sup,A1646,A123
sup,A1646,A2442
sup,A1646,A49
sup,A1646,A1041
sup,A1646,A1546
sup,A1646,A1812
sup,A1646,A916
sup,A1646,A1399
sup,A1646,A2519
sup,A1646,A913
sup,A1646,A155
sup,A1648,A864
sup,A1648,A835
sup,A1648,A1441
sup,A1648,A1933
sup,A1648,A1999
sup,A1648,A680
sup,A1648,A1296
sup,A1648,A2364
sup,A1648,A25
sup,A1648,A313
sup,A1648,A2074
sup,A1648,A1396
sup,A1648,A583
sup,A1648,A1462
sup,A1648,A2612
sup,A1648,A903
sup,A1648,A566
sup,A1650,A1487
sup,A1650,A391
sup,A1650,A1279
sup,A1652,A935
sup,A1652,A602
sup,A1652,A2335
sup,A1652,A1608
sup,A1652,A2269
sup,A1652,A1130
sup,A1652,A2235
sup,A1652,A1586
sup,A1652,A1772
sup,A1652,A364
sup,A1652,A827
sup,A1652,A1623
sup,A1652,A331
sup,A1652,A417
sup,A1652,A1357
sup,A1653,A337
sup,A1656,A1331
sup,A1656,A2262
sup,A1656,A2167
sup,A1656,A1819
sup,A1656,A206
sup,A1656,A373
sup,A1656,A1396
sup,A1656,A756
sup,A1656,A785
sup,A1657,A2378
sup,A1657,A997
sup,A1657,A1875
sup,A1657,A1365
sup,A1657,A2574
sup,A1657,A1113
sup,A1657,A1245
sup,A1657,A1821
sup,A1657,A1800
sup,A1657,A1574
sup,A1657,A1404
sup,A1657,A591
sup,A1657,A33
sup,A1657,A1751
sup,A1657,A2395
sup,A1657,A1572
sup,A1657,A1302
sup,A1657,A736
sup,A1657,A1954
sup,A1657,A2103
sup,A1657,A252
sup,A1661,A1338
sup,A1661,A353
sup,A1661,A2639
sup,A1661,A1786
sup,A1661,A2457
sup,A1661,A1540
sup,A1661,A1476
sup,A1661,A137
sup,A1661,A1213
sup,A1661,A2644
sup,A1661,A1693
sup,A1661,A1905
sup,A1661,A2102
sup,A1661,A441
sup,A1661,A390
sup,A1661,A694
sup,A1661,A903
sup,A1661,A893
sup,A1661,A1834
sup,A1661,A771
sup,A1662,A915
sup,A1662,A1840
sup,A1662,A2354
sup,A1662,A830
sup,A1662,A2528
sup,A1662,A1496
sup,A1662,A2322
sup,A1664,A757
sup,A1664,A1996
sup,A1664,A1705
sup,A1664,A2510
sup,A1664,A1744
sup,A1664,A7
sup,A1664,A2148
sup,A1664,A50
sup,A1664,A197
sup,A1664,A2384
sup,A1664,A1117
sup,A1664,A138
sup,A1664,A315
sup,A1664,A1393
sup,A1664,A574
sup,A1664,A1114
sup,A1664,A1832
sup,A1664,A1758
sup,A1664,A2380
sup,A1664,A140
sup,A1664,A911
sup,A1664,A982
sup,A1664,A1053
sup,A1664,A1156
sup,A1664,A1232
sup,A1666,A432
sup,A1666,A1309
sup,A1666,A1036
sup,A1667,A2287
sup,A1667,A2018
sup,A1667,A1611
sup,A1667,A236
sup,A1667,A2698
sup,A1667,A2663
sup,A1667,A1425
sup,A1667,A813
sup,A1667,A1372
sup,A1667,A2408
sup,A1667,A1897
sup,A1667,A23
sup,A1667,A1815
sup,A1667,A935
sup,A1667,A2024
sup,A1667,A2600
sup,A1667,A43
sup,A1668,A2484
sup,A1668,A117
sup,A1673,A2
sup,A1673,A99
sup,A1673,A6
sup,A1673,A2202
sup,A1674,A489
sup,A1674,A1639
sup,A1674,A1707
sup,A1674,A1317
sup,A1674,A470
sup,A1674,A2330
sup,A1674,A629
sup,A1674,A1939
sup,A1674,A1596
sup,A1674,A636
sup,A1674,A2624
sup,A1674,A1651
sup,A1674,A1834
sup,A1674,A2441
sup,A1674,A227
sup,A1674,A394
sup,A1674,A1593
sup,A1674,A448
sup,A1674,A2197
sup,A1675,A2505
sup,A1675,A207
sup,A1675,A460
sup,A1675,A211
sup,A1677,A2697
sup,A1677,A2538
sup,A1678,A1141
sup,A1678,A463
sup,A1678,A2016
sup,A1678,A169
sup,A1678,A147
sup,A1678,A1202
sup,A1678,A2392
sup,A1678,A708
sup,A1678,A1495
sup,A1678,A2253
sup,A1678,A749
sup,A1681,A174
sup,A1681,A1638
sup,A1682,A914
sup,A1682,A70
sup,A1682,A428
sup,A1682,A1300
sup,A1682,A1876
sup,A1682,A2623
sup,A1682,A597
sup,A1682,A1823
sup,A1682,A1553
sup,A1682,A538
sup,A1682,A2198
sup,A1682,A1167
sup,A1682,A295
sup,A1682,A2363
sup,A1682,A2604
sup,A1682,A408
sup,A1682,A954
sup,A1683,A1616
sup,A1683,A1611
sup,A1683,A420
sup,A1683,A164
sup,A1683,A162
sup,A1683,A1338
sup,A1683,A1632
sup,A1683,A1499
sup,A1683,A482
sup,A1683,A376
sup,A1683,A1550
sup,A1683,A1661
sup,A1683,A947
sup,A1683,A942
sup,A1683,A2313
sup,A1683,A1686
sup,A1684,A653
sup,A1684,A2010
sup,A1684,A1807
sup,A1684,A2154
sup,A1684,A39
sup,A1684,A1417
sup,A1686,A1101
sup,A1686,A512
sup,A1686,A1220
sup,A1686,A1473
sup,A1686,A102
sup,A1686,A149
sup,A1686,A1625
sup,A1686,A2316
sup,A1686,A200
sup,A1686,A1238
sup,A1686,A1048
sup,A1686,A1779
sup,A1686,A308
sup,A1686,A1167
sup,A1686,A2305
sup,A1686,A2135
sup,A1686,A1177
sup,A1686,A1066
sup,A1686,A1570
sup,A1686,A1331
sup,A1686,A662
sup,A1687,A842
sup,A1687,A2258
sup,A1687,A1094
sup,A1687,A199
sup,A1687,A2451
sup,A1687,A1844
sup,A1687,A216
sup,A1687,A816
sup,A1687,A787
sup,A1687,A629
sup,A1688,A2137
sup,A1688,A1289
sup,A1688,A1866
sup,A1688,A1436
sup,A1688,A2517
sup,A1688,A116
sup,A1688,A323
sup,A1688,A794
sup,A1688,A300
sup,A1688,A868
sup,A1688,A2647
sup,A1688,A2421
sup,A1688,A1391
sup,A1688,A1013
sup,A1688,A64
sup,A1688,A1304
sup,A1688,A2036
sup,A1688,A2431
sup,A1688,A568
sup,A1688,A1596
sup,A1688,A313
sup,A1688,A859
sup,A1688,A1979
sup,A1689,A1759
sup,A1689,A2538
sup,A1690,A849
sup,A1690,A715
sup,A1690,A1204
sup,A1690,A1403
sup,A1690,A933
sup,A1690,A1397
sup,A1690,A1120
sup,A1690,A2265
sup,A1690,A107
sup,A1690,A1196
sup,A1690,A65
sup,A1690,A568
sup,A1690,A1277
sup,A1690,A788
sup,A1691,A1768
sup,A1691,A1589
sup,A1691,A1213
sup,A1691,A58
sup,A1691,A2464
sup,A1691,A1211
sup,A1692,A2070
sup,A1692,A2348
sup,A1692,A1400
sup,A1692,A7
sup,A1692,A125
sup,A1692,A701
sup,A1692,A1326
sup,A1692,A1611
sup,A1692,A696
sup,A1692,A2275
sup,A1694,A1725
sup,A1694,A1142
sup,A1694,A386
sup,A1694,A530
sup,A1694,A995
sup,A1694,A1743
sup,A1694,A358
sup,A1696,A1645
sup,A1696,A1278
sup,A1696,A2333
sup,A1696,A535
sup,A1696,A2289
sup,A1696,A2624
sup,A1696,A412
sup,A1696,A2651
sup,A1696,A1349
sup,A1697,A375
sup,A1697,A1593
sup,A1697,A29
sup,A1697,A464
sup,A1704,A2568
sup,A1704,A2325
sup,A1704,A1731
sup,A1704,A99
sup,A1704,A1697
sup,A1704,A1575
sup,A1704,A1167
sup,A1704,A1943
sup,A1704,A895
sup,A1704,A1684
sup,A1704,A193
sup,A1704,A682
sup,A1704,A1625
sup,A1704,A2464
sup,A1704,A1374
sup,A1704,A1693
sup,A1704,A2528
sup,A1704,A2376
sup,A1704,A257
sup,A1704,A605
sup,A1705,A535
sup,A1705,A2567
sup,A1705,A1386
sup,A1705,A259
sup,A1705,A1413
sup,A1706,A1506
sup,A1706,A1149
sup,A1706,A2339
sup,A1706,A1597
sup,A1706,A1534
sup,A1706,A1788
sup,A1706,A677
sup,A1706,A715
sup,A1706,A1385
sup,A1707,A1715
sup,A1707,A1402
sup,A1707,A1927
sup,A1707,A299
sup,A1707,A1326
sup,A1707,A1271
sup,A1707,A1997
sup,A1707,A183
sup,A1707,A352
sup,A1707,A2430
sup,A1708,A2286
sup,A1708,A716
sup,A1708,A433
sup,A1708,A686
sup,A1708,A568
sup,A1708,A2409
sup,A1708,A1563
sup,A1708,A1946
sup,A1708,A1951
sup,A1708,A1205
sup,A1708,A889
sup,A1708,A760
sup,A1708,A766
sup,A1708,A1734
sup,A1708,A563
sup,A1708,A261
sup,A1708,A2545
sup,A1708,A2468
sup,A1708,A862
sup,A1708,A2456
sup,A1708,A2065
sup,A1708,A1642
sup,A1708,A1904
sup,A1708,A1026
sup,A1708,A1280
sup,A1708,A944
sup,A1708,A1300
sup,A1708,A1600
sup,A1709,A259
sup,A1709,A103
sup,A1709,A623
sup,A1709,A2077
sup,A1709,A2173
sup,A1709,A28
sup,A1709,A702
sup,A1709,A1476
sup,A1709,A505
sup,A1709,A2099
sup,A1709,A458
sup,A1709,A549
sup,A1709,A1645
sup,A1709,A715
sup,A1709,A2026
sup,A1709,A2023
sup,A1709,A2356
sup,A1709,A943
sup,A1709,A324
sup,A1709,A1799
sup,A1709,A820
sup,A1709,A2641
sup,A1709,A175
sup,A1709,A2489
sup,A1709,A228
sup,A1709,A1502
sup,A1710,A2102
sup,A1710,A1078
sup,A1710,A302
sup,A1710,A2098
sup,A1710,A157
sup,A1710,A1134
sup,A1710,A1885
sup,A1710,A2152
sup,A1710,A508
sup,A1710,A2445
sup,A1710,A1335
sup,A1710,A1774
sup,A1710,A982
sup,A1710,A1445
sup,A1710,A1806
sup,A1710,A2579
sup,A1710,A1483
sup,A1710,A618
sup,A1710,A1653
sup,A1710,A2533
sup,A1710,A139
sup,A1710,A165
sup,A1710,A1443
sup,A1710,A1285
sup,A1710,A879
sup,A1710,A2164
sup,A1710,A1635
sup,A1712,A1274
sup,A1712,A1130
sup,A1712,A1147
sup,A1712,A1497
sup,A1712,A1140
sup,A1712,A664
sup,A1712,A682
sup,A1712,A935
sup,A1712,A1621
sup,A1712,A2594
sup,A1712,A479
sup,A1712,A2133
sup,A1712,A2599
sup,A1712,A819
sup,A1712,A543
sup,A1712,A1907
sup,A1712,A1095
sup,A1712,A1513
sup,A1712,A1942
sup,A1712,A1466
sup,A1712,A1071
sup,A1712,A3
sup,A1712,A1541
sup,A1712,A2445
sup,A1712,A1281
sup,A1712,A2150
sup,A1713,A1025
sup,A1713,A462
sup,A1713,A2291
sup,A1713,A202
sup,A1713,A2634
sup,A1713,A1163
sup,A1713,A592
sup,A1713,A2604
sup,A1713,A941
sup,A1713,A1523
sup,A1713,A348
sup,A1713,A875
sup,A1713,A1982
sup,A1713,A390
sup,A1713,A992
sup,A1713,A2608
sup,A1713,A2515
sup,A1713,A1258
sup,A1713,A1864
sup,A1713,A2360
sup,A1714,A1792
sup,A1714,A1600
sup,A1714,A1451
sup,A1714,A1553
sup,A1714,A1838
sup,A1714,A2141
sup,A1714,A840
sup,A1714,A389
sup,A1714,A1163
sup,A1714,A2564
sup,A1714,A2143
sup,A1714,A1947
sup,A1714,A2586
sup,A1714,A2279
sup,A1714,A1419
sup,A1718,A1907
sup,A1718,A224
sup,A1718,A1865
sup,A1718,A2149
sup,A1718,A51
sup,A1718,A2095
sup,A1718,A2386
sup,A1718,A1012
sup,A1718,A2263
sup,A1718,A299
sup,A1718,A988
sup,A1718,A1679
sup,A1718,A1569
sup,A1718,A1506
sup,A1719,A401
sup,A1719,A664
sup,A1719,A1812
sup,A1719,A2023
sup,A1719,A1519
sup,A1719,A521
sup,A1719,A1933
sup,A1719,A426
sup,A1719,A2300
sup,A1719,A1229
sup,A1719,A1072
sup,A1719,A2049
sup,A1719,A2456
sup,A1719,A784
sup,A1719,A1480
sup,A1719,A2661
sup,A1719,A1818
sup,A1719,A1662
sup,A1719,A86
sup,A1719,A1752
sup,A1719,A1709
sup,A1719,A2098
sup,A1719,A765
sup,A1719,A493
sup,A1720,A1507
sup,A1720,A1977
sup,A1720,A928
sup,A1720,A1123
sup,A1720,A2153
sup,A1720,A1521
sup,A1720,A2439
sup,A1720,A733
sup,A1720,A356
sup,A1720,A1487
sup,A1720,A1355
sup,A1720,A2093
sup,A1720,A2569
sup,A1720,A1294
sup,A1720,A1648
sup,A1720,A1191
sup,A1720,A313
sup,A1720,A679
sup,A1720,A988
sup,A1720,A876
sup,A1720,A2069
sup,A1720,A2050
sup,A1721,A1475
sup,A1721,A1599
sup,A1721,A1491
sup,A1721,A410
sup,A1721,A902
sup,A1721,A265
sup,A1721,A1209
sup,A1721,A1854
sup,A1721,A1594
sup,A1721,A1147
sup,A1721,A2462
sup,A1721,A329
sup,A1721,A2219
sup,A1721,A1401
sup,A1721,A327
sup,A1721,A610
sup,A1721,A2544
sup,A1721,A1339
sup,A1721,A446
sup,A1721,A1136
sup,A1722,A1010
sup,A1722,A724
sup,A1722,A1702
sup,A1722,A2304
sup,A1722,A2261
sup,A1722,A1558
sup,A1722,A1627
sup,A1722,A607
sup,A1723,A722
sup,A1723,A1408
sup,A1724,A142
sup,A1724,A1940
sup,A1724,A1579
sup,A1724,A811
sup,A1724,A1806
sup,A1724,A2094
sup,A1724,A1619
sup,A1724,A1664
sup,A1726,A2018
sup,A1726,A1501
sup,A1726,A57
sup,A1726,A191
sup,A1726,A664
sup,A1726,A193
sup,A1726,A2
sup,A1726,A2441
sup,A1726,A788
sup,A1726,A1857
sup,A1726,A1349
sup,A1726,A596
sup,A1726,A2578
sup,A1726,A25
sup,A1726,A75
sup,A1726,A703
sup,A1726,A766
sup,A1726,A1347
sup,A1726,A2282
sup,A1726,A2425
sup,A1726,A609
sup,A1726,A816
sup,A1726,A1133
sup,A1726,A1698
sup,A1726,A671
sup,A1726,A1189
sup,A1728,A987
sup,A1728,A160
sup,A1728,A2603
sup,A1728,A2060
sup,A1728,A383
sup,A1728,A1240
sup,A1728,A729
sup,A1728,A2017
sup,A1728,A2075
sup,A1728,A1225
sup,A1730,A182
sup,A1730,A1491
sup,A1730,A1617
sup,A1730,A1002
sup,A1730,A2051
sup,A1730,A1250
sup,A1730,A1643
sup,A1730,A2146
sup,A1730,A212
sup,A1730,A1205
sup,A1730,A2217
sup,A1730,A1934
sup,A1730,A304
sup,A1730,A190
sup,A1730,A1518
sup,A1730,A97
sup,A1730,A2475
sup,A1730,A1835
sup,A1730,A801
sup,A1730,A1448
sup,A1730,A2691
sup,A1730,A26
sup,A1730,A2328
sup,A1732,A166
sup,A1732,A1033
sup,A1732,A676
sup,A1732,A1996
sup,A1732,A963
sup,A1732,A30
sup,A1735,A283
sup,A1735,A1154
sup,A1735,A94
sup,A1735,A1012
sup,A1735,A2673
sup,A1735,A2543
sup,A1735,A258
sup,A1735,A412
sup,A1735,A2485
sup,A1735,A2309
sup,A1735,A1873
sup,A1735,A1800
sup,A1735,A2501
sup,A1735,A362
sup,A1735,A200
sup,A1735,A98
sup,A1735,A2453
sup,A1735,A1291
sup,A1735,A685
sup,A1735,A2018
sup,A1735,A635
sup,A1735,A103
sup,A1735,A1120
sup,A1738,A361
sup,A1738,A942
sup,A1738,A134
sup,A1738,A618
sup,A1738,A2638
sup,A1738,A1646
sup,A1738,A1431
sup,A1739,A2044
sup,A1739,A1575
sup,A1739,A990
sup,A1739,A785
sup,A1739,A773
sup,A1739,A1282
sup,A1739,A558
sup,A1739,A219
sup,A1739,A2389
sup,A1739,A1457
sup,A1740,A2408
sup,A1740,A2128
sup,A1740,A1678
sup,A1740,A1352
sup,A1740,A115
sup,A1740,A347
sup,A1740,A1272
sup,A1740,A894
sup,A1740,A2374
sup,A1740,A1031
sup,A1740,A674
sup,A1740,A2160
sup,A1740,A2575
sup,A1740,A226
sup,A1741,A1266
sup,A1741,A1875
sup,A1741,A2150
sup,A1741,A1007
sup,A1741,A198
sup,A1741,A1574
sup,A1741,A2588
sup,A1741,A63
sup,A1741,A207
sup,A1741,A1316
sup,A1741,A2206
sup,A1741,A917
sup,A1741,A2145
sup,A1741,A223
sup,A1741,A1368
sup,A1741,A1967
sup,A1741,A2648
sup,A1741,A1980
sup,A1741,A2258
sup,A1741,A1011
sup,A1741,A1845
sup,A1747,A273
sup,A1747,A1232
sup,A1747,A1947
sup,A1747,A290
sup,A1747,A2625
sup,A1747,A2535
sup,A1747,A126
sup,A1747,A1971
sup,A1747,A1827
sup,A1747,A1438
sup,A1747,A2117
sup,A1747,A805
sup,A1747,A1157
sup,A1747,A1272
sup,A1747,A1406
sup,A1747,A2653
sup,A1749,A755
sup,A1749,A1372
sup,A1749,A1885
sup,A1749,A1835
sup,A1749,A484
sup,A1749,A74
sup,A1749,A1159
sup,A1749,A1082
sup,A1755,A476
sup,A1755,A2125
sup,A1755,A1208
sup,A1755,A1600
sup,A1755,A544
sup,A1758,A541
sup,A1758,A1314
sup,A1758,A1503
sup,A1758,A2017
sup,A1758,A54
sup,A1758,A998
sup,A1758,A602
sup,A1758,A234
sup,A1758,A965
sup,A1758,A1163
sup,A1758,A520
sup,A1758,A141
sup,A1758,A1718
sup,A1758,A1884
sup,A1758,A616
sup,A1758,A35
sup,A1758,A2470
sup,A1758,A1540
sup,A1758,A2327
sup,A1763,A819
sup,A1763,A561
sup,A1763,A397
sup,A1763,A1925
sup,A1763,A1111
sup,A1763,A356
sup,A1763,A2128
sup,A1763,A396
sup,A1763,A42
sup,A1763,A955
sup,A1763,A1224
sup,A1763,A337
sup,A1763,A1425
sup,A1763,A1655
sup,A1763,A2071
sup,A1763,A1352
sup,A1764,A2481
sup,A1764,A2403
sup,A1764,A295
sup,A1764,A2493
sup,A1764,A2439
sup,A1764,A877
sup,A1764,A1499
sup,A1764,A14
sup,A1764,A2047
sup,A1764,A982
sup,A1764,A1483
sup,A1764,A1582
sup,A1764,A2606
sup,A1765,A1873
sup,A1765,A1616
sup,A1765,A156
sup,A1765,A364
sup,A1765,A1774
sup,A1765,A2526
sup,A1765,A1183
sup,A1765,A1683
sup,A1765,A2303
sup,A1766,A1461
sup,A1766,A1714
sup,A1766,A2376
sup,A1766,A2517
sup,A1766,A412
sup,A1766,A2649
sup,A1766,A1983
sup,A1766,A1645
sup,A1766,A50
sup,A1766,A283
sup,A1766,A613
sup,A1766,A753
sup,A1766,A683
sup,A1766,A2058
sup,A1766,A1096
sup,A1766,A1202
sup,A1766,A2565
sup,A1766,A2425
sup,A1766,A2556
sup,A1766,A1763
sup,A1766,A1033
sup,A1766,A1200
sup,A1766,A2005
sup,A1766,A449
sup,A1768,A583
sup,A1768,A65
sup,A1768,A1909
sup,A1768,A2202
sup,A1768,A1558
sup,A1768,A1877
sup,A1768,A564
sup,A1768,A226
sup,A1768,A305
sup,A1768,A573
sup,A1768,A369
sup,A1768,A1499
sup,A1768,A1401
sup,A1768,A2310
sup,A1768,A193
sup,A1768,A658
sup,A1768,A1367
sup,A1768,A1088
sup,A1768,A971
sup,A1768,A293
sup,A1769,A2287
sup,A1770,A1431
sup,A1770,A2220
sup,A1770,A713
sup,A1770,A863
sup,A1770,A2058
sup,A1770,A602
sup,A1770,A1870
sup,A1770,A219
sup,A1770,A30
sup,A1770,A2192
sup,A1770,A1869
sup,A1770,A1302
sup,A1770,A471
sup,A1770,A76
sup,A1770,A1
sup,A1770,A1090
sup,A1770,A21
sup,A1770,A491
sup,A1770,A2581
sup,A1770,A1707
sup,A1770,A1199
sup,A1770,A1996
sup,A1770,A2559
sup,A1772,A677
sup,A1772,A1040
sup,A1772,A2632
sup,A1772,A1967
sup,A1772,A2019
sup,A1772,A1685
sup,A1772,A885
sup,A1772,A953
sup,A1772,A843
sup,A1772,A2105
sup,A1772,A2254
sup,A1772,A1932
sup,A1772,A1698
sup,A1772,A581
sup,A1772,A169
sup,A1772,A868
sup,A1776,A579
sup,A1776,A121
sup,A1776,A569
sup,A1777,A1305
sup,A1777,A2577
sup,A1777,A1283
sup,A1777,A2458
sup,A1777,A666
sup,A1778,A1543
sup,A1778,A1937
sup,A1778,A915
sup,A1778,A1241
sup,A1778,A1508
sup,A1778,A1371
sup,A1778,A982
sup,A1778,A1054
sup,A1778,A625
sup,A1778,A2031
sup,A1778,A1677
sup,A1778,A1667
sup,A1778,A500
sup,A1778,A1497
sup,A1778,A2688
sup,A1778,A992
sup,A1778,A371
sup,A1779,A941
sup,A1779,A1339
sup,A1779,A977
sup,A1779,A1003
sup,A1779,A1223
sup,A1779,A2109
sup,A1779,A354
sup,A1779,A2028
sup,A1779,A1055
sup,A1779,A1094
sup,A1779,A77
sup,A1779,A191
sup,A1779,A1122
sup,A1779,A1751
sup,A1779,A984
sup,A1779,A1563
sup,A1784,A326
sup,A1784,A869
sup,A1784,A2453
sup,A1784,A1228
sup,A1784,A952
sup,A1784,A1765
sup,A1786,A624
sup,A1786,A125
sup,A1786,A1228
sup,A1786,A2460
sup,A1786,A541
sup,A1786,A1924
sup,A1787,A1325
sup,A1787,A2442
sup,A1787,A322
sup,A1787,A834
sup,A1787,A634
sup,A1787,A66
sup,A1787,A583
sup,A1787,A881
sup,A1787,A2056
sup,A1787,A246
sup,A1787,A447
sup,A1787,A1752
sup,A1787,A1731
sup,A1787,A274
sup,A1797,A765
sup,A1797,A2104
sup,A1797,A737
sup,A1797,A1668
sup,A1797,A898
sup,A1798,A1127
sup,A1798,A572
sup,A1798,A358
sup,A1798,A2667
sup,A1798,A787
sup,A1798,A649
sup,A1798,A367
sup,A1798,A1897
sup,A1798,A1426
sup,A1798,A678
sup,A1798,A398
sup,A1798,A1611
sup,A1798,A698
sup,A1798,A1866
sup,A1798,A2104
sup,A1798,A1145
sup,A1798,A834
sup,A1798,A1061
sup,A1799,A1056
sup,A1799,A2468
sup,A1799,A1810
sup,A1799,A1652
sup,A1799,A57
sup,A1799,A1397
sup,A1801,A2397
sup,A1801,A2504
sup,A1801,A2066
sup,A1801,A1871
sup,A1801,A392
sup,A1801,A1754
sup,A1801,A171
sup,A1806,A639
sup,A1806,A1848
sup,A1806,A30
sup,A1806,A742
sup,A1806,A2215
sup,A1808,A300
sup,A1808,A1000
sup,A1808,A1166
sup,A1808,A264
sup,A1808,A755
sup,A1808,A33
sup,A1808,A374
sup,A1811,A1366
sup,A1811,A441
sup,A1811,A2033
sup,A1811,A370
sup,A1811,A2116
sup,A1811,A710
sup,A1813,A2209
sup,A1813,A242
sup,A1813,A23
sup,A1813,A1777
sup,A1813,A2203
sup,A1813,A289
sup,A1813,A2273
sup,A1814,A789
sup,A1814,A1946
sup,A1814,A2168
sup,A1814,A1823
sup,A1814,A1903
sup,A1814,A719
sup,A1814,A2598
sup,A1814,A2426
sup,A1814,A876
sup,A1814,A1270
sup,A1814,A494
sup,A1815,A684
sup,A1815,A1228
sup,A1815,A1039
sup,A1815,A1764
sup,A1815,A207
sup,A1815,A687
sup,A1815,A899
sup,A1819,A1281
sup,A1819,A2280
sup,A1819,A1061
sup,A1819,A2551
sup,A1819,A410
sup,A1819,A2535
sup,A1819,A920
sup,A1819,A789
sup,A1819,A75
sup,A1819,A14
sup,A1819,A950
sup,A1819,A294
sup,A1819,A2668
sup,A1819,A1079
sup,A1819,A2437
sup,A1819,A2094
sup,A1819,A1713
sup,A1819,A1211
sup,A1819,A505
sup,A1819,A1865
sup,A1819,A735
sup,A1823,A2226
sup,A1823,A619
sup,A1823,A1371
sup,A1823,A2032
sup,A1823,A2182
sup,A1823,A1109
sup,A1823,A1297
sup,A1823,A1653
sup,A1823,A2441
sup,A1823,A660
sup,A1823,A472
sup,A1823,A694
sup,A1823,A718
sup,A1823,A48
sup,A1823,A71
sup,A1823,A2666
sup,A1823,A2212
sup,A1823,A1673
sup,A1823,A1652
sup,A1823,A281
sup,A1823,A593
sup,A1824,A2112
sup,A1824,A1884
sup,A1824,A2088
sup,A1824,A1258
sup,A1824,A1148
sup,A1824,A2367
sup,A1824,A965
sup,A1829,A1417
sup,A1829,A1852
sup,A1829,A2566
sup,A1829,A1162
sup,A1829,A955
sup,A1829,A1687
sup,A1829,A2557
sup,A1829,A341
sup,A1829,A2266
sup,A1829,A751
sup,A1829,A2624
sup,A1829,A502
sup,A1829,A1420
sup,A1829,A2492
sup,A1829,A2311
sup,A1829,A1443
sup,A1829,A2322
sup,A1830,A1519
sup,A1830,A2607
sup,A1830,A1955
sup,A1830,A1449
sup,A1830,A1329
sup,A1830,A1606
sup,A1830,A1518
sup,A1830,A2109
sup,A1830,A173
sup,A1830,A2624
sup,A1830,A730
sup,A1834,A1051
sup,A1834,A707
sup,A1834,A1306
sup,A1834,A2439
sup,A1834,A2229
sup,A1834,A56
sup,A1834,A1988
sup,A1834,A10
sup,A1834,A1990
sup,A1834,A1396
sup,A1834,A783
sup,A1834,A317
sup,A1834,A2644
sup,A1834,A1393
sup,A1834,A279
sup,A1834,A1968
sup,A1834,A2433
sup,A1834,A1195
sup,A1834,A2416
sup,A1834,A241
sup,A1834,A439
sup,A1834,A1537
sup,A1834,A2375
sup,A1836,A1043
sup,A1836,A1671
sup,A1836,A1215
sup,A1836,A1914
sup,A1836,A2021
sup,A1836,A2389
sup,A1836,A993
sup,A1836,A2595
sup,A1836,A2430
sup,A1837,A1468
sup,A1837,A1799
sup,A1837,A693
sup,A1837,A872
sup,A1837,A2031
sup,A1837,A2640
sup,A1837,A2614
sup,A1837,A1982
sup,A1837,A671
sup,A1837,A617
sup,A1837,A566
sup,A1837,A494
sup,A1837,A2434
sup,A1837,A1490
sup,A1837,A2513
sup,A1839,A803
sup,A1839,A539
sup,A1839,A1876
sup,A1839,A289
sup,A1839,A2278
sup,A1839,A1479
sup,A1839,A1422
sup,A1839,A723
sup,A1839,A1109
sup,A1839,A1674
sup,A1839,A2359
sup,A1839,A1165
sup,A1839,A115
sup,A1839,A190
sup,A1839,A448
sup,A1839,A809
sup,A1839,A2070
sup,A1839,A27
sup,A1839,A1575
sup,A1839,A260
sup,A1839,A1438
sup,A1839,A333
sup,A1839,A2105
sup,A1839,A2044
sup,A1839,A342
sup,A1839,A2452
sup,A1839,A1528
sup,A1842,A1988
sup,A1842,A2445
sup,A1842,A50
sup,A1842,A731
sup,A1842,A1931
sup,A1842,A2459
sup,A1842,A1068
sup,A1842,A875
sup,A1842,A225
sup,A1845,A766
sup,A1845,A2018
sup,A1845,A376
sup,A1845,A2675
sup,A1845,A1553
sup,A1845,A1798
sup,A1845,A1504
sup,A1845,A1994
sup,A1845,A645
sup,A1845,A144
sup,A1845,A1863
sup,A1845,A2593
sup,A1845,A697
sup,A1845,A2172
sup,A1845,A1370
sup,A1845,A2147
sup,A1845,A1242
sup,A1845,A566
sup,A1848,A1982
sup,A1848,A2453
sup,A1848,A2056
sup,A1848,A1185
sup,A1848,A1769
sup,A1848,A796
sup,A1848,A2504
sup,A1848,A1451
sup,A1848,A532
sup,A1848,A1963
sup,A1848,A1969
sup,A1848,A2187
sup,A1848,A527
sup,A1848,A744
sup,A1848,A2155
sup,A1848,A1491
sup,A1848,A2311
sup,A1848,A552
sup,A1848,A2358
sup,A1848,A1163
sup,A1848,A1435
sup,A1848,A1179
sup,A1848,A2353
sup,A1848,A2442
sup,A1848,A40
sup,A1849,A2685
sup,A1849,A2240
sup,A1849,A993
sup,A1849,A676
sup,A1849,A2605
sup,A1849,A937
sup,A1849,A946
sup,A1849,A1788
sup,A1849,A835
sup,A1849,A2645
sup,A1851,A1686
sup,A1851,A113
sup,A1851,A1776
sup,A1851,A536
sup,A1851,A941
sup,A1851,A915
sup,A1851,A2114
sup,A1851,A333
sup,A1851,A276
sup,A1851,A2628
sup,A1851,A228
sup,A1851,A1884
sup,A1853,A1233
sup,A1853,A2587
sup,A1853,A704
sup,A1854,A403
sup,A1854,A1467
sup,A1854,A1217
sup,A1854,A1570
sup,A1854,A2440
sup,A1854,A1005
sup,A1854,A639
sup,A1854,A496
sup,A1854,A2555
sup,A1854,A176
sup,A1854,A1450
sup,A1854,A1195
sup,A1854,A985
sup,A1854,A745
sup,A1854,A2686
sup,A1855,A2218
sup,A1855,A558
sup,A1855,A443
sup,A1855,A614
sup,A1855,A1591
sup,A1855,A115
sup,A1855,A1170
sup,A1855,A1109
sup,A1855,A527
sup,A1855,A788
sup,A1855,A1350
sup,A1855,A1485
sup,A1855,A2307
sup,A1855,A1119
sup,A1855,A2137
sup,A1855,A2397
sup,A1855,A1202
sup,A1855,A265
sup,A1855,A1460
sup,A1855,A647
sup,A1855,A106
sup,A1855,A1878
sup,A1855,A2180
sup,A1855,A328
sup,A1857,A527
sup,A1857,A1576
sup,A1857,A2162
sup,A1857,A1385
sup,A1857,A2056
sup,A1857,A1473
sup,A1857,A252
sup,A1857,A2015
sup,A1857,A2199
sup,A1857,A1661
sup,A1857,A1977
sup,A1857,A1081
sup,A1857,A2448
sup,A1857,A1599
sup,A1857,A2530
sup,A1857,A2539
sup,A1857,A194
sup,A1857,A2444
sup,A1857,A1885
sup,A1857,A443
sup,A1857,A2664
sup,A1857,A2002
sup,A1858,A2553
sup,A1858,A1006
sup,A1858,A237
sup,A1858,A1274
sup,A1858,A2232
sup,A1858,A1545
sup,A1858,A1586
sup,A1858,A619
sup,A1858,A1279
sup,A1858,A1325
sup,A1858,A2684
sup,A1858,A2108
sup,A1858,A541
sup,A1858,A2184
sup,A1858,A2178
sup,A1858,A80
sup,A1858,A1464
sup,A1858,A29
sup,A1862,A2651
sup,A1862,A1111
sup,A1862,A1825
sup,A1862,A1679
sup,A1862,A2139
sup,A1862,A2201
sup,A1862,A1409
sup,A1862,A1404
sup,A1862,A2417
sup,A1862,A647
sup,A1862,A1527
sup,A1862,A2275
sup,A1862,A1391
sup,A1862,A238
sup,A1862,A1611
sup,A1862,A2302
sup,A1862,A316
sup,A1865,A2484
sup,A1865,A761
sup,A1865,A2573
sup,A1865,A49
sup,A1865,A1889
sup,A1865,A916
sup,A1865,A1117
sup,A1865,A701
sup,A1865,A2423
sup,A1866,A793
sup,A1866,A157
sup,A1866,A2133
sup,A1866,A1141
sup,A1866,A892
sup,A1866,A1915
sup,A1866,A668
sup,A1866,A5
sup,A1866,A1479
sup,A1866,A1764
sup,A1866,A2651
sup,A1866,A450
sup,A1866,A1983
sup,A1866,A1255
sup,A1866,A2405
sup,A1866,A1616
sup,A1866,A2444
sup,A1868,A213
sup,A1868,A1154
sup,A1868,A1636
sup,A1868,A78
sup,A1868,A2577
sup,A1868,A1885
sup,A1868,A1035
sup,A1868,A95
sup,A1868,A1796
sup,A1868,A171
sup,A1868,A2423
sup,A1868,A455
sup,A1868,A1818
sup,A1869,A2486
sup,A1870,A1798
sup,A1870,A2211
sup,A1870,A2233
sup,A1870,A2474
sup,A1870,A923
sup,A1870,A737
sup,A1870,A75
sup,A1870,A1971
sup,A1870,A1489
sup,A1870,A1940
sup,A1870,A762
sup,A1870,A983
sup,A1872,A708
sup,A1872,A1347
sup,A1872,A1035
sup,A1872,A1442
sup,A1872,A902
sup,A1872,A1487
sup,A1872,A745
sup,A1872,A1441
sup,A1872,A1760
sup,A1872,A927
sup,A1872,A1997
sup,A1872,A657
sup,A1873,A1015
sup,A1873,A2172
sup,A1873,A733
sup,A1873,A731
sup,A1873,A1299
sup,A1873,A1184
sup,A1876,A90
sup,A1876,A2242
sup,A1876,A943
sup,A1876,A853
sup,A1876,A51
sup,A1876,A877
sup,A1876,A1169
sup,A1876,A996
sup,A1878,A152
sup,A1878,A850
sup,A1878,A2157
sup,A1878,A1856
sup,A1878,A610
sup,A1878,A2456
sup,A1878,A250
sup,A1878,A1184
sup,A1878,A1845
sup,A1878,A1007
sup,A1878,A588
sup,A1878,A307
sup,A1878,A67
sup,A1878,A1604
sup,A1881,A1993
sup,A1881,A2250
sup,A1881,A1118
sup,A1881,A2626
sup,A1881,A925
sup,A1881,A1710
sup,A1881,A1573
sup,A1881,A341
sup,A1881,A1275
sup,A1881,A2515
sup,A1881,A2491
sup,A1881,A1100
sup,A1881,A2589
sup,A1881,A346
sup,A1881,A1700
sup,A1881,A646
sup,A1881,A1889
sup,A1882,A1991
sup,A1882,A1018
sup,A1882,A1751
sup,A1882,A2525
sup,A1882,A1133
sup,A1882,A1367
sup,A1882,A1102
sup,A1882,A2551
sup,A1882,A2247
sup,A1882,A2669
sup,A1882,A1641
sup,A1882,A604
sup,A1882,A1993
sup,A1882,A381
sup,A1882,A1074
sup,A1882,A2287
sup,A1882,A2202
sup,A1882,A2055
sup,A1882,A657
sup,A1882,A1401
sup,A1882,A1268
sup,A1882,A981
sup,A1884,A1351
sup,A1884,A639
sup,A1884,A1090
sup,A1884,A607
sup,A1884,A2460
sup,A1884,A1039
sup,A1885,A2597
sup,A1885,A348
sup,A1885,A915
sup,A1885,A69
sup,A1885,A1195
sup,A1885,A733
sup,A1885,A795
sup,A1885,A1859
sup,A1885,A2202
sup,A1887,A2066
sup,A1887,A1381
sup,A1887,A2336
sup,A1887,A1916
sup,A1889,A2115
sup,A1889,A1625
sup,A1889,A114
sup,A1889,A970
sup,A1889,A2592
sup,A1889,A1229
sup,A1889,A1225
sup,A1889,A1816
sup,A1889,A1448
sup,A1891,A104
sup,A1891,A794
sup,A1891,A1276
sup,A1891,A2436
sup,A1891,A2035
sup,A1891,A2278
sup,A1891,A2321
sup,A1891,A1277
sup,A1891,A115
sup,A1891,A812
sup,A1891,A2256
sup,A1891,A2417
sup,A1891,A1293
sup,A1891,A563
sup,A1891,A2238
sup,A1891,A682
sup,A1891,A1037
sup,A1891,A1659
sup,A1891,A2511
sup,A1892,A1090
sup,A1892,A867
sup,A1892,A1307
sup,A1892,A120
sup,A1892,A1706
sup,A1892,A927
sup,A1892,A259
sup,A1892,A643
sup,A1892,A290
sup,A1892,A138
sup,A1892,A700
sup,A1895,A640
sup,A1895,A784
sup,A1895,A2617
sup,A1895,A1041
sup,A1895,A7
sup,A1895,A229
sup,A1895,A2503
sup,A1897,A488
sup,A1897,A783
sup,A1897,A1364
sup,A1897,A2356
sup,A1897,A786
sup,A1898,A2625
sup,A1898,A651
sup,A1901,A2408
sup,A1901,A2041
sup,A1901,A991
sup,A1901,A2413
sup,A1901,A188
sup,A1904,A2602
sup,A1904,A1907
sup,A1904,A1608
sup,A1904,A1442
sup,A1904,A526
sup,A1904,A1920
sup,A1904,A2358
sup,A1904,A1850
sup,A1904,A1975
sup,A1904,A2663
sup,A1904,A738
sup,A1904,A832
sup,A1904,A2495
sup,A1904,A1331
sup,A1904,A728
sup,A1904,A790
sup,A1904,A1207
sup,A1904,A755
sup,A1904,A1560
sup,A1904,A955
sup,A1904,A2079
sup,A1904,A2543
sup,A1907,A1166
sup,A1907,A1699
sup,A1907,A1603
sup,A1907,A1668
sup,A1907,A1020
sup,A1907,A1428
sup,A1907,A1511
sup,A1908,A1105
sup,A1908,A868
sup,A1908,A1245
sup,A1908,A1578
sup,A1908,A2104
sup,A1908,A219
sup,A1908,A1886
sup,A1908,A810
sup,A1908,A1871
sup,A1909,A879
sup,A1909,A348
sup,A1910,A77
sup,A1910,A869
sup,A1910,A93
sup,A1910,A1451
sup,A1910,A209
sup,A1910,A1326
sup,A1910,A1821
sup,A1910,A2300
sup,A1910,A1524
sup,A1910,A1974
sup,A1910,A132
sup,A1910,A6
sup,A1910,A131
sup,A1910,A108
sup,A1910,A1949
sup,A1915,A1858
sup,A1915,A2398
sup,A1915,A2327
sup,A1915,A2354
sup,A1915,A856
sup,A1915,A63
sup,A1915,A2126
sup,A1915,A2110
sup,A1915,A1378
sup,A1915,A141
sup,A1915,A2627
sup,A1915,A1209
sup,A1915,A2187
sup,A1915,A2128
sup,A1915,A528
sup,A1916,A1737
sup,A1916,A1154
sup,A1916,A1076
sup,A1916,A1599
sup,A1916,A675
sup,A1916,A825
sup,A1916,A502
sup,A1916,A2538
sup,A1916,A1960
sup,A1916,A2492
sup,A1916,A1756
sup,A1916,A2106
sup,A1916,A2241
sup,A1916,A1722
sup,A1916,A2235
sup,A1916,A1338
sup,A1916,A2175
sup,A1916,A1562
sup,A1916,A2206
sup,A1916,A1747
sup,A1916,A2605
sup,A1916,A1876
sup,A1916,A2177
sup,A1917,A156
sup,A1917,A1875
sup,A1917,A199
sup,A1917,A155
sup,A1917,A538
sup,A1917,A1087
sup,A1917,A780
sup,A1917,A942
sup,A1918,A1920
sup,A1918,A285
sup,A1918,A2364
sup,A1918,A1423
sup,A1918,A1468
sup,A1918,A942
sup,A1918,A1236
sup,A1918,A2665
sup,A1918,A76
sup,A1918,A639
sup,A1918,A1651
sup,A1918,A822
sup,A1918,A2230
sup,A1918,A2210
sup,A1918,A2261
sup,A1918,A1371
sup,A1918,A770
sup,A1918,A1176
sup,A1918,A326
sup,A1918,A1827
sup,A1918,A1026
sup,A1918,A265
sup,A1918,A117
sup,A1918,A1186
sup,A1918,A1802
sup,A1920,A1871
sup,A1920,A711
sup,A1920,A1590
sup,A1920,A795
sup,A1920,A177
sup,A1920,A393
sup,A1920,A1665
sup,A1920,A2400
sup,A1920,A1548
sup,A1920,A889
sup,A1920,A1027
sup,A1920,A1938
sup,A1920,A830
sup,A1920,A1070
sup,A1922,A1850
sup,A1922,A297
sup,A1922,A1634
sup,A1922,A397
sup,A1922,A1491
sup,A1922,A1309
sup,A1922,A2203
sup,A1922,A1331
sup,A1922,A1882
sup,A1922,A1227
sup,A1922,A2218
sup,A1922,A1561
sup,A1922,A1976
sup,A1922,A636
sup,A1922,A649
sup,A1922,A2259
sup,A1923,A2318
sup,A1923,A1066
sup,A1923,A567
sup,A1923,A694
sup,A1923,A1042
sup,A1925,A482
sup,A1925,A2479
sup,A1925,A2577
sup,A1925,A841
sup,A1925,A1383
sup,A1925,A2003
sup,A1925,A2444
sup,A1925,A889
sup,A1925,A332
sup,A1925,A40
sup,A1925,A1206
sup,A1925,A1231
sup,A1925,A1770
sup,A1925,A679
sup,A1925,A1252
sup,A1925,A433
sup,A1929,A1619
sup,A1929,A1188
sup,A1929,A2530
sup,A1929,A1358
sup,A1929,A2207
sup,A1929,A2341
sup,A1929,A516
sup,A1929,A1822
sup,A1929,A2122
sup,A1929,A2454
sup,A1931,A2668
sup,A1931,A333
sup,A1931,A1035
sup,A1931,A2379
sup,A1931,A500
sup,A1931,A1640
sup,A1931,A45
sup,A1931,A1300
sup,A1931,A162
sup,A1931,A1128
sup,A1931,A1875
sup,A1931,A2563
sup,A1931,A2254
sup,A1931,A2334
sup,A1931,A387
sup,A1931,A356
sup,A1931,A2262
sup,A1931,A2692
sup,A1931,A2557
sup,A1931,A2491
sup,A1933,A2054
sup,A1933,A219
sup,A1933,A646
sup,A1933,A1565
sup,A1933,A1334
sup,A1933,A1983
sup,A1933,A2065
sup,A1933,A907
sup,A1933,A2210
sup,A1933,A385
sup,A1933,A2585
sup,A1933,A1288
sup,A1933,A952
sup,A1933,A2347
sup,A1933,A2640
sup,A1933,A1263
sup,A1934,A1326
sup,A1934,A727
sup,A1934,A738
sup,A1934,A942
sup,A1934,A2588
sup,A1934,A1454
sup,A1934,A1718
sup,A1934,A646
sup,A1934,A2610
sup,A1934,A2205
sup,A1934,A1147
sup,A1934,A63
sup,A1934,A69
sup,A1934,A424
sup,A1935,A1092
sup,A1935,A948
sup,A1935,A1835
sup,A1935,A1299
sup,A1935,A1696
sup,A1935,A1283
sup,A1935,A1398
sup,A1935,A121
sup,A1935,A1391
sup,A1935,A545
sup,A1935,A1041
sup,A1935,A2084
sup,A1935,A277
sup,A1935,A537
sup,A1935,A213
sup,A1935,A1145
sup,A1935,A2135
sup,A1935,A390
sup,A1935,A351
sup,A1935,A2311
sup,A1936,A1009
sup,A1936,A351
sup,A1936,A200
sup,A1936,A344
sup,A1936,A2640
sup,A1936,A1869
sup,A1936,A132
sup,A1936,A814
sup,A1936,A1437
sup,A1936,A236
sup,A1936,A1137
sup,A1936,A1380
sup,A1936,A2428
sup,A1936,A1323
sup,A1936,A1772
sup,A1936,A2679
sup,A1936,A810
sup,A1938,A2354
sup,A1938,A2510
sup,A1938,A703
sup,A1938,A1169
sup,A1938,A79
sup,A1938,A2216
sup,A1938,A2411
sup,A1938,A895
sup,A1938,A467
sup,A1938,A1178
sup,A1938,A1787
sup,A1938,A601
sup,A1938,A2355
sup,A1938,A2523
sup,A1938,A2439
sup,A1938,A750
sup,A1938,A1208
sup,A1938,A2655
sup,A1940,A2344
sup,A1940,A673
sup,A1940,A1594
sup,A1940,A843
sup,A1940,A1886
sup,A1940,A2218
sup,A1940,A1115
sup,A1940,A1408
sup,A1940,A1920
sup,A1940,A1652
sup,A1940,A2338
sup,A1940,A1413
sup,A1940,A2567
sup,A1940,A2115
sup,A1940,A956
sup,A1940,A38
sup,A1940,A1025
sup,A1940,A2409
sup,A1943,A1901
sup,A1943,A824
sup,A1943,A461
sup,A1943,A490
sup,A1943,A1825
sup,A1943,A1730
sup,A1943,A1797
sup,A1943,A1474
sup,A1943,A2380
sup,A1943,A943
sup,A1943,A1378
sup,A1943,A1749
sup,A1943,A684
sup,A1943,A685
sup,A1943,A1060
sup,A1943,A1462
sup,A1943,A2221
sup,A1943,A212
sup,A1943,A2097
sup,A1943,A215
sup,A1943,A1188
sup,A1943,A1670
sup,A1943,A342
sup,A1943,A96
sup,A1946,A588
sup,A1946,A529
sup,A1946,A1784
sup,A1946,A1758
sup,A1946,A173
sup,A1946,A1826
sup,A1946,A2557
sup,A1946,A1288
sup,A1946,A1009
sup,A1946,A2691
sup,A1946,A2132
sup,A1946,A1036
sup,A1946,A2423
sup,A1946,A1889
sup,A1946,A2241
sup,A1946,A240
sup,A1946,A894
sup,A1946,A21
sup,A1949,A2349
sup,A1949,A1572
sup,A1949,A513
sup,A1949,A2003
sup,A1949,A2651
sup,A1949,A1089
sup,A1949,A2278
sup,A1949,A2215
sup,A1949,A838
sup,A1949,A388
sup,A1949,A897
sup,A1949,A2033
sup,A1949,A628
sup,A1949,A2410
sup,A1952,A1257
sup,A1952,A789
sup,A1952,A881
sup,A1952,A709
sup,A1952,A567
sup,A1953,A1965
sup,A1953,A177
sup,A1953,A836
sup,A1953,A2464
sup,A1953,A1219
sup,A1953,A2164
sup,A1953,A256
sup,A1953,A2187
sup,A1953,A2535
sup,A1953,A2680
sup,A1953,A2606
sup,A1953,A5
sup,A1953,A15
sup,A1953,A2260
sup,A1953,A1763
sup,A1953,A1356
sup,A1953,A1975
sup,A1953,A1595
sup,A1955,A1540
sup,A1955,A2223
sup,A1957,A1930
sup,A1959,A1000
sup,A1959,A1909
sup,A1959,A2384
sup,A1959,A2523
sup,A1959,A938
sup,A1959,A401
sup,A1959,A1943
sup,A1959,A238
sup,A1959,A677
sup,A1959,A1028
sup,A1959,A336
sup,A1959,A493
sup,A1959,A1865
sup,A1959,A1118
sup,A1959,A1074
sup,A1959,A637
sup,A1959,A1743
sup,A1959,A256
sup,A1964,A138
sup,A1964,A2695
sup,A1964,A749
sup,A1964,A702
sup,A1964,A2229
sup,A1964,A2602
sup,A1964,A238
sup,A1964,A1093
sup,A1964,A1271
sup,A1967,A1707
sup,A1967,A349
sup,A1967,A153
sup,A1967,A1878
sup,A1967,A2280
sup,A1967,A155
sup,A1968,A2031
sup,A1968,A1258
sup,A1968,A1336
sup,A1968,A269
sup,A1968,A1196
sup,A1968,A117
sup,A1968,A1872
sup,A1968,A181
sup,A1968,A954
sup,A1968,A1798
sup,A1968,A2585
sup,A1968,A1287
sup,A1968,A2656
sup,A1968,A1744
sup,A1968,A2322
sup,A1968,A1904
sup,A1968,A1136
sup,A1968,A1370
sup,A1968,A258
sup,A1968,A140
sup,A1969,A2594
sup,A1969,A487
sup,A1969,A35
sup,A1969,A2424
sup,A1969,A1376
sup,A1969,A912
sup,A1969,A396
sup,A1969,A2285
sup,A1969,A1113
sup,A1969,A1817
sup,A1969,A1861
sup,A1969,A397
sup,A1969,A2462
sup,A1969,A229
sup,A1969,A1242
sup,A1969,A661
sup,A1971,A2153
sup,A1971,A1934
sup,A1971,A1652
sup,A1971,A2436
sup,A1971,A96
sup,A1971,A2122
sup,A1971,A2691
sup,A1971,A1778
sup,A1971,A2043
sup,A1971,A307
sup,A1971,A1297
sup,A1971,A2103
sup,A1971,A2524
sup,A1973,A356
sup,A1973,A924
sup,A1973,A2637
sup,A1973,A373
sup,A1973,A2494
sup,A1973,A66
sup,A1973,A403
sup,A1973,A1132
sup,A1973,A1913
sup,A1973,A765
sup,A1973,A644
sup,A1973,A590
sup,A1973,A937
sup,A1974,A177
sup,A1974,A2159
sup,A1974,A1750
sup,A1974,A335
sup,A1974,A787
sup,A1974,A1233
sup,A1974,A685
sup,A1974,A1486
sup,A1974,A696
sup,A1974,A1311
sup,A1974,A114
sup,A1974,A819
sup,A1974,A795
sup,A1974,A1495
sup,A1974,A1926
sup,A1974,A2126
sup,A1974,A480
sup,A1974,A1308
sup,A1974,A1700
sup,A1974,A2533
sup,A1974,A19
sup,A1974,A2560
sup,A1974,A1983
sup,A1974,A309
sup,A1974,A1793
sup,A1974,A22
sup,A1976,A2470
sup,A1976,A678
sup,A1976,A1085
sup,A1976,A268
sup,A1976,A798
sup,A1976,A2440
sup,A1977,A2100
sup,A1977,A2641
sup,A1977,A720
sup,A1977,A336
sup,A1977,A44
sup,A1977,A2642
sup,A1977,A2568
sup,A1977,A1525
sup,A1977,A153
sup,A1977,A2446
sup,A1977,A1574
sup,A1977,A1023
sup,A1977,A2659
sup,A1977,A2574
sup,A1977,A1825
sup,A1977,A1827
sup,A1977,A2629
sup,A1977,A475
sup,A1977,A2268
sup,A1977,A113
sup,A1977,A1826
sup,A1978,A1419
sup,A1978,A1095
sup,A1978,A1917
sup,A1979,A2071
sup,A1979,A2218
sup,A1979,A1614
sup,A1979,A1421
sup,A1979,A1428
sup,A1979,A2156
sup,A1979,A400
sup,A1979,A1505
sup,A1979,A1609
sup,A1979,A813
sup,A1979,A1765
sup,A1979,A238
sup,A1979,A941
sup,A1979,A989
sup,A1979,A1837
sup,A1979,A1265
sup,A1979,A2322
sup,A1979,A23
sup,A1981,A2486
sup,A1981,A273
sup,A1981,A1994
sup,A1981,A1551
sup,A1981,A504
sup,A1981,A515
sup,A1982,A1967
sup,A1982,A667
sup,A1982,A18
sup,A1982,A821
sup,A1982,A1640
sup,A1982,A211
sup,A1982,A2662
sup,A1982,A748
sup,A1982,A1050
sup,A1982,A2069
sup,A1983,A2009
sup,A1983,A2357
sup,A1983,A2370
sup,A1983,A1022
sup,A1983,A1919
sup,A1983,A1078
sup,A1983,A1417
sup,A1983,A1185
sup,A1983,A1602
sup,A1983,A1041
sup,A1983,A1580
sup,A1984,A2629
sup,A1984,A2685
sup,A1984,A2638
sup,A1984,A1191
sup,A1984,A447
sup,A1984,A1926
sup,A1984,A117
sup,A1984,A1550
sup,A1984,A1759
sup,A1984,A131
sup,A1984,A766
sup,A1984,A798
sup,A1984,A1288
sup,A1984,A2359
sup,A1984,A90
sup,A1984,A1000
sup,A1984,A1790
sup,A1984,A2059
sup,A1984,A2016
sup,A1984,A2465
sup,A1984,A1310
sup,A1987,A1678
sup,A1987,A1467
sup,A1987,A1246
sup,A1987,A2238
sup,A1987,A490
sup,A1987,A147
sup,A1987,A2421
sup,A1987,A2457
sup,A1987,A1911
sup,A1987,A962
sup,A1987,A606
sup,A1987,A2088
sup,A1987,A1050
sup,A1987,A1779
sup,A1989,A760
sup,A1989,A1732
sup,A1989,A2497
sup,A1989,A248
sup,A1989,A1575
sup,A1989,A1194
sup,A1989,A2365
sup,A1989,A1567
sup,A1989,A1839
sup,A1989,A1931
sup,A1989,A640
sup,A1989,A1026
sup,A1989,A1799
sup,A1989,A2318
sup,A1989,A708
sup,A1989,A1397
sup,A1990,A687
sup,A1990,A2012
sup,A1990,A1162
sup,A1990,A718
sup,A1990,A206
sup,A1990,A973
sup,A1990,A636
sup,A1990,A758
sup,A1990,A2152
sup,A1991,A369
sup,A1991,A2460
sup,A1991,A1049
sup,A1991,A1673
sup,A1991,A2399
sup,A1991,A2107
sup,A1991,A887
sup,A1991,A1191
sup,A1991,A2148
sup,A1991,A567
sup,A1991,A1129
sup,A1991,A410
sup,A1991,A1196
sup,A1991,A357
sup,A1991,A354
sup,A1991,A2361
sup,A1991,A140
sup,A1991,A266
sup,A1991,A1103
sup,A1993,A447
sup,A1993,A2272
sup,A1993,A397
sup,A1993,A2320
sup,A1993,A1684
sup,A1993,A1639
sup,A1993,A1896
sup,A1993,A2477
sup,A1993,A2242
sup,A1994,A335
sup,A1994,A2227
sup,A1994,A897
sup,A1994,A90
sup,A1994,A2445
sup,A1994,A764
sup,A1994,A1088
sup,A1994,A405
sup,A1994,A2512
sup,A1994,A1073
sup,A1994,A9
sup,A1994,A1466
sup,A1994,A463
sup,A1998,A1693
sup,A1998,A2487
sup,A1998,A1995
sup,A1998,A645
sup,A2000,A1579
sup,A2000,A1684
sup,A2000,A1231
sup,A2000,A933
sup,A2001,A562
sup,A2001,A2334
sup,A2001,A215
sup,A2001,A2681
sup,A2001,A2299
sup,A2001,A963
sup,A2001,A2654
sup,A2001,A805
sup,A2001,A1330
sup,A2001,A556
sup,A2001,A358
sup,A2001,A2698
sup,A2001,A73
sup,A2001,A2035
sup,A2001,A1414
sup,A2001,A1488
sup,A2001,A108
sup,A2001,A62
sup,A2001,A1164
sup,A2003,A701
sup,A2003,A1704
sup,A2003,A2241
sup,A2003,A1135
sup,A2003,A2592
sup,A2003,A2635
sup,A2003,A1132
sup,A2008,A752
sup,A2008,A586
sup,A2008,A2595
sup,A2008,A380
sup,A2008,A1968
sup,A2008,A168
sup,A2008,A802
sup,A2008,A2448
sup,A2008,A657
sup,A2008,A1385
sup,A2008,A1000
sup,A2008,A1029
sup,A2008,A1456
sup,A2008,A1826
sup,A2008,A1510
sup,A2008,A1087
sup,A2008,A2491
sup,A2008,A833
sup,A2008,A2035
sup,A2008,A2624
sup,A2008,A1146
sup,A2008,A2647
sup,A2008,A1862
sup,A2008,A2422
sup,A2008,A402
sup,A2008,A110
sup,A2013,A1596
sup,A2013,A1258
sup,A2013,A1229
sup,A2013,A2056
sup,A2013,A2646
sup,A2013,A2345
sup,A2013,A2609
sup,A2013,A914
sup,A2013,A115
sup,A2013,A2670
sup,A2013,A1811
sup,A2013,A621
sup,A2015,A1671
sup,A2015,A240
sup,A2015,A2481
sup,A2015,A1815
sup,A2015,A1851
sup,A2015,A368
sup,A2015,A325
sup,A2015,A329
sup,A2015,A2631
sup,A2015,A521
sup,A2015,A398
sup,A2015,A959
sup,A2015,A2354
sup,A2015,A1624
sup,A2015,A786
sup,A2019,A1219
sup,A2019,A1082
sup,A2019,A712
sup,A2019,A1258
sup,A2019,A888
sup,A2019,A861
sup,A2019,A2189
sup,A2019,A836
sup,A2019,A1945
sup,A2019,A2429
sup,A2019,A2191
sup,A2019,A1361
sup,A2019,A1305
sup,A2019,A1801
sup,A2019,A2054
sup,A2019,A2439
sup,A2019,A2593
sup,A2019,A1432
sup,A2019,A669
sup,A2027,A1602
sup,A2027,A889
sup,A2027,A1929
sup,A2027,A987
sup,A2027,A2229
sup,A2027,A251
sup,A2027,A1236
sup,A2027,A2417
sup,A2027,A383
sup,A2027,A1243
sup,A2027,A2485
sup,A2027,A1039
sup,A2027,A1853
sup,A2027,A369
sup,A2027,A877
sup,A2027,A1372
sup,A2027,A1052
sup,A2027,A2239
sup,A2027,A2380
sup,A2027,A836
sup,A2027,A2498
sup,A2027,A2571
sup,A2027,A185
sup,A2027,A1318
sup,A2027,A1423
sup,A2027,A1178
sup,A2027,A1834
sup,A2027,A658
sup,A2028,A475
sup,A2028,A1342
sup,A2028,A1449
sup,A2028,A1666
sup,A2028,A1545
sup,A2028,A859
sup,A2028,A1702
sup,A2028,A2475
sup,A2028,A1272
sup,A2028,A1199
sup,A2028,A1268
sup,A2028,A1927
sup,A2028,A1971
sup,A2028,A930
sup,A2028,A1878
sup,A2028,A173
sup,A2028,A2545
sup,A2028,A521
sup,A2028,A141
sup,A2028,A1529
sup,A2028,A1896
sup,A2028,A604
sup,A2028,A1849
sup,A2029,A1894
sup,A2029,A1579
sup,A2029,A1559
sup,A2029,A19
sup,A2029,A307
sup,A2029,A315
sup,A2029,A170
sup,A2029,A473
sup,A2029,A1270
sup,A2029,A180
sup,A2031,A866
sup,A2031,A317
sup,A2031,A1656
sup,A2031,A876
sup,A2031,A2190
sup,A2031,A1709
sup,A2031,A313
sup,A2031,A1075
sup,A2031,A925
sup,A2031,A2445
sup,A2031,A954
sup,A2031,A1857
sup,A2031,A943
sup,A2031,A17
sup,A2031,A2343
sup,A2031,A573
sup,A2031,A572
sup,A2031,A95
sup,A2031,A439
sup,A2031,A1744
sup,A2031,A99
sup,A2031,A642
sup,A2031,A524
sup,A2031,A2562
sup,A2035,A1662
sup,A2035,A2614
sup,A2035,A2438
sup,A2035,A2085
sup,A2035,A747
sup,A2035,A1864
sup,A2035,A716
sup,A2035,A2575
sup,A2035,A1505
sup,A2035,A1224
sup,A2035,A1378
sup,A2035,A2306
sup,A2035,A2153
sup,A2035,A1037
sup,A2035,A1603
sup,A2035,A2299
sup,A2035,A162
sup,A2035,A2652
sup,A2035,A1210
sup,A2035,A1710
sup,A2035,A1701
sup,A2035,A2076
sup,A2035,A2291
sup,A2035,A999
sup,A2035,A1282
sup,A2035,A1576
sup,A2035,A2551
sup,A2035,A602
sup,A2035,A1593
sup,A2038,A1863
sup,A2038,A1187
sup,A2038,A2246
sup,A2038,A629
sup,A2038,A1921
sup,A2038,A196
sup,A2038,A2107
sup,A2038,A138
sup,A2038,A620
sup,A2038,A228
sup,A2038,A101
sup,A2038,A1839
sup,A2038,A1420
sup,A2038,A1551
sup,A2038,A2317
sup,A2038,A862
sup,A2038,A1938
sup,A2038,A2313
sup,A2038,A102
sup,A2038,A680
sup,A2038,A163
sup,A2038,A2528
sup,A2039,A739
sup,A2039,A1584
sup,A2039,A2145
sup,A2039,A593
sup,A2039,A2169
sup,A2039,A659
sup,A2039,A760
sup,A2039,A2589
sup,A2039,A731
sup,A2041,A1182
sup,A2041,A384
sup,A2041,A1271
sup,A2041,A2659
sup,A2041,A1926
sup,A2041,A1608
sup,A2044,A1213
sup,A2044,A789
sup,A2044,A1646
sup,A2044,A1485
sup,A2044,A1085
sup,A2044,A2499
sup,A2044,A1244
sup,A2044,A1313
sup,A2044,A1115
sup,A2045,A1930
sup,A2045,A450
sup,A2045,A2168
sup,A2045,A1007
sup,A2045,A1804
sup,A2045,A1104
sup,A2045,A2580
sup,A2045,A849
sup,A2045,A2632
sup,A2046,A1227
sup,A2046,A1548
sup,A2047,A1620
sup,A2047,A1005
sup,A2047,A2292
sup,A2047,A2427
sup,A2047,A1920
sup,A2047,A313
sup,A2047,A1216
sup,A2047,A1985
sup,A2047,A1575
sup,A2048,A261
sup,A2048,A2412
sup,A2048,A1229
sup,A2048,A1298
sup,A2048,A631
sup,A2048,A1279
sup,A2048,A2149
sup,A2048,A2484
sup,A2049,A804
sup,A2049,A2407
sup,A2049,A270
sup,A2049,A1851
sup,A2049,A1564
sup,A2049,A1774
sup,A2049,A289
sup,A2049,A1720
sup,A2051,A1049
sup,A2051,A648
sup,A2051,A1091
sup,A2051,A862
sup,A2051,A572
sup,A2051,A132
sup,A2054,A1607
sup,A2054,A1857
sup,A2054,A1360
sup,A2054,A535
sup,A2054,A1972
sup,A2054,A1888
sup,A2054,A1194
sup,A2054,A1736
sup,A2054,A1767
sup,A2054,A1028
sup,A2054,A1926
sup,A2054,A2041
sup,A2054,A333
sup,A2054,A1265
sup,A2059,A162
sup,A2059,A1918
sup,A2059,A2566
sup,A2059,A1334
sup,A2059,A835
sup,A2059,A1353
sup,A2059,A1019
sup,A2059,A2671
sup,A2059,A1941
sup,A2059,A1247
sup,A2059,A1514
sup,A2059,A1309
sup,A2059,A209
sup,A2059,A2620
sup,A2061,A1713
sup,A2063,A1881
sup,A2063,A19
sup,A2063,A1336
sup,A2063,A45
sup,A2063,A2063
sup,A2063,A1176
sup,A2063,A1528
sup,A2063,A2193
sup,A2063,A2388
sup,A2063,A625
sup,A2063,A122
sup,A2063,A401
sup,A2063,A211
sup,A2063,A2508
sup,A2063,A179
sup,A2065,A1704
sup,A2065,A2486
sup,A2065,A325
sup,A2065,A141
sup,A2065,A411
sup,A2065,A1247
sup,A2065,A1990
sup,A2065,A1849
sup,A2065,A1734
sup,A2065,A1825
sup,A2065,A87
sup,A2065,A2200
sup,A2065,A2587
sup,A2065,A1512
sup,A2067,A724
sup,A2067,A2692
sup,A2067,A1111
sup,A2067,A1898
sup,A2067,A1992
sup,A2067,A1395
sup,A2067,A678
sup,A2069,A1359
sup,A2069,A1806
sup,A2069,A454
sup,A2069,A378
sup,A2069,A2097
sup,A2069,A809
sup,A2069,A2665
sup,A2069,A1609
sup,A2069,A1599
sup,A2072,A2664
sup,A2072,A532
sup,A2072,A2623
sup,A2072,A2538
sup,A2072,A257
sup,A2072,A2558
sup,A2072,A2366
sup,A2072,A1442
sup,A2072,A1645
sup,A2072,A1008
sup,A2072,A1199
sup,A2072,A2476
sup,A2072,A23
sup,A2072,A935
sup,A2072,A347
sup,A2072,A2217
sup,A2072,A1364
sup,A2073,A2371
sup,A2073,A2164
sup,A2073,A2377
sup,A2073,A263
sup,A2073,A1764
sup,A2073,A1507
sup,A2074,A856
sup,A2074,A275
sup,A2074,A341
sup,A2074,A415
sup,A2074,A1830
sup,A2074,A2347
sup,A2074,A2357
sup,A2074,A2235
sup,A2074,A1760
sup,A2074,A1484
sup,A2074,A31
sup,A2074,A232
sup,A2074,A2511
sup,A2074,A1730
sup,A2074,A2177
sup,A2074,A834
sup,A2074,A499
sup,A2074,A1805
sup,A2075,A1407
sup,A2075,A2501
sup,A2075,A1236
sup,A2075,A822
sup,A2075,A29
sup,A2075,A1907
sup,A2075,A1890
sup,A2075,A1213
sup,A2075,A1637
sup,A2075,A1207
sup,A2075,A2139
sup,A2075,A625
sup,A2075,A2357
sup,A2075,A1100
sup,A2075,A756
sup,A2075,A2637
sup,A2075,A2419
sup,A2075,A2653
sup,A2081,A1958
sup,A2081,A1334
sup,A2081,A2508
sup,A2081,A537
sup,A2081,A1188
sup,A2081,A2224
sup,A2081,A2249
sup,A2081,A484
sup,A2081,A494
sup,A2081,A468
sup,A2081,A573
sup,A2081,A771
sup,A2081,A2127
sup,A2081,A887
sup,A2081,A2527
sup,A2082,A296
sup,A2082,A914
sup,A2082,A2480
sup,A2082,A2549
sup,A2082,A239
sup,A2082,A2215
sup,A2085,A946
sup,A2085,A363
sup,A2085,A1302
sup,A2085,A631
sup,A2085,A576
sup,A2085,A2091
sup,A2086,A1838
sup,A2086,A1530
sup,A2086,A759
sup,A2086,A908
sup,A2086,A2259
sup,A2086,A1516
sup,A2086,A926
sup,A2086,A2299
sup,A2086,A46
sup,A2086,A2094
sup,A2087,A2198
sup,A2087,A2587
sup,A2087,A1065
sup,A2087,A1764
sup,A2087,A1910
sup,A2087,A537
sup,A2087,A1424
sup,A2087,A944
sup,A2087,A227
sup,A2087,A1761
sup,A2087,A1496
sup,A2087,A1090
sup,A2087,A1501
sup,A2088,A1723
sup,A2088,A1937
sup,A2088,A1452
sup,A2088,A1997
sup,A2088,A1023
sup,A2088,A1884
sup,A2089,A1384
sup,A2089,A2532
sup,A2089,A1315
sup,A2089,A2025
sup,A2089,A1838
sup,A2089,A521
sup,A2089,A1700
sup,A2089,A2079
sup,A2089,A2288
sup,A2089,A329
sup,A2089,A1259
sup,A2089,A390
sup,A2089,A1679
sup,A2089,A1799
sup,A2089,A892
sup,A2089,A1012
sup,A2089,A639
sup,A2089,A350
sup,A2089,A726
sup,A2089,A851
sup,A2089,A2126
sup,A2089,A2416
sup,A2090,A2585
sup,A2090,A1660
sup,A2090,A192
sup,A2090,A1791
sup,A2090,A795
sup,A2090,A907
sup,A2090,A1502
sup,A2090,A737
sup,A2090,A884
sup,A2090,A1320
sup,A2090,A368
sup,A2090,A950
sup,A2090,A1195
sup,A2092,A2053
sup,A2092,A814
sup,A2092,A72
sup,A2094,A511
sup,A2094,A1713
sup,A2094,A969
sup,A2094,A2526
sup,A2094,A2
sup,A2094,A1601
sup,A2094,A1930
sup,A2094,A2414
sup,A2094,A1612
sup,A2094,A596
sup,A2094,A2627
sup,A2097,A944
sup,A2097,A2411
sup,A2097,A376
sup,A2097,A876
sup,A2097,A2509
sup,A2097,A590
sup,A2097,A1380
sup,A2097,A826
sup,A2097,A447
sup,A2097,A2155
sup,A2097,A2169
sup,A2099,A1569
sup,A2099,A467
sup,A2099,A1443
sup,A2099,A2230
sup,A2099,A1652
sup,A2099,A1192
sup,A2099,A1246
sup,A2099,A760
sup,A2100,A2380
sup,A2100,A200
sup,A2100,A459
sup,A2100,A2057
sup,A2100,A718
sup,A2100,A1745
sup,A2100,A635
sup,A2100,A2472
sup,A2100,A124
sup,A2100,A1112
sup,A2100,A898
sup,A2100,A1902
sup,A2100,A939
sup,A2100,A80
sup,A2100,A2653
sup,A2102,A1044
sup,A2102,A1948
sup,A2102,A707
sup,A2102,A1618
sup,A2102,A738
sup,A2102,A1107
sup,A2102,A654
sup,A2102,A345
sup,A2102,A2344
sup,A2102,A2639
sup,A2102,A1369
sup,A2102,A548
sup,A2102,A59
sup,A2102,A2470
sup,A2102,A2099
sup,A2102,A2427
sup,A2102,A705
sup,A2102,A1937
sup,A2102,A2017
sup,A2102,A1526
sup,A2102,A584
sup,A2102,A958
sup,A2106,A387
sup,A2106,A799
sup,A2106,A2337
sup,A2106,A65
sup,A2106,A2025
sup,A2106,A2480
sup,A2106,A1372
sup,A2106,A1779
sup,A2106,A327
sup,A2106,A145
sup,A2106,A1651
sup,A2106,A653
sup,A2106,A2441
sup,A2106,A834
sup,A2106,A2627
sup,A2106,A1894
sup,A2106,A2664
sup,A2106,A1007
sup,A2106,A2036
sup,A2106,A1017
sup,A2106,A2525
sup,A2106,A747
sup,A2107,A2698
sup,A2107,A2561
sup,A2107,A2660
sup,A2107,A2388
sup,A2107,A1454
sup,A2107,A837
sup,A2107,A2356
sup,A2107,A1574
sup,A2107,A2228
sup,A2107,A1170
sup,A2107,A2421
sup,A2107,A2092
sup,A2107,A1946
sup,A2107,A921
sup,A2107,A1198
sup,A2107,A1918
sup,A2107,A2221
sup,A2107,A844
sup,A2107,A1274
sup,A2107,A1902
sup,A2107,A2522
sup,A2107,A177
sup,A2107,A1925
sup,A2112,A2082
sup,A2112,A715
sup,A2112,A2430
sup,A2112,A2696
sup,A2112,A1207
sup,A2112,A2677
sup,A2112,A1809
sup,A2112,A547
sup,A2112,A1420
sup,A2112,A1168
sup,A2112,A2380
sup,A2113,A1531
sup,A2113,A830
sup,A2113,A367
sup,A2113,A355
sup,A2113,A790
sup,A2113,A2021
sup,A2113,A217
sup,A2113,A1670
sup,A2113,A1098
sup,A2113,A336
sup,A2113,A835
sup,A2113,A1791
sup,A2114,A2104
sup,A2114,A2374
sup,A2114,A1697
sup,A2114,A326
sup,A2114,A1185
sup,A2114,A810
sup,A2114,A2238
sup,A2115,A2305
sup,A2115,A2031
sup,A2115,A2097
sup,A2115,A2491
sup,A2115,A2525
sup,A2116,A1921
sup,A2116,A73
sup,A2116,A1050
sup,A2116,A1822
sup,A2116,A2435
sup,A2116,A1425
sup,A2118,A631
sup,A2118,A1534
sup,A2118,A1009
sup,A2118,A792
sup,A2118,A2382
sup,A2118,A2342
sup,A2118,A1017
sup,A2118,A996
sup,A2118,A1327
sup,A2118,A210
sup,A2118,A1700
sup,A2118,A2107
sup,A2118,A1587
sup,A2118,A2574
sup,A2118,A641
sup,A2121,A2666
sup,A2121,A1505
sup,A2121,A1383
sup,A2121,A2604
sup,A2121,A1649
sup,A2121,A2405
sup,A2121,A2673
sup,A2121,A1681
sup,A2121,A1442
sup,A2121,A2404
sup,A2121,A326
sup,A2123,A825
sup,A2123,A1773
sup,A2123,A482
sup,A2123,A1141
sup,A2123,A2010
sup,A2123,A1119
sup,A2123,A1271
sup,A2123,A1320
sup,A2123,A2040
sup,A2123,A2453
sup,A2123,A2302
sup,A2123,A1925
sup,A2123,A2691
sup,A2126,A1094
sup,A2126,A1228
sup,A2126,A2402
sup,A2126,A488
sup,A2126,A781
sup,A2126,A105
sup,A2126,A626
sup,A2126,A1865
sup,A2126,A1911
sup,A2126,A555
sup,A2126,A901
sup,A2126,A94
sup,A2126,A479
sup,A2126,A722
sup,A2127,A2462
sup,A2127,A923
sup,A2127,A97
sup,A2127,A848
sup,A2127,A2499
sup,A2127,A256
sup,A2127,A76
sup,A2127,A234
sup,A2127,A2185
sup,A2127,A1855
sup,A2127,A2578
sup,A2127,A2047
sup,A2127,A2153
sup,A2127,A149
sup,A2127,A902
sup,A2127,A719
sup,A2127,A2163
sup,A2127,A576
sup,A2127,A2074
sup,A2127,A1626
sup,A2127,A497
sup,A2127,A2564
sup,A2129,A1266
sup,A2129,A1953
sup,A2129,A544
sup,A2129,A2004
sup,A2129,A2445
sup,A2129,A2502
sup,A2129,A517
sup,A2129,A602
sup,A2129,A1966
sup,A2129,A2396
sup,A2129,A586
sup,A2129,A1357
sup,A2129,A2263
sup,A2129,A958
sup,A2129,A1279
sup,A2129,A1363
sup,A2129,A2357
sup,A2129,A1068
sup,A2129,A116
sup,A2129,A438
sup,A2129,A2040
sup,A2131,A2039
sup,A2131,A826
sup,A2131,A908
sup,A2131,A1985
sup,A2131,A2485
sup,A2131,A1909
sup,A2131,A1540
sup,A2131,A2315
sup,A2131,A1344
sup,A2131,A610
sup,A2131,A121
sup,A2131,A1613
sup,A2131,A2517
sup,A2132,A1673
sup,A2132,A1238
sup,A2134,A1263
sup,A2134,A427
sup,A2134,A1635
sup,A2134,A2166
sup,A2134,A41
sup,A2134,A1598
sup,A2134,A2256
sup,A2134,A453
sup,A2134,A727
sup,A2134,A2301
sup,A2134,A2173
sup,A2134,A468
sup,A2134,A2453
sup,A2134,A810
sup,A2134,A1745
sup,A2134,A1530
sup,A2134,A356
sup,A2135,A1644
sup,A2135,A1777
sup,A2135,A2381
sup,A2135,A560
sup,A2135,A824
sup,A2135,A1127
sup,A2135,A2439
sup,A2135,A2598
sup,A2135,A2193
sup,A2135,A1715
sup,A2135,A1761
sup,A2135,A153
sup,A2138,A1186
sup,A2138,A754
sup,A2138,A2309
sup,A2138,A404
sup,A2138,A2219
sup,A2138,A1183
sup,A2138,A2252
sup,A2138,A2135
sup,A2138,A569
sup,A2138,A557
sup,A2138,A780
sup,A2138,A1968
sup,A2138,A2240
sup,A2138,A1086
sup,A2138,A1824
sup,A2138,A1083
sup,A2138,A508
sup,A2138,A1352
sup,A2138,A1031
sup,A2138,A2285
sup,A2141,A2482
sup,A2141,A1806
sup,A2141,A1682
sup,A2141,A2402
sup,A2141,A887
sup,A2141,A3
sup,A2141,A228
sup,A2141,A60
sup,A2141,A217
sup,A2141,A580
sup,A2141,A1761
sup,A2142,A487
sup,A2142,A676
sup,A2142,A2350
sup,A2142,A667
sup,A2142,A651
sup,A2142,A497
sup,A2142,A1402
sup,A2142,A613
sup,A2142,A335
sup,A2142,A130
sup,A2142,A2387
sup,A2142,A811
sup,A2142,A592
sup,A2142,A1404
sup,A2142,A101
sup,A2142,A1807
sup,A2142,A1140
sup,A2142,A2626
sup,A2142,A1165
sup,A2142,A2234
sup,A2142,A2582
sup,A2142,A2521
sup,A2145,A472
sup,A2145,A1115
sup,A2145,A2059
sup,A2145,A1245
sup,A2146,A1318
sup,A2146,A846
sup,A2146,A2489
sup,A2146,A555
sup,A2146,A297
sup,A2146,A697
sup,A2146,A2310
sup,A2146,A971
sup,A2146,A464
sup,A2146,A1776
sup,A2146,A583
sup,A2146,A2295
sup,A2146,A1054
sup,A2146,A1300
sup,A2146,A173
sup,A2146,A2308
sup,A2146,A399
sup,A2146,A90
sup,A2146,A1424
sup,A2146,A1688
sup,A2149,A2535
sup,A2149,A1836
sup,A2149,A310
sup,A2149,A2249
sup,A2149,A315
sup,A2149,A2634
sup,A2149,A1135
sup,A2149,A2136
sup,A2149,A439
sup,A2149,A2260
sup,A2149,A955
sup,A2149,A2625
sup,A2149,A329
sup,A2151,A2125
sup,A2151,A653
sup,A2151,A545
sup,A2151,A1034
sup,A2151,A659
sup,A2151,A1727
sup,A2151,A546
sup,A2151,A268
sup,A2151,A2101
sup,A2151,A1087
sup,A2151,A16
sup,A2151,A2127
sup,A2151,A150
sup,A2153,A655
sup,A2153,A2694
sup,A2153,A42
sup,A2153,A406
sup,A2153,A906
sup,A2153,A1352
sup,A2153,A1050
sup,A2153,A224
sup,A2154,A969
sup,A2154,A2000
sup,A2154,A142
sup,A2154,A449
sup,A2154,A1239
sup,A2154,A1975
sup,A2154,A2203
sup,A2154,A1883
sup,A2154,A934
sup,A2154,A1779
sup,A2154,A533
sup,A2154,A653
sup,A2154,A450
sup,A2154,A561
sup,A2160,A2159
sup,A2160,A1661
sup,A2160,A2560
sup,A2160,A1334
sup,A2160,A2693
sup,A2160,A2051
sup,A2160,A504
sup,A2160,A1719
sup,A2160,A1775
sup,A2160,A1401
sup,A2160,A1095
sup,A2160,A2493
sup,A2160,A1855
sup,A2160,A2192
sup,A2160,A1990
sup,A2160,A705
sup,A2160,A1624
sup,A2160,A1645
sup,A2163,A2460
sup,A2163,A1892
sup,A2163,A517
sup,A2163,A1999
sup,A2163,A271
sup,A2163,A2550
sup,A2163,A2017
sup,A2163,A1345
sup,A2163,A457
sup,A2163,A2456
sup,A2163,A2275
sup,A2163,A1394
sup,A2163,A1952
sup,A2163,A2482
sup,A2163,A2671
sup,A2163,A1369
sup,A2163,A2106
sup,A2163,A381
sup,A2163,A1673
sup,A2163,A1324
sup,A2163,A623
sup,A2166,A1240
sup,A2166,A128
sup,A2166,A1769
sup,A2166,A1727
sup,A2166,A40
sup,A2166,A2657
sup,A2166,A2017
sup,A2166,A270
sup,A2166,A2107
sup,A2166,A2649
sup,A2166,A1455
sup,A2166,A769
sup,A2166,A1347
sup,A2166,A1021
sup,A2166,A1791
sup,A2166,A1186
sup,A2166,A514
sup,A2166,A719
sup,A2166,A1725
sup,A2166,A1880
sup,A2166,A1908
sup,A2166,A118
sup,A2166,A1768
sup,A2166,A859
sup,A2166,A1854
sup,A2166,A476
sup,A2166,A2696
sup,A2167,A1679
sup,A2167,A955
sup,A2167,A1786
sup,A2167,A710
sup,A2167,A2153
sup,A2167,A1317
sup,A2167,A871
sup,A2167,A1811
sup,A2167,A2108
sup,A2167,A1116
sup,A2167,A2350
sup,A2167,A1602
sup,A2167,A666
sup,A2167,A1070
sup,A2167,A864
sup,A2167,A1762
sup,A2167,A667
sup,A2167,A417
sup,A2168,A1393
sup,A2168,A1009
sup,A2168,A500
sup,A2168,A2181
sup,A2169,A41
sup,A2169,A2371
sup,A2169,A2425
sup,A2169,A338
sup,A2169,A349
sup,A2169,A2524
sup,A2169,A2216
sup,A2170,A2524
sup,A2170,A2038
sup,A2170,A1074
sup,A2170,A249
sup,A2170,A2117
sup,A2170,A265
sup,A2170,A1773
sup,A2170,A2646
sup,A2170,A1901
sup,A2170,A2146
sup,A2170,A722
sup,A2170,A896
sup,A2170,A1793
sup,A2173,A2334
sup,A2173,A136
sup,A2173,A1822
sup,A2173,A68
sup,A2173,A1861
sup,A2173,A2173
sup,A2173,A581
sup,A2178,A2407
sup,A2178,A1754
sup,A2178,A556
sup,A2178,A2635
sup,A2179,A2225
sup,A2179,A2608
sup,A2179,A973
sup,A2179,A2552
sup,A2179,A2455
sup,A2179,A268
sup,A2179,A674
sup,A2179,A1790
sup,A2179,A1814
sup,A2179,A2179
sup,A2179,A1123
sup,A2179,A18
sup,A2179,A565
sup,A2182,A2671
sup,A2182,A1178
sup,A2182,A1039
sup,A2184,A1428
sup,A2184,A1284
sup,A2184,A1457
sup,A2184,A2143
sup,A2184,A1648
sup,A2184,A1171
sup,A2184,A2647
sup,A2184,A1312
sup,A2184,A1239
sup,A2184,A961
sup,A2184,A2045
sup,A2184,A2459
sup,A2184,A439
sup,A2184,A1004
sup,A2184,A1162
sup,A2184,A2315
sup,A2184,A183
sup,A2184,A1108
sup,A2186,A1157
sup,A2186,A765
sup,A2186,A988
sup,A2186,A279
sup,A2186,A1914
sup,A2186,A2057
sup,A2186,A2298
sup,A2186,A2016
sup,A2186,A189
sup,A2186,A664
sup,A2186,A31
sup,A2186,A596
sup,A2186,A1821
sup,A2186,A2532
sup,A2186,A2282
sup,A2186,A1890
sup,A2186,A2190
sup,A2186,A1742
sup,A2186,A2585
sup,A2186,A775
sup,A2186,A439
sup,A2186,A2469
sup,A2186,A949
sup,A2186,A1002
sup,A2187,A308
sup,A2187,A1556
sup,A2187,A1717
sup,A2189,A1179
sup,A2189,A135
sup,A2189,A2412
sup,A2189,A1953
sup,A2189,A2129
sup,A2189,A1557
sup,A2189,A2175
sup,A2189,A2064
sup,A2189,A218
sup,A2189,A431
sup,A2189,A2508
sup,A2189,A2615
sup,A2189,A2695
sup,A2189,A1724
sup,A2189,A2030
sup,A2189,A2090
sup,A2189,A1676
sup,A2189,A846
sup,A2189,A31
sup,A2189,A789
sup,A2189,A1395
sup,A2189,A44
sup,A2189,A138
sup,A2189,A1639
sup,A2191,A2330
sup,A2191,A1248
sup,A2191,A436
sup,A2191,A1722
sup,A2191,A2341
sup,A2191,A2421
sup,A2191,A617
sup,A2191,A2094
sup,A2191,A105
sup,A2191,A2334
sup,A2191,A1391
sup,A2191,A1142
sup,A2193,A2505
sup,A2193,A2455
sup,A2193,A1447
sup,A2193,A2169
sup,A2193,A2579
sup,A2193,A77
sup,A2193,A308
sup,A2193,A819
sup,A2195,A2277
sup,A2195,A802
sup,A2195,A1376
sup,A2195,A1271
sup,A2195,A2561
sup,A2195,A991
sup,A2195,A813
sup,A2195,A772
sup,A2195,A2484
sup,A2195,A491
sup,A2198,A1128
sup,A2198,A1347
sup,A2198,A1746
sup,A2198,A885
sup,A2198,A852
sup,A2198,A2622
sup,A2198,A459
sup,A2198,A324
sup,A2199,A2295
sup,A2199,A452
sup,A2199,A1343
sup,A2199,A842
sup,A2199,A368
sup,A2202,A1133
sup,A2202,A2642
sup,A2202,A2548
sup,A2202,A2200
sup,A2202,A2001
sup,A2202,A301
sup,A2202,A1960
sup,A2203,A1349
sup,A2203,A1886
sup,A2203,A385
sup,A2203,A2176
sup,A2203,A2022
sup,A2203,A86
sup,A2203,A2464
sup,A2203,A1613
sup,A2203,A1107
sup,A2203,A559
sup,A2203,A270
sup,A2203,A681
sup,A2203,A796
sup,A2203,A2509
sup,A2203,A2232
sup,A2203,A732
sup,A2203,A1547
sup,A2203,A468
sup,A2203,A730
sup,A2203,A189
sup,A2203,A447
sup,A2203,A2410
sup,A2203,A491
sup,A2203,A303
sup,A2203,A1415
sup,A2203,A1088
sup,A2203,A2058
sup,A2204,A2471
sup,A2204,A132
sup,A2204,A2227
sup,A2204,A109
sup,A2204,A73
sup,A2204,A330
sup,A2204,A655
sup,A2204,A1301
sup,A2205,A2224
sup,A2205,A2448
sup,A2205,A269
sup,A2205,A1462
sup,A2205,A1701
sup,A2205,A2432
sup,A2205,A2071
sup,A2205,A2565
sup,A2205,A2030
sup,A2205,A340
sup,A2205,A2263
sup,A2205,A1596
sup,A2205,A1569
sup,A2205,A2370
sup,A2205,A602
sup,A2210,A364
sup,A2210,A327
sup,A2210,A2593
sup,A2210,A2205
sup,A2212,A1003
sup,A2212,A839
sup,A2212,A22
sup,A2212,A100
sup,A2212,A2117
sup,A2212,A736
sup,A2212,A2443
sup,A2212,A2520
sup,A2212,A50
sup,A2212,A188
sup,A2212,A626
sup,A2213,A988
sup,A2213,A2605
sup,A2213,A2092
sup,A2215,A1596
sup,A2215,A2308
sup,A2215,A1292
sup,A2215,A2220
sup,A2215,A1213
sup,A2215,A771
sup,A2215,A1699
sup,A2215,A2447
sup,A2215,A67
sup,A2215,A227
sup,A2215,A656
sup,A2215,A1804
sup,A2215,A64
sup,A2215,A1707
sup,A2215,A1583
sup,A2215,A423
sup,A2215,A796
sup,A2215,A630
sup,A2215,A2396
sup,A2215,A1882
sup,A2215,A1513
sup,A2215,A1436
sup,A2215,A425
sup,A2215,A2147
sup,A2218,A2125
sup,A2218,A27
sup,A2218,A200
sup,A2218,A79
sup,A2218,A765
sup,A2218,A1854
sup,A2218,A2216
sup,A2218,A2134
sup,A2218,A170
sup,A2218,A1843
sup,A2218,A161
sup,A2218,A2619
sup,A2218,A802
sup,A2218,A2209
sup,A2220,A2256
sup,A2220,A449
sup,A2220,A2311
sup,A2220,A1337
sup,A2220,A859
sup,A2220,A59
sup,A2220,A121
sup,A2220,A2457
sup,A2220,A537
sup,A2220,A462
sup,A2220,A2554
sup,A2220,A1871
sup,A2220,A1172
sup,A2220,A1909
sup,A2220,A1750
sup,A2220,A683
sup,A2220,A1021
sup,A2220,A1300
sup,A2220,A14
sup,A2220,A2054
sup,A2220,A2024
sup,A2220,A1837
sup,A2220,A87
sup,A2220,A688
sup,A2220,A2304
sup,A2220,A65
sup,A2220,A1143
sup,A2221,A1643
sup,A2221,A1655
sup,A2221,A494
sup,A2221,A2064
sup,A2221,A1719
sup,A2221,A600
sup,A2221,A107
sup,A2221,A1804
sup,A2221,A663
sup,A2221,A946
sup,A2221,A1256
sup,A2221,A1171
sup,A2221,A364
sup,A2221,A2532
sup,A2221,A1632
sup,A2221,A977
sup,A2221,A974
sup,A2221,A2524
sup,A2223,A471
sup,A2223,A709
sup,A2223,A510
sup,A2223,A643
sup,A2223,A1977
sup,A2223,A1604
sup,A2224,A967
sup,A2224,A2610
sup,A2224,A1245
sup,A2224,A2375
sup,A2224,A497
sup,A2224,A2469
sup,A2224,A1373
sup,A2225,A1906
sup,A2225,A1557
sup,A2225,A2248
sup,A2225,A1898
sup,A2225,A296
sup,A2225,A248
sup,A2225,A2523
sup,A2225,A2207
sup,A2225,A610
sup,A2225,A2301
sup,A2225,A2081
sup,A2225,A1735
sup,A2225,A1056
sup,A2225,A1502
sup,A2226,A1455
sup,A2226,A1638
sup,A2226,A42
sup,A2226,A1972
sup,A2226,A88
sup,A2226,A1417
sup,A2226,A630
sup,A2226,A2249
sup,A2226,A2068
sup,A2226,A2006
sup,A2226,A152
sup,A2226,A2126
sup,A2226,A51
sup,A2226,A1622
sup,A2226,A1420
sup,A2226,A1586
sup,A2226,A1381
sup,A2226,A1124
sup,A2226,A1131
sup,A2226,A2200
sup,A2226,A309
sup,A2226,A1584
sup,A2226,A340
sup,A2228,A2656
sup,A2228,A2583
sup,A2228,A2321
sup,A2228,A1081
sup,A2228,A1976
sup,A2228,A2237
sup,A2228,A1187
sup,A2228,A1519
sup,A2228,A2325
sup,A2228,A475
sup,A2228,A2257
sup,A2228,A584
sup,A2228,A1140
sup,A2228,A1434
sup,A2232,A2359
sup,A2232,A228
sup,A2232,A596
sup,A2232,A1963
sup,A2232,A2628
sup,A2232,A303
sup,A2232,A2298
sup,A2232,A540
sup,A2232,A33
sup,A2232,A152
sup,A2232,A869
sup,A2232,A2307
sup,A2232,A1867
sup,A2232,A1479
sup,A2232,A2236
sup,A2233,A2172
sup,A2233,A2552
sup,A2233,A1720
sup,A2233,A2132
sup,A2233,A1755
sup,A2233,A1886
sup,A2233,A7
sup,A2233,A102
sup,A2233,A1526
sup,A2233,A2374
sup,A2233,A2542
sup,A2233,A2686
sup,A2233,A488
sup,A2236,A2265
sup,A2236,A1530
sup,A2236,A1129
sup,A2236,A1142
sup,A2236,A1635
sup,A2236,A1337
sup,A2236,A2644
sup,A2236,A896
sup,A2238,A2365
sup,A2238,A1504
sup,A2241,A1972
sup,A2241,A2357
sup,A2241,A1631
sup,A2241,A308
sup,A2241,A461
sup,A2241,A1298
sup,A2241,A1073
sup,A2241,A2300
sup,A2241,A1275
sup,A2241,A1596
sup,A2244,A1807
sup,A2244,A1967
sup,A2244,A1600
sup,A2244,A81
sup,A2244,A2172
sup,A2244,A1252
sup,A2244,A1177
sup,A2244,A1606
sup,A2244,A2364
sup,A2244,A881
sup,A2244,A773
sup,A2244,A2520
sup,A2244,A2683
sup,A2244,A644
sup,A2244,A1864
sup,A2244,A1198
sup,A2245,A1647
sup,A2245,A2699
sup,A2245,A127
sup,A2245,A1307
sup,A2245,A2273
sup,A2245,A485
sup,A2245,A2495
sup,A2245,A1180
sup,A2245,A884
sup,A2245,A680
sup,A2245,A2413
sup,A2247,A1214
sup,A2247,A909
sup,A2247,A394
sup,A2247,A1736
sup,A2247,A2007
sup,A2247,A482
sup,A2247,A217
sup,A2247,A408
sup,A2247,A1062
sup,A2252,A2008
sup,A2252,A2109
sup,A2252,A1144
sup,A2252,A2341
sup,A2252,A2164
sup,A2252,A1034
sup,A2252,A1162
sup,A2252,A1060
sup,A2252,A2374
sup,A2252,A2621
sup,A2252,A2347
sup,A2252,A538
sup,A2252,A2373
sup,A2252,A470
sup,A2252,A971
sup,A2252,A896
sup,A2252,A822
sup,A2252,A2320
sup,A2252,A1614
sup,A2252,A1021
sup,A2252,A178
sup,A2252,A668
sup,A2252,A419
sup,A2252,A1448
sup,A2254,A1922
sup,A2254,A1011
sup,A2254,A2213
sup,A2254,A2612
sup,A2254,A193
sup,A2254,A1234
sup,A2254,A2221
sup,A2254,A502
sup,A2254,A1657
sup,A2254,A2324
sup,A2254,A1435
sup,A2256,A1395
sup,A2256,A1747
sup,A2256,A971
sup,A2258,A262
sup,A2258,A1457
sup,A2258,A690
sup,A2259,A1352
sup,A2259,A89
sup,A2259,A1663
sup,A2259,A1604
sup,A2259,A710
sup,A2259,A2599
sup,A2259,A1943
sup,A2259,A1256
sup,A2259,A2004
sup,A2259,A1112
sup,A2259,A1106
sup,A2259,A2115
sup,A2259,A294
sup,A2259,A1453
sup,A2259,A2323
sup,A2259,A2587
sup,A2259,A635
sup,A2259,A2352
sup,A2259,A2109
sup,A2259,A923
sup,A2259,A1397
sup,A2259,A1506
sup,A2260,A194
sup,A2260,A1968
sup,A2260,A216
sup,A2260,A2465
sup,A2260,A726
sup,A2261,A972
sup,A2261,A1970
sup,A2261,A1378
sup,A2261,A1129
sup,A2261,A426
sup,A2261,A857
sup,A2261,A763
sup,A2261,A829
sup,A2261,A2293
sup,A2261,A1154
sup,A2261,A2182
sup,A2261,A1868
sup,A2263,A1881
sup,A2263,A1120
sup,A2263,A2544
sup,A2263,A1027
sup,A2263,A1068
sup,A2263,A732
sup,A2263,A2313
sup,A2263,A2343
sup,A2263,A1175
sup,A2263,A1211
sup,A2263,A266
sup,A2263,A1325
sup,A2263,A1711
sup,A2263,A506
sup,A2263,A265
sup,A2263,A397
sup,A2264,A877
sup,A2264,A798
sup,A2264,A33
sup,A2264,A420
sup,A2264,A486
sup,A2264,A948
sup,A2264,A2628
sup,A2264,A1459
sup,A2264,A1544
sup,A2265,A203
sup,A2265,A499
sup,A2265,A1494
sup,A2265,A2637
sup,A2265,A2508
sup,A2265,A127
sup,A2265,A2074
sup,A2265,A2540
sup,A2265,A1264
sup,A2265,A2240
sup,A2265,A1553
sup,A2265,A139
sup,A2265,A1067
sup,A2265,A2297
sup,A2265,A1760
sup,A2265,A1916
sup,A2265,A2002
sup,A2265,A515
sup,A2265,A1101
sup,A2265,A1962
sup,A2267,A1194
sup,A2267,A188
sup,A2267,A1460
sup,A2267,A1991
sup,A2267,A839
sup,A2267,A114
sup,A2267,A2295
sup,A2267,A2224
sup,A2267,A2452
sup,A2269,A2209
sup,A2269,A1445
sup,A2269,A679
sup,A2269,A603
sup,A2269,A1481
sup,A2269,A502
sup,A2269,A474
sup,A2269,A2540
sup,A2269,A630
sup,A2269,A1152
sup,A2269,A20
sup,A2269,A2282
sup,A2269,A449
sup,A2269,A426
sup,A2269,A1430
sup,A2269,A1674
sup,A2269,A353
sup,A2269,A1539
sup,A2269,A2138
sup,A2269,A1319
sup,A2269,A2278
sup,A2269,A1112
sup,A2269,A452
sup,A2269,A1334
sup,A2269,A1708
sup,A2270,A1986
sup,A2270,A12
sup,A2270,A1468
sup,A2270,A1238
sup,A2270,A1682
sup,A2270,A1248
sup,A2270,A898
sup,A2270,A2235
sup,A2270,A2650
sup,A2270,A910
sup,A2270,A2395
sup,A2270,A2302
sup,A2270,A1374
sup,A2272,A2218
sup,A2272,A337
sup,A2272,A1013
sup,A2272,A1180
sup,A2272,A695
sup,A2272,A1706
sup,A2272,A1688
sup,A2272,A2392
sup,A2272,A1264
sup,A2272,A691
sup,A2272,A2210
sup,A2272,A1546
sup,A2272,A752
sup,A2272,A480
sup,A2272,A1047
sup,A2272,A2343
sup,A2272,A223
sup,A2272,A2302
sup,A2272,A971
sup,A2272,A2095
sup,A2272,A2563
sup,A2272,A1193
sup,A2272,A1477
sup,A2272,A1701
sup,A2273,A1984
sup,A2273,A1941
sup,A2273,A1716
sup,A2273,A2415
sup,A2273,A2313
sup,A2273,A596
sup,A2273,A903
sup,A2273,A732
sup,A2273,A2035
sup,A2273,A1904
sup,A2273,A174
sup,A2273,A534
sup,A2273,A63
sup,A2273,A1955
sup,A2273,A2586
sup,A2273,A957
sup,A2273,A2639
sup,A2273,A1132
sup,A2273,A1428
sup,A2273,A1385
sup,A2273,A1066
sup,A2274,A1517
sup,A2274,A2656
sup,A2274,A2404
sup,A2274,A1785
sup,A2274,A2069
sup,A2274,A1068
sup,A2274,A80
sup,A2274,A2626
sup,A2277,A2645
sup,A2277,A1488
sup,A2277,A2696
sup,A2277,A353
sup,A2277,A687
sup,A2277,A1279
sup,A2277,A1784
sup,A2277,A2
sup,A2277,A358
sup,A2277,A858
sup,A2277,A591
sup,A2277,A1520
sup,A2277,A484
sup,A2282,A334
sup,A2282,A1107
sup,A2282,A1899
sup,A2282,A1613
sup,A2282,A672
sup,A2282,A302
sup,A2282,A90
sup,A2282,A1598
sup,A2282,A2498
sup,A2282,A976
sup,A2282,A2380
sup,A2282,A2404
sup,A2282,A2214
sup,A2282,A1486
sup,A2282,A1247
sup,A2282,A1897
sup,A2282,A884
sup,A2282,A1262
sup,A2282,A2685
sup,A2282,A771
sup,A2282,A1843
sup,A2282,A876
sup,A2282,A2664
sup,A2282,A997
sup,A2283,A1736
sup,A2283,A1618
sup,A2283,A2016
sup,A2283,A1043
sup,A2285,A952
sup,A2285,A2054
sup,A2285,A1287
sup,A2285,A850
sup,A2285,A1922
sup,A2285,A1039
sup,A2285,A2510
sup,A2285,A1683
sup,A2285,A1416
sup,A2285,A628
sup,A2285,A1453
sup,A2285,A393
sup,A2285,A931
sup,A2285,A417
sup,A2285,A206
sup,A2285,A1708
sup,A2285,A1322
sup,A2285,A2268
sup,A2285,A982
sup,A2285,A2203
sup,A2285,A811
sup,A2285,A2431
sup,A2285,A2542
sup,A2285,A530
sup,A2286,A774
sup,A2286,A52
sup,A2286,A1580
sup,A2286,A1750
sup,A2286,A876
sup,A2286,A1470
sup,A2286,A727
sup,A2286,A2429
sup,A2286,A693
sup,A2286,A582
sup,A2286,A1960
sup,A2286,A1762
sup,A2286,A200
sup,A2286,A398
sup,A2286,A2266
sup,A2286,A1671
sup,A2286,A826
sup,A2287,A1342
sup,A2287,A1754
sup,A2287,A2392
sup,A2287,A196
sup,A2287,A579
sup,A2287,A453
sup,A2287,A1548
sup,A2287,A189
sup,A2287,A2298
sup,A2287,A178
sup,A2287,A2624
sup,A2287,A1741
sup,A2287,A793
sup,A2287,A2057
sup,A2287,A2529
sup,A2287,A471
sup,A2287,A2195
sup,A2291,A2238
sup,A2291,A479
sup,A2291,A2440
sup,A2293,A305
sup,A2293,A48
sup,A2293,A2492
sup,A2293,A752
sup,A2293,A1644
sup,A2293,A2690
sup,A2293,A1745
sup,A2293,A1356
sup,A2293,A1022
sup,A2293,A1590
sup,A2293,A1447
sup,A2293,A1066
sup,A2293,A2380
sup,A2293,A319
sup,A2293,A543
sup,A2293,A762
sup,A2293,A232
sup,A2293,A573
sup,A2294,A1405
sup,A2294,A799
sup,A2294,A1893
sup,A2294,A295
sup,A2294,A461
sup,A2294,A2489
sup,A2294,A2099
sup,A2294,A1587
sup,A2294,A522
sup,A2294,A2268
sup,A2294,A2637
sup,A2295,A55
sup,A2295,A1808
sup,A2295,A1830
sup,A2295,A2578
sup,A2295,A503
sup,A2295,A1903
sup,A2295,A592
sup,A2295,A363
sup,A2295,A560
sup,A2295,A1104
sup,A2295,A2620
sup,A2297,A1083
sup,A2297,A2041
sup,A2299,A2421
sup,A2299,A2109
sup,A2299,A1132
sup,A2299,A2178
sup,A2299,A2435
sup,A2299,A1010
sup,A2299,A522
sup,A2299,A1741
sup,A2299,A2181
sup,A2299,A1243
sup,A2299,A2654
sup,A2299,A2405
sup,A2300,A1325
sup,A2300,A2196
sup,A2300,A749
sup,A2300,A862
sup,A2300,A299
sup,A2300,A2438
sup,A2300,A526
sup,A2300,A1891
sup,A2300,A1938
sup,A2300,A218
sup,A2300,A1777
sup,A2300,A2557
sup,A2300,A930
sup,A2300,A434
sup,A2300,A589
sup,A2300,A2484
sup,A2300,A1629
sup,A2300,A1535
sup,A2300,A2340
sup,A2300,A116
sup,A2300,A561
sup,A2300,A1707
sup,A2300,A2648
sup,A2300,A565
sup,A2300,A678
sup,A2301,A2101
sup,A2301,A1456
sup,A2301,A40
sup,A2301,A1462
sup,A2305,A2151
sup,A2305,A2490
sup,A2305,A1816
sup,A2305,A683
sup,A2305,A1861
sup,A2305,A2653
sup,A2305,A2557
sup,A2305,A1899
sup,A2305,A969
sup,A2305,A2331
sup,A2305,A2266
sup,A2305,A159
sup,A2305,A2467
sup,A2305,A819
sup,A2305,A2370
sup,A2305,A138
sup,A2305,A2687
sup,A2305,A1797
sup,A2305,A885
sup,A2305,A1330
sup,A2305,A1114
sup,A2305,A875
sup,A2305,A1882
sup,A2305,A1220
sup,A2305,A351
sup,A2306,A186
sup,A2306,A1398
sup,A2306,A1159
sup,A2306,A1343
sup,A2306,A806
sup,A2306,A2028
sup,A2306,A1533
sup,A2306,A2237
sup,A2306,A1935
sup,A2306,A1644
sup,A2306,A547
sup,A2309,A2272
sup,A2309,A761
sup,A2309,A2444
sup,A2309,A1210
sup,A2309,A2316
sup,A2309,A1779
sup,A2309,A1723
sup,A2309,A1460
sup,A2309,A1259
sup,A2309,A295
sup,A2311,A322
sup,A2311,A79
sup,A2311,A2240
sup,A2311,A1202
sup,A2311,A515
sup,A2311,A1016
sup,A2311,A2611
sup,A2311,A1160
sup,A2311,A1078
sup,A2311,A1657
sup,A2311,A2395
sup,A2311,A757
sup,A2311,A68
sup,A2311,A2030
sup,A2311,A864
sup,A2311,A688
sup,A2311,A380
sup,A2311,A691
sup,A2311,A2124
sup,A2311,A852
sup,A2311,A197
sup,A2311,A2022
sup,A2311,A2284
sup,A2311,A1292
sup,A2311,A2324
sup,A2311,A22
sup,A2311,A560
sup,A2312,A683
sup,A2312,A1469
sup,A2312,A1705
sup,A2312,A941
sup,A2312,A1446
sup,A2312,A2399
sup,A2312,A74
sup,A2312,A1855
sup,A2312,A1298
sup,A2312,A1035
sup,A2314,A1012
sup,A2314,A2090
sup,A2314,A1576
sup,A2314,A1615
sup,A2314,A661
sup,A2314,A757
sup,A2314,A1781
sup,A2314,A125
sup,A2314,A2532
sup,A2314,A2419
sup,A2314,A779
sup,A2316,A1210
sup,A2316,A721
sup,A2316,A937
sup,A2316,A245
sup,A2316,A964
sup,A2316,A2605
sup,A2316,A1074
sup,A2316,A2442
sup,A2316,A2033
sup,A2316,A740
sup,A2316,A2421
sup,A2316,A252
sup,A2316,A2486
sup,A2316,A1376
sup,A2317,A918
sup,A2317,A2191
sup,A2317,A1300
sup,A2317,A313
sup,A2317,A1426
sup,A2317,A732
sup,A2317,A872
sup,A2317,A1970
sup,A2317,A262
sup,A2317,A2601
sup,A2317,A1501
sup,A2317,A1256
sup,A2317,A1184
sup,A2317,A489
sup,A2317,A2110
sup,A2317,A2637
sup,A2317,A954
sup,A2317,A2442
sup,A2317,A1854
sup,A2317,A1030
sup,A2317,A1248
sup,A2317,A910
sup,A2321,A1439
sup,A2321,A253
sup,A2321,A523
sup,A2321,A1734
sup,A2321,A1150
sup,A2321,A1193
sup,A2321,A2084
sup,A2321,A1811
sup,A2321,A1274
sup,A2321,A277
sup,A2321,A1777
sup,A2321,A2414
sup,A2321,A1304
sup,A2321,A1718
sup,A2321,A2685
sup,A2321,A107
sup,A2321,A2471
sup,A2321,A1530
sup,A2322,A261
sup,A2322,A2512
sup,A2322,A2269
sup,A2322,A35
sup,A2322,A1357
sup,A2322,A1076
sup,A2322,A1418
sup,A2322,A2419
sup,A2322,A1213
sup,A2322,A1781
sup,A2322,A2149
sup,A2322,A2235
sup,A2322,A1807
sup,A2322,A1005
sup,A2322,A538
sup,A2322,A104
sup,A2322,A24
sup,A2322,A1609
sup,A2322,A2097
sup,A2322,A1288
sup,A2323,A337
sup,A2323,A1507
sup,A2323,A2638
sup,A2323,A728
sup,A2323,A1692
sup,A2323,A553
sup,A2323,A779
sup,A2323,A964
sup,A2323,A2640
sup,A2323,A2540
sup,A2323,A2299
sup,A2324,A1695
sup,A2324,A996
sup,A2324,A1462
sup,A2324,A1456
sup,A2325,A1521
sup,A2325,A1376
sup,A2327,A1513
sup,A2327,A1394
sup,A2327,A1613
sup,A2327,A1677
sup,A2327,A2662
sup,A2327,A1113
sup,A2327,A809
sup,A2327,A1181
sup,A2327,A1830
sup,A2327,A1252
sup,A2327,A2461
sup,A2327,A11
sup,A2327,A1594
sup,A2327,A2411
sup,A2327,A1053
sup,A2327,A1516
sup,A2327,A1506
sup,A2327,A1464
sup,A2327,A759
sup,A2333,A2556
sup,A2333,A1490
sup,A2333,A2538
sup,A2333,A1422
sup,A2333,A2146
sup,A2333,A889
sup,A2333,A1025
sup,A2333,A2045
sup,A2333,A665
sup,A2333,A1720
sup,A2333,A2084
sup,A2333,A641
sup,A2333,A786
sup,A2333,A1937
sup,A2333,A596
sup,A2333,A2244
sup,A2333,A2015
sup,A2333,A2404
sup,A2333,A830
sup,A2338,A637
sup,A2338,A1793
sup,A2338,A263
sup,A2338,A1704
sup,A2338,A2405
sup,A2338,A2693
sup,A2342,A1731
sup,A2342,A735
sup,A2342,A2066
sup,A2342,A212
sup,A2342,A339
sup,A2342,A143
sup,A2342,A1104
sup,A2342,A1988
sup,A2342,A2593
sup,A2343,A1443
sup,A2343,A270
sup,A2346,A281
sup,A2346,A283
sup,A2346,A325
sup,A2346,A1185
sup,A2346,A1168
sup,A2346,A1653
sup,A2346,A513
sup,A2346,A2167
sup,A2346,A15
sup,A2346,A886
sup,A2346,A741
sup,A2346,A94
sup,A2346,A2414
sup,A2346,A2616
sup,A2346,A1004
sup,A2346,A2277
sup,A2346,A143
sup,A2346,A1406
sup,A2346,A972
sup,A2346,A1673
sup,A2347,A1264
sup,A2347,A2607
sup,A2347,A1987
sup,A2347,A1482
sup,A2347,A2502
sup,A2347,A1974
sup,A2347,A1589
sup,A2347,A846
sup,A2347,A105
sup,A2347,A1276
sup,A2347,A720
sup,A2348,A1753
sup,A2348,A2170
sup,A2348,A1352
sup,A2348,A752
sup,A2348,A1676
sup,A2348,A1307
sup,A2348,A792
sup,A2348,A1922
sup,A2348,A2182
sup,A2348,A1170
sup,A2348,A11
sup,A2349,A1467
sup,A2349,A2200
sup,A2350,A2495
sup,A2350,A1174
sup,A2350,A2303
sup,A2350,A194
sup,A2350,A1728
sup,A2350,A2668
sup,A2350,A2225
sup,A2353,A2228
sup,A2353,A2458
sup,A2353,A2321
sup,A2353,A197
sup,A2353,A185
sup,A2353,A1165
sup,A2353,A1035
sup,A2353,A438
sup,A2353,A2397
sup,A2353,A1503
sup,A2353,A2258
sup,A2353,A2525
sup,A2353,A1327
sup,A2353,A2508
sup,A2353,A820
sup,A2353,A520
sup,A2353,A1572
sup,A2353,A1037
sup,A2353,A1945
sup,A2353,A159
sup,A2353,A1278
sup,A2353,A140
sup,A2354,A2334
sup,A2354,A2462
sup,A2354,A637
sup,A2354,A2466
sup,A2354,A1373
sup,A2354,A2132
sup,A2354,A1581
sup,A2354,A1190
sup,A2354,A774
sup,A2354,A368
sup,A2354,A1478
sup,A2354,A1043
sup,A2354,A2579
sup,A2354,A1390
sup,A2354,A1615
sup,A2354,A291
sup,A2354,A196
sup,A2354,A1558
sup,A2354,A142
sup,A2354,A1283
sup,A2354,A2448
sup,A2354,A88
sup,A2354,A1996
sup,A2354,A375
sup,A2355,A1566
sup,A2355,A346
sup,A2355,A1655
sup,A2355,A1007
sup,A2364,A1819
sup,A2364,A1231
sup,A2364,A337
sup,A2366,A559
sup,A2366,A131
sup,A2366,A1065
sup,A2366,A1946
sup,A2366,A818
sup,A2366,A281
sup,A2366,A2537
sup,A2366,A1618
sup,A2366,A695
sup,A2366,A1775
sup,A2366,A2623
sup,A2366,A1224
sup,A2366,A2152
sup,A2366,A270
sup,A2366,A1393
sup,A2366,A1827
sup,A2366,A1767
sup,A2366,A2022
sup,A2366,A437
sup,A2366,A1835
sup,A2366,A976
sup,A2366,A732
sup,A2366,A1442
sup,A2366,A835
sup,A2366,A331
sup,A2366,A2560
sup,A2366,A772
sup,A2366,A483
sup,A2367,A2062
sup,A2367,A1453
sup,A2367,A2670
sup,A2367,A2416
sup,A2367,A2488
sup,A2367,A2493
sup,A2367,A1282
sup,A2367,A349
sup,A2367,A715
sup,A2367,A124
sup,A2368,A283
sup,A2369,A1841
sup,A2369,A2149
sup,A2369,A1597
sup,A2369,A1722
sup,A2369,A873
sup,A2369,A2417
sup,A2369,A1697
sup,A2369,A1245
sup,A2369,A1516
sup,A2369,A1323
sup,A2369,A332
sup,A2369,A48
sup,A2370,A1268
sup,A2370,A1204
sup,A2370,A1403
sup,A2370,A2528
sup,A2370,A893
sup,A2370,A2432
sup,A2370,A1391
sup,A2370,A1625
sup,A2370,A1685
sup,A2370,A800
sup,A2370,A1709
sup,A2370,A1023
sup,A2370,A1458
sup,A2372,A1040
sup,A2372,A1491
sup,A2373,A488
sup,A2373,A1296
sup,A2373,A1678
sup,A2373,A1287
sup,A2373,A401
sup,A2373,A812
sup,A2374,A1046
sup,A2374,A1752
sup,A2374,A1423
sup,A2374,A1129
sup,A2374,A1503
sup,A2374,A1018
sup,A2374,A2628
sup,A2374,A1474
sup,A2374,A1268
sup,A2374,A2320
sup,A2374,A2070
sup,A2374,A1645
sup,A2374,A217
sup,A2374,A2285
sup,A2374,A1640
sup,A2374,A978
sup,A2374,A1729
sup,A2374,A1807
sup,A2374,A2618
sup,A2375,A2519
sup,A2375,A416
sup,A2375,A488
sup,A2375,A912
sup,A2375,A2336
sup,A2375,A544
sup,A2375,A1290
sup,A2375,A621
sup,A2375,A263
sup,A2375,A395
sup,A2375,A1301
sup,A2375,A824
sup,A2375,A2165
sup,A2375,A1354
sup,A2375,A1306
sup,A2375,A169
sup,A2375,A2632
sup,A2375,A1545
sup,A2375,A512
sup,A2378,A1213
sup,A2378,A1984
sup,A2378,A2491
sup,A2378,A2372
sup,A2378,A1363
sup,A2378,A2287
sup,A2378,A488
sup,A2378,A27
sup,A2378,A164
sup,A2378,A1422
sup,A2378,A2694
sup,A2378,A1993
sup,A2378,A303
sup,A2378,A2617
sup,A2378,A1887
sup,A2378,A726
sup,A2378,A1459
sup,A2378,A2647
sup,A2378,A695
sup,A2378,A118
sup,A2378,A2393
sup,A2378,A215
sup,A2378,A1432
sup,A2378,A1063
sup,A2378,A1933
sup,A2380,A1279
sup,A2380,A58
sup,A2380,A37
sup,A2380,A1328
sup,A2380,A2298
sup,A2380,A315
sup,A2380,A178
sup,A2380,A375
sup,A2380,A1962
sup,A2380,A635
sup,A2380,A2542
sup,A2380,A1033
sup,A2380,A252
sup,A2380,A2330
sup,A2380,A1322
sup,A2380,A995
sup,A2381,A1332
sup,A2381,A1530
sup,A2381,A755
sup,A2381,A2580
sup,A2381,A2402
sup,A2381,A510
sup,A2381,A208
sup,A2381,A2570
sup,A2381,A1579
sup,A2381,A2048
sup,A2381,A1889
sup,A2381,A663
sup,A2381,A902
sup,A2381,A2585
sup,A2381,A2458
sup,A2381,A488
sup,A2381,A1784
sup,A2381,A1344
sup,A2381,A61
sup,A2381,A953
sup,A2381,A1239
sup,A2381,A2206
sup,A2381,A1818
sup,A2382,A1064
sup,A2384,A1669
sup,A2384,A795
sup,A2384,A2392
sup,A2384,A160
sup,A2384,A726
sup,A2384,A994
sup,A2384,A571
sup,A2384,A2575
sup,A2384,A282
sup,A2384,A1807
sup,A2384,A2008
sup,A2384,A1019
sup,A2384,A1571
sup,A2384,A753
sup,A2384,A2336
sup,A2384,A1077
sup,A2384,A182
sup,A2384,A2269
sup,A2384,A1419
sup,A2385,A2550
sup,A2385,A579
sup,A2385,A1038
sup,A2385,A1394
sup,A2385,A747
sup,A2385,A2531
sup,A2385,A2209
sup,A2385,A213
sup,A2386,A2448
sup,A2386,A31
sup,A2386,A2256
sup,A2386,A641
sup,A2386,A2580
sup,A2390,A2084
sup,A2390,A284
sup,A2390,A455
sup,A2390,A221
sup,A2390,A450
sup,A2390,A1649
sup,A2390,A771
sup,A2390,A2118
sup,A2390,A1231
sup,A2394,A79
sup,A2394,A1048
sup,A2394,A1564
sup,A2394,A622
sup,A2394,A264
sup,A2394,A2534
sup,A2394,A174
sup,A2394,A475
sup,A2394,A2024
sup,A2394,A1184
sup,A2394,A777
sup,A2394,A252
sup,A2396,A1484
sup,A2396,A2176
sup,A2396,A1747
sup,A2396,A770
sup,A2397,A2065
sup,A2397,A1595
sup,A2397,A2505
sup,A2397,A2076
sup,A2397,A86
sup,A2397,A247
sup,A2397,A2616
sup,A2397,A1164
sup,A2398,A771
sup,A2398,A124
sup,A2398,A1982
sup,A2398,A801
sup,A2398,A456
sup,A2401,A1504
sup,A2401,A1477
sup,A2401,A1295
sup,A2401,A2507
sup,A2401,A2256
sup,A2401,A53
sup,A2401,A1957
sup,A2401,A2268
sup,A2401,A2154
sup,A2401,A562
sup,A2401,A1597
sup,A2401,A916
sup,A2401,A509
sup,A2401,A901
sup,A2401,A1757
sup,A2401,A1739
sup,A2402,A2222
sup,A2402,A1621
sup,A2402,A1861
sup,A2402,A1131
sup,A2402,A1846
sup,A2402,A16
sup,A2402,A430
sup,A2402,A2
sup,A2402,A969
sup,A2402,A1917
sup,A2402,A2669
sup,A2402,A2518
sup,A2402,A1296
sup,A2412,A1891
sup,A2412,A903
sup,A2412,A1279
sup,A2412,A2339
sup,A2412,A1439
sup,A2412,A506
sup,A2412,A51
sup,A2412,A1966
sup,A2412,A2223
sup,A2412,A1076
sup,A2412,A1686
sup,A2412,A1437
sup,A2416,A1053
sup,A2416,A2006
sup,A2416,A1387
sup,A2416,A1997
sup,A2416,A2152
sup,A2416,A836
sup,A2416,A1774
sup,A2416,A1466
sup,A2416,A52
sup,A2416,A1692
sup,A2416,A620
sup,A2416,A893
sup,A2416,A2413
sup,A2416,A2406
sup,A2416,A2299
sup,A2425,A2181
sup,A2425,A312
sup,A2425,A22
sup,A2425,A2296
sup,A2425,A1043
sup,A2425,A92
sup,A2425,A753
sup,A2425,A978
sup,A2425,A2396
sup,A2425,A741
sup,A2425,A354
sup,A2425,A645
sup,A2425,A2683
sup,A2426,A906
sup,A2426,A810
sup,A2426,A505
sup,A2426,A1643
sup,A2426,A2372
sup,A2426,A1174
sup,A2426,A208
sup,A2426,A1438
sup,A2426,A2207
sup,A2426,A712
sup,A2429,A1598
sup,A2429,A1665
sup,A2429,A185
sup,A2429,A402
sup,A2429,A24
sup,A2429,A1890
sup,A2429,A171
sup,A2429,A1404
sup,A2429,A2180
sup,A2429,A895
sup,A2429,A1847
sup,A2429,A1552
sup,A2429,A1556
sup,A2429,A1209
sup,A2429,A2629
sup,A2429,A2416
sup,A2429,A525
sup,A2429,A1187
sup,A2429,A1045
sup,A2429,A275
sup,A2429,A915
sup,A2429,A209
sup,A2429,A282
sup,A2429,A170
sup,A2429,A1591
sup,A2429,A2584
sup,A2429,A2496
sup,A2429,A1132
sup,A2429,A2065
sup,A2431,A560
sup,A2431,A97
sup,A2433,A406
sup,A2434,A1834
sup,A2434,A539
sup,A2434,A558
sup,A2434,A1847
sup,A2434,A2360
sup,A2434,A2050
sup,A2434,A2026
sup,A2434,A1074
sup,A2434,A1157
sup,A2434,A1906
sup,A2434,A1033
sup,A2434,A1640
sup,A2435,A65
sup,A2435,A394
sup,A2435,A2456
sup,A2436,A2666
sup,A2436,A1116
sup,A2436,A924
sup,A2436,A2248
sup,A2436,A2606
sup,A2437,A1551
sup,A2437,A1637
sup,A2437,A1084
sup,A2437,A323
sup,A2437,A46
sup,A2437,A2057
sup,A2437,A650
sup,A2437,A1682
sup,A2437,A1184
sup,A2437,A2590
sup,A2437,A2341
sup,A2438,A1209
sup,A2439,A928
sup,A2439,A1017
sup,A2439,A981
sup,A2439,A429
sup,A2439,A571
sup,A2439,A713
sup,A2440,A1101
sup,A2440,A828
sup,A2440,A594
sup,A2440,A2554
sup,A2441,A1492
sup,A2441,A1874
sup,A2441,A1955
sup,A2441,A2022
sup,A2441,A1487
sup,A2441,A1687
sup,A2441,A2589
sup,A2441,A1182
sup,A2441,A682
sup,A2441,A1619
sup,A2441,A985
sup,A2441,A1400
sup,A2441,A1375
sup,A2441,A2614
sup,A2441,A712
sup,A2441,A891
sup,A2441,A2019
sup,A2441,A1304
sup,A2444,A2169
sup,A2444,A289
sup,A2444,A1455
sup,A2444,A2037
sup,A2444,A1814
sup,A2444,A915
sup,A2444,A1912
sup,A2444,A295
sup,A2444,A1440
sup,A2444,A755
sup,A2444,A2180
sup,A2444,A920
sup,A2444,A913
sup,A2444,A2188
sup,A2444,A1833
sup,A2444,A2626
sup,A2444,A1793
sup,A2445,A2625
sup,A2445,A1621
sup,A2445,A2596
sup,A2445,A2094
sup,A2445,A2186
sup,A2445,A1528
sup,A2445,A2390
sup,A2445,A10
sup,A2445,A137
sup,A2446,A1925
sup,A2446,A2452
sup,A2447,A1908
sup,A2447,A1265
sup,A2447,A214
sup,A2447,A867
sup,A2447,A413
sup,A2447,A1314
sup,A2447,A1032
sup,A2447,A2115
sup,A2447,A1737
sup,A2447,A2097
sup,A2447,A2032
sup,A2447,A2147
sup,A2447,A331
sup,A2447,A1179
sup,A2450,A1496
sup,A2452,A2331
sup,A2452,A336
sup,A2452,A130
sup,A2452,A1260
sup,A2452,A2220
sup,A2452,A1312
sup,A2452,A2509
sup,A2452,A1920
sup,A2452,A2002
sup,A2452,A1430
sup,A2452,A1886
sup,A2452,A639
sup,A2452,A1880
sup,A2452,A1959
sup,A2453,A2054
sup,A2453,A1193
sup,A2453,A2184
sup,A2453,A2176
sup,A2453,A1220
sup,A2453,A889
sup,A2453,A1150
sup,A2453,A1957
sup,A2453,A1363
sup,A2453,A1248
sup,A2453,A2680
sup,A2453,A432
sup,A2453,A1859
sup,A2453,A155
sup,A2453,A768
sup,A2453,A937
sup,A2453,A575
sup,A2453,A760
sup,A2453,A352
sup,A2453,A2419
sup,A2453,A634
sup,A2454,A1219
sup,A2454,A2522
sup,A2454,A976
sup,A2454,A1645
sup,A2454,A2511
sup,A2454,A857
sup,A2454,A1974
sup,A2454,A1875
sup,A2454,A2315
sup,A2454,A39
sup,A2454,A640
sup,A2454,A812
sup,A2454,A2356
sup,A2454,A2101
sup,A2454,A1874
sup,A2454,A356
sup,A2454,A1395
sup,A2454,A2599
sup,A2454,A1338
sup,A2458,A2415
sup,A2458,A2450
sup,A2458,A2123
sup,A2458,A914
sup,A2458,A130
sup,A2458,A1001
sup,A2458,A1185
sup,A2458,A1013
sup,A2458,A1373
sup,A2458,A2377
sup,A2458,A2398
sup,A2458,A1201
sup,A2458,A646
sup,A2458,A1398
sup,A2458,A1952
sup,A2458,A1821
sup,A2458,A648
sup,A2458,A2417
sup,A2458,A2403
sup,A2458,A2241
sup,A2458,A953
sup,A2458,A1993
sup,A2458,A934
sup,A2458,A27
sup,A2458,A2349
sup,A2459,A2137
sup,A2459,A2226
sup,A2459,A966
sup,A2459,A1856
sup,A2459,A457
sup,A2459,A263
sup,A2459,A1185
sup,A2459,A2697
sup,A2459,A2550
sup,A2459,A1292
sup,A2459,A1550
sup,A2459,A1502
sup,A2459,A646
sup,A2459,A1692
sup,A2459,A2487
sup,A2459,A2558
sup,A2459,A1651
sup,A2459,A844
sup,A2459,A698
sup,A2459,A1763
sup,A2459,A1753
sup,A2459,A1213
sup,A2459,A477
sup,A2459,A2185
sup,A2459,A1572
sup,A2461,A1855
sup,A2461,A907
sup,A2461,A1667
sup,A2461,A891
sup,A2461,A1084
sup,A2461,A138
sup,A2461,A1569
sup,A2461,A1217
sup,A2461,A2348
sup,A2461,A2057
sup,A2462,A1930
sup,A2462,A1522
sup,A2462,A1862
sup,A2462,A1766
sup,A2464,A2044
sup,A2464,A2424
sup,A2464,A593
sup,A2464,A2397
sup,A2464,A633
sup,A2464,A410
sup,A2464,A279
sup,A2464,A1628
sup,A2464,A1349
sup,A2464,A1692
sup,A2464,A1827
sup,A2464,A832
sup,A2464,A779
sup,A2464,A815
sup,A2464,A2196
sup,A2464,A2109
sup,A2464,A112
sup,A2464,A936
sup,A2464,A1412
sup,A2464,A255
sup,A2464,A906
sup,A2464,A2439
sup,A2464,A496
sup,A2464,A2319
sup,A2467,A2179
sup,A2467,A863
sup,A2467,A582
sup,A2467,A3
sup,A2468,A983
sup,A2468,A977
sup,A2468,A35
sup,A2468,A2364
sup,A2468,A989
sup,A2468,A1655
sup,A2468,A211
sup,A2468,A469
sup,A2469,A2601
sup,A2469,A414
sup,A2469,A1433
sup,A2469,A2200
sup,A2469,A2359
sup,A2469,A1980
sup,A2469,A1191
sup,A2470,A1893
sup,A2470,A840
sup,A2470,A1027
sup,A2470,A2291
sup,A2470,A986
sup,A2470,A2563
sup,A2470,A1465
sup,A2470,A478
sup,A2470,A1104
sup,A2470,A975
sup,A2470,A1075
sup,A2470,A340
sup,A2470,A612
sup,A2470,A2322
sup,A2470,A405
sup,A2470,A74
sup,A2470,A321
sup,A2470,A2439
sup,A2470,A921
sup,A2470,A1152
sup,A2470,A1289
sup,A2470,A186
sup,A2470,A823
sup,A2470,A1400
sup,A2471,A706
sup,A2471,A2414
sup,A2471,A346
sup,A2471,A709
sup,A2471,A1678
sup,A2471,A2170
sup,A2471,A625
sup,A2471,A701
sup,A2471,A2329
sup,A2471,A1945
sup,A2473,A428
sup,A2473,A892
sup,A2473,A2478
sup,A2473,A503
sup,A2473,A1269
sup,A2473,A2364
sup,A2473,A687
sup,A2473,A1449
sup,A2473,A1419
sup,A2473,A1969
sup,A2473,A1033
sup,A2473,A2215
sup,A2473,A795
sup,A2473,A619
sup,A2473,A2343
sup,A2473,A1336
sup,A2474,A576
sup,A2474,A375
sup,A2474,A567
sup,A2474,A930
sup,A2474,A1425
sup,A2474,A1907
sup,A2474,A145
sup,A2474,A720
sup,A2474,A1847
sup,A2474,A1784
sup,A2474,A2588
sup,A2474,A767
sup,A2474,A2561
sup,A2474,A1962
sup,A2474,A1874
sup,A2474,A2372
sup,A2475,A68
sup,A2475,A708
sup,A2475,A1355
sup,A2475,A2072
sup,A2475,A1093
sup,A2475,A357
sup,A2475,A1684
sup,A2475,A157
sup,A2475,A970
sup,A2475,A1218
sup,A2475,A2457
sup,A2475,A2342
sup,A2475,A2664
sup,A2475,A1252
sup,A2477,A2483
sup,A2477,A1353
sup,A2477,A1661
sup,A2477,A2459
sup,A2477,A1826
sup,A2477,A2115
sup,A2477,A1000
sup,A2477,A1963
sup,A2477,A869
sup,A2477,A224
sup,A2477,A2200
sup,A2477,A2403
sup,A2477,A1999
sup,A2477,A1034
sup,A2478,A378
sup,A2478,A2113
sup,A2478,A2278
sup,A2478,A257
sup,A2478,A1414
sup,A2478,A2280
sup,A2478,A2518
sup,A2478,A2576
sup,A2478,A1429
sup,A2478,A790
sup,A2478,A2337
sup,A2478,A1566
sup,A2481,A2062
sup,A2481,A1840
sup,A2481,A2058
sup,A2481,A2026
sup,A2481,A2257
sup,A2481,A227
sup,A2481,A2101
sup,A2481,A2222
sup,A2481,A1109
sup,A2481,A2473
sup,A2481,A1926
sup,A2481,A2508
sup,A2481,A2447
sup,A2481,A645
sup,A2481,A1502
sup,A2481,A2083
sup,A2481,A1191
sup,A2485,A1691
sup,A2485,A1790
sup,A2485,A1140
sup,A2485,A1455
sup,A2485,A71
sup,A2485,A2220
sup,A2485,A1522
sup,A2485,A939
sup,A2485,A575
sup,A2485,A1843
sup,A2485,A1407
sup,A2485,A2150
sup,A2486,A1164
sup,A2486,A1791
sup,A2486,A133
sup,A2486,A1176
sup,A2486,A2091
sup,A2486,A2141
sup,A2486,A1997
sup,A2486,A1372
sup,A2486,A803
sup,A2486,A673
sup,A2486,A114
sup,A2486,A2570
sup,A2486,A42
sup,A2486,A2613
sup,A2486,A1156
sup,A2486,A2603
sup,A2486,A1346
sup,A2486,A2529
sup,A2486,A1796
sup,A2486,A1558
sup,A2486,A1119
sup,A2486,A568
sup,A2486,A1535
sup,A2486,A1432
sup,A2487,A696
sup,A2487,A565
sup,A2487,A724
sup,A2487,A1703
sup,A2487,A1422
sup,A2487,A197
sup,A2487,A1099
sup,A2487,A1928
sup,A2487,A2453
sup,A2487,A54
sup,A2487,A447
sup,A2487,A1412
sup,A2487,A2421
sup,A2487,A90
sup,A2487,A2682
sup,A2487,A168
sup,A2487,A1672
sup,A2487,A1342
sup,A2487,A1235
sup,A2487,A1028
sup,A2487,A1728
sup,A2488,A2599
sup,A2488,A1258
sup,A2488,A1646
sup,A2488,A2676
sup,A2488,A1042
sup,A2488,A774
sup,A2488,A1511
sup,A2488,A398
sup,A2488,A52
sup,A2488,A2497
sup,A2488,A2108
sup,A2488,A394
sup,A2488,A1311
sup,A2488,A1550
sup,A2488,A2579
sup,A2488,A305
sup,A2488,A1796
sup,A2488,A2554
sup,A2488,A1863
sup,A2488,A1403
sup,A2488,A344
sup,A2488,A1819
sup,A2488,A770
sup,A2488,A1018
sup,A2488,A879
sup,A2488,A2390
sup,A2491,A2369
sup,A2491,A842
sup,A2491,A1926
sup,A2491,A1973
sup,A2491,A98
sup,A2492,A1927
sup,A2492,A1124
sup,A2492,A1878
sup,A2492,A1972
sup,A2492,A303
sup,A2492,A1642
sup,A2492,A2316
sup,A2492,A1553
sup,A2492,A286
sup,A2492,A1547
sup,A2492,A922
sup,A2492,A1246
sup,A2492,A1520
sup,A2492,A126
sup,A2492,A406
sup,A2492,A550
sup,A2494,A1278
sup,A2499,A242
sup,A2499,A2536
sup,A2499,A681
sup,A2499,A2407
sup,A2499,A2372
sup,A2499,A602
sup,A2499,A985
sup,A2499,A561
sup,A2499,A509
sup,A2499,A1891
sup,A2499,A2181
sup,A2499,A1182
sup,A2499,A1324
sup,A2500,A1292
sup,A2500,A1895
sup,A2500,A1811
sup,A2500,A2024
sup,A2500,A777
sup,A2500,A1953
sup,A2500,A497
sup,A2500,A1715
sup,A2500,A2567
sup,A2500,A295
sup,A2500,A1416
sup,A2500,A2499
sup,A2504,A2669
sup,A2504,A1756
sup,A2504,A2554
sup,A2504,A1566
sup,A2504,A820
sup,A2504,A2276
sup,A2504,A1049
sup,A2504,A8
sup,A2504,A2658
sup,A2504,A2278
sup,A2504,A1332
sup,A2504,A1017
sup,A2504,A41
sup,A2504,A1172
sup,A2504,A542
sup,A2504,A2320
sup,A2504,A35
sup,A2504,A1813
sup,A2504,A1834
sup,A2507,A1363
sup,A2507,A286
sup,A2507,A2118
sup,A2507,A1704
sup,A2507,A1456
sup,A2507,A1396
sup,A2507,A1404
sup,A2507,A1843
sup,A2507,A1253
sup,A2507,A1024
sup,A2507,A1708
sup,A2507,A2318
sup,A2508,A1757
sup,A2508,A1440
sup,A2508,A2489
sup,A2508,A2006
sup,A2508,A990
sup,A2508,A2388
sup,A2508,A1505
sup,A2508,A1539
sup,A2508,A2003
sup,A2508,A2531
sup,A2508,A1400
sup,A2508,A972
sup,A2508,A1618
sup,A2508,A119
sup,A2508,A1026
sup,A2508,A923
sup,A2508,A2403
sup,A2508,A2584
sup,A2508,A1783
sup,A2508,A2661
sup,A2508,A1881
sup,A2508,A602
sup,A2511,A1028
sup,A2511,A2381
sup,A2511,A882
sup,A2511,A555
sup,A2511,A538
sup,A2511,A389
sup,A2511,A2339
sup,A2511,A1603
sup,A2511,A2548
sup,A2511,A1200
sup,A2511,A379
sup,A2511,A1543
sup,A2511,A257
sup,A2511,A850
sup,A2511,A1821
sup,A2511,A2017
sup,A2511,A1873
sup,A2511,A800
sup,A2511,A1208
sup,A2511,A1902
sup,A2511,A648
sup,A2511,A519
sup,A2516,A915
sup,A2516,A1374
sup,A2516,A2058
sup,A2516,A567
sup,A2516,A1018
sup,A2516,A2352
sup,A2516,A980
sup,A2516,A779
sup,A2516,A1218
sup,A2516,A1894
sup,A2516,A2322
sup,A2516,A161
sup,A2516,A1943
sup,A2516,A599
sup,A2516,A274
sup,A2516,A1871
sup,A2516,A1530
sup,A2516,A1567
sup,A2516,A1173
sup,A2517,A1746
sup,A2517,A2368
sup,A2517,A1057
sup,A2517,A128
sup,A2517,A1037
sup,A2517,A1663
sup,A2517,A2422
sup,A2517,A2585
sup,A2517,A1379
sup,A2517,A1549
sup,A2517,A2410
sup,A2517,A1819
sup,A2517,A2316
sup,A2517,A1515
sup,A2517,A2141
sup,A2517,A2168
sup,A2517,A1207
sup,A2517,A2094
sup,A2517,A1696
sup,A2517,A1535
sup,A2517,A2242
sup,A2517,A1467
sup,A2517,A2023
sup,A2518,A773
sup,A2518,A160
sup,A2518,A394
sup,A2518,A1847
sup,A2518,A1894
sup,A2518,A1579
sup,A2518,A1585
sup,A2518,A1465
sup,A2518,A2074
sup,A2518,A580
sup,A2518,A1396
sup,A2518,A1106
sup,A2518,A1615
sup,A2520,A2505
sup,A2520,A619
sup,A2520,A157
sup,A2520,A26
sup,A2520,A1638
sup,A2520,A1646
sup,A2520,A1770
sup,A2520,A2618
sup,A2520,A840
sup,A2520,A2244
sup,A2520,A926
sup,A2520,A945
sup,A2520,A1749
sup,A2520,A1387
sup,A2520,A570
sup,A2520,A2626
sup,A2520,A1427
sup,A2520,A1055
sup,A2520,A1164
sup,A2520,A1717
sup,A2520,A1883
sup,A2520,A2275
sup,A2520,A2674
sup,A2520,A1295
sup,A2520,A695
sup,A2522,A1677
sup,A2522,A1542
sup,A2523,A1375
sup,A2523,A756
sup,A2523,A808
sup,A2524,A2457
sup,A2524,A535
sup,A2524,A626
sup,A2524,A2513
sup,A2524,A2606
sup,A2524,A617
sup,A2524,A655
sup,A2524,A1269
sup,A2524,A2473
sup,A2524,A1655
sup,A2524,A637
sup,A2524,A1582
sup,A2524,A2183
sup,A2525,A1375
sup,A2525,A99
sup,A2525,A987
sup,A2525,A642
sup,A2525,A2037
sup,A2525,A1044
sup,A2525,A862
sup,A2525,A1647
sup,A2525,A2675
sup,A2525,A527
sup,A2525,A2268
sup,A2525,A2364
sup,A2525,A2373
sup,A2525,A2434
sup,A2525,A2002
sup,A2525,A421
sup,A2525,A2331
sup,A2526,A1590
sup,A2526,A679
sup,A2526,A2236
sup,A2526,A649
sup,A2526,A1521
sup,A2526,A599
sup,A2526,A1477
sup,A2526,A1073
sup,A2526,A2654
sup,A2526,A118
sup,A2526,A242
sup,A2526,A2137
sup,A2526,A836
sup,A2526,A2349
sup,A2526,A2457
sup,A2526,A2044
sup,A2526,A156
sup,A2526,A2641
sup,A2526,A417
sup,A2526,A2557
sup,A2526,A2006
sup,A2526,A844
sup,A2526,A1649
sup,A2526,A1507
sup,A2526,A1532
sup,A2528,A1367
sup,A2528,A1118
sup,A2528,A2101
sup,A2528,A2161
sup,A2528,A2071
sup,A2528,A1736
sup,A2528,A2218
sup,A2528,A1558
sup,A2528,A1578
sup,A2528,A497
sup,A2530,A2253
sup,A2530,A2021
sup,A2530,A2372
sup,A2532,A267
sup,A2532,A914
sup,A2532,A1672
sup,A2532,A1243
sup,A2532,A2461
sup,A2532,A1772
sup,A2532,A40
sup,A2532,A111
sup,A2532,A46
sup,A2532,A55
sup,A2532,A275
sup,A2532,A1932
sup,A2532,A1592
sup,A2532,A1209
sup,A2532,A2139
sup,A2532,A548
sup,A2532,A1103
sup,A2532,A1043
sup,A2534,A836
sup,A2534,A1789
sup,A2534,A1794
sup,A2534,A322
sup,A2534,A2265
sup,A2534,A2165
sup,A2534,A2404
sup,A2534,A1662
sup,A2534,A2344
sup,A2534,A2337
sup,A2534,A1116
sup,A2534,A1355
sup,A2534,A1264
sup,A2535,A202
sup,A2535,A2367
sup,A2535,A2061
sup,A2535,A1834
sup,A2535,A1452
sup,A2535,A1720
sup,A2535,A608
sup,A2535,A1544
sup,A2535,A1114
sup,A2535,A933
sup,A2538,A1952
sup,A2538,A217
sup,A2538,A802
sup,A2538,A2653
sup,A2538,A132
sup,A2538,A2359
sup,A2538,A2559
sup,A2538,A1801
sup,A2538,A356
sup,A2544,A49
sup,A2544,A1450
sup,A2544,A829
sup,A2544,A692
sup,A2544,A1749
sup,A2544,A529
sup,A2544,A1132
sup,A2544,A293
sup,A2544,A1105
sup,A2544,A2456
sup,A2544,A2431
sup,A2544,A2164
sup,A2544,A1438
sup,A2544,A1133
sup,A2544,A181
sup,A2544,A107
sup,A2544,A280
sup,A2544,A1100
sup,A2544,A1567
sup,A2544,A860
sup,A2544,A552
sup,A2544,A2303
sup,A2544,A1096
sup,A2544,A1251
sup,A2544,A2600
sup,A2544,A2039
sup,A2547,A2305
sup,A2547,A2185
sup,A2547,A2460
sup,A2547,A514
sup,A2547,A2180
sup,A2547,A2514
sup,A2547,A845
sup,A2547,A1370
sup,A2547,A946
sup,A2547,A571
sup,A2547,A1725
sup,A2547,A2064
sup,A2551,A2579
sup,A2551,A374
sup,A2551,A1750
sup,A2551,A345
sup,A2551,A1738
sup,A2551,A2093
sup,A2551,A324
sup,A2551,A2282
sup,A2551,A594
sup,A2551,A102
sup,A2555,A2508
sup,A2555,A2027
sup,A2555,A1894
sup,A2555,A1877
sup,A2555,A2141
sup,A2555,A171
sup,A2561,A259
sup,A2561,A14
sup,A2561,A1618
sup,A2561,A1769
sup,A2561,A809
sup,A2561,A1463
sup,A2561,A2689
sup,A2561,A1348
sup,A2561,A861
sup,A2561,A1653
sup,A2561,A2448
sup,A2563,A1061
sup,A2563,A2559
sup,A2563,A1691
sup,A2563,A1001
sup,A2563,A909
sup,A2563,A199
sup,A2563,A830
sup,A2563,A1579
sup,A2563,A1763
sup,A2563,A1627
sup,A2563,A107
sup,A2563,A2286
sup,A2563,A1085
sup,A2563,A978
sup,A2563,A1580
sup,A2563,A1110
sup,A2563,A1198
sup,A2563,A2330
sup,A2563,A2575
sup,A2563,A2382
sup,A2563,A1222
sup,A2563,A1139
sup,A2563,A2190
sup,A2563,A677
sup,A2563,A2237
sup,A2563,A1011
sup,A2563,A1339
sup,A2563,A2618
sup,A2563,A579
sup,A2564,A900
sup,A2564,A1061
sup,A2564,A2535
sup,A2564,A304
sup,A2564,A405
sup,A2564,A1794
sup,A2566,A2505
sup,A2566,A1653
sup,A2566,A252
sup,A2566,A1289
sup,A2566,A1657
sup,A2566,A2283
sup,A2566,A485
sup,A2566,A1626
sup,A2566,A234
sup,A2566,A2242
sup,A2566,A2094
sup,A2566,A1937
sup,A2566,A2563
sup,A2566,A1431
sup,A2566,A1615
sup,A2566,A1489
sup,A2566,A410
sup,A2566,A1502
sup,A2566,A2093
sup,A2566,A603
sup,A2566,A169
sup,A2566,A530
sup,A2568,A2596
sup,A2568,A27
sup,A2568,A2011
sup,A2568,A2323
sup,A2568,A2145
sup,A2568,A332
sup,A2568,A726
sup,A2568,A2110
sup,A2568,A1993
sup,A2571,A2417
sup,A2571,A1296
sup,A2571,A1083
sup,A2571,A1545
sup,A2571,A2288
sup,A2571,A422
sup,A2571,A1411
sup,A2571,A767
sup,A2571,A1751
sup,A2571,A1219
sup,A2571,A1139
sup,A2571,A343
sup,A2571,A242
sup,A2571,A2279
sup,A2571,A466
sup,A2571,A2249
sup,A2571,A1942
sup,A2571,A2565
sup,A2572,A1087
sup,A2572,A1479
sup,A2572,A2091
sup,A2572,A752
sup,A2572,A245
sup,A2572,A1123
sup,A2572,A2378
sup,A2572,A1907
sup,A2572,A1545
sup,A2572,A1373
sup,A2572,A1333
sup,A2572,A1405
sup,A2572,A769
sup,A2574,A1884
sup,A2574,A799
sup,A2574,A50
sup,A2574,A2344
sup,A2574,A25
sup,A2574,A2602
sup,A2574,A106
sup,A2574,A1620
sup,A2574,A97
sup,A2574,A2146
sup,A2574,A1488
sup,A2574,A247
sup,A2574,A868
sup,A2574,A1145
sup,A2574,A1334
sup,A2574,A1637
sup,A2574,A2408
sup,A2574,A521
sup,A2574,A1278
sup,A2574,A595
sup,A2574,A1815
sup,A2574,A2273
sup,A2575,A705
sup,A2575,A2127
sup,A2575,A2142
sup,A2575,A1995
sup,A2575,A648
sup,A2575,A2688
sup,A2575,A124
sup,A2575,A101
sup,A2575,A2680
sup,A2575,A2267
sup,A2575,A2114
sup,A2575,A498
sup,A2575,A2147
sup,A2575,A715
sup,A2575,A526
sup,A2575,A1811
sup,A2575,A1672
sup,A2575,A239
sup,A2575,A2021
sup,A2575,A2349
sup,A2575,A2408
sup,A2575,A870
sup,A2575,A491
sup,A2575,A1340
sup,A2575,A145
sup,A2576,A538
sup,A2576,A1601
sup,A2576,A1126
sup,A2576,A959
sup,A2576,A1734
sup,A2576,A316
sup,A2576,A2074
sup,A2576,A117
sup,A2576,A604
sup,A2576,A1444
sup,A2576,A1244
sup,A2576,A2370
sup,A2576,A1199
sup,A2578,A2629
sup,A2578,A2395
sup,A2579,A1116
sup,A2579,A2068
sup,A2579,A2480
sup,A2579,A1337
sup,A2579,A1003
sup,A2579,A644
sup,A2579,A2687
sup,A2579,A1151
sup,A2579,A540
sup,A2579,A1953
sup,A2579,A2055
sup,A2579,A2207
sup,A2579,A1333
sup,A2579,A2290
sup,A2579,A1529
sup,A2579,A1257
sup,A2579,A536
sup,A2579,A3
sup,A2579,A281
sup,A2579,A1771
sup,A2579,A445
sup,A2579,A105
sup,A2579,A1905
sup,A2579,A665
sup,A2579,A1912
sup,A2579,A2294
sup,A2579,A1732
sup,A2579,A2115
sup,A2580,A1771
sup,A2580,A794
sup,A2580,A167
sup,A2580,A2093
sup,A2580,A1072
sup,A2580,A2357
sup,A2580,A1545
sup,A2581,A2216
sup,A2581,A1258
sup,A2581,A2314
sup,A2581,A904
sup,A2581,A2257
sup,A2581,A280
sup,A2581,A592
sup,A2581,A939
sup,A2581,A1463
sup,A2581,A577
sup,A2581,A2626
sup,A2581,A1485
sup,A2581,A1983
sup,A2581,A2220
sup,A2581,A716
sup,A2581,A334
sup,A2581,A2345
sup,A2581,A2300
sup,A2581,A1599
sup,A2581,A1907
sup,A2581,A2006
sup,A2581,A1710
sup,A2581,A1565
sup,A2584,A1667
sup,A2584,A1563
sup,A2587,A2689
sup,A2587,A2229
sup,A2587,A1749
sup,A2587,A2365
sup,A2588,A947
sup,A2588,A1299
sup,A2588,A1981
sup,A2588,A2395
sup,A2588,A297
sup,A2588,A1995
sup,A2588,A2449
sup,A2588,A2148
sup,A2588,A2127
sup,A2588,A360
sup,A2588,A2467
sup,A2588,A91
sup,A2588,A1417
sup,A2588,A1613
sup,A2588,A2208
sup,A2591,A1788
sup,A2591,A561
sup,A2591,A1960
sup,A2591,A302
sup,A2591,A286
sup,A2591,A2578
sup,A2591,A181
sup,A2591,A1711
sup,A2591,A1719
sup,A2592,A1209
sup,A2592,A559
sup,A2592,A2359
sup,A2592,A2398
sup,A2592,A1088
sup,A2592,A1749
sup,A2592,A2087
sup,A2592,A443
sup,A2592,A2629
sup,A2592,A1284
sup,A2593,A265
sup,A2593,A2246
sup,A2593,A1921
sup,A2593,A1348
sup,A2593,A670
sup,A2593,A1015
sup,A2593,A67
sup,A2593,A319
sup,A2593,A2374
sup,A2593,A993
sup,A2593,A1181
sup,A2593,A2300
sup,A2593,A1754
sup,A2593,A188
sup,A2593,A1057
sup,A2593,A1238
sup,A2593,A755
sup,A2593,A437
sup,A2593,A1892
sup,A2593,A2123
sup,A2593,A140
sup,A2593,A425
sup,A2594,A247
sup,A2594,A2444
sup,A2594,A2694
sup,A2594,A1791
sup,A2594,A1884
sup,A2594,A1431
sup,A2594,A162
sup,A2594,A2625
sup,A2594,A459
sup,A2594,A1105
sup,A2594,A2359
sup,A2594,A1215
sup,A2594,A527
sup,A2594,A648
sup,A2594,A912
sup,A2594,A466
sup,A2594,A642
sup,A2594,A2169
sup,A2597,A2675
sup,A2597,A2199
sup,A2597,A2317
sup,A2597,A1340
sup,A2597,A340
sup,A2597,A1048
sup,A2597,A1818
sup,A2597,A2341
sup,A2598,A2268
sup,A2598,A420
sup,A2598,A548
sup,A2598,A1785
sup,A2598,A1382
sup,A2598,A2482
sup,A2598,A2407
sup,A2598,A274
sup,A2598,A2431
sup,A2598,A994
sup,A2598,A426
sup,A2598,A1823
sup,A2599,A1828
sup,A2599,A2346
sup,A2601,A937
sup,A2601,A2646
sup,A2601,A333
sup,A2601,A275
sup,A2601,A2643
sup,A2601,A823
sup,A2601,A1844
sup,A2601,A1667
sup,A2601,A978
sup,A2601,A1
sup,A2601,A1897
sup,A2601,A1881
sup,A2601,A1970
sup,A2601,A2225
sup,A2601,A1208
sup,A2601,A1116
sup,A2601,A1314
sup,A2601,A884
sup,A2601,A656
sup,A2601,A958
sup,A2601,A312
sup,A2601,A2531
sup,A2601,A560
sup,A2602,A436
sup,A2602,A736
sup,A2602,A1339
sup,A2602,A1772
sup,A2602,A2495
sup,A2602,A339
sup,A2602,A1450
sup,A2602,A1578
sup,A2602,A74
sup,A2602,A2176
sup,A2602,A365
sup,A2602,A1013
sup,A2602,A2037
sup,A2604,A1529
sup,A2604,A2023
sup,A2604,A1878
sup,A2604,A1441
sup,A2605,A427
sup,A2605,A2084
sup,A2605,A154
sup,A2605,A676
sup,A2605,A775
sup,A2605,A1599
sup,A2605,A2190
sup,A2605,A673
sup,A2605,A932
sup,A2605,A2335
sup,A2605,A1306
sup,A2605,A401
sup,A2605,A386
sup,A2605,A1801
sup,A2606,A864
sup,A2606,A710
sup,A2606,A1637
sup,A2606,A2525
sup,A2606,A2121
sup,A2606,A1460
sup,A2606,A930
sup,A2606,A2583
sup,A2606,A2188
sup,A2606,A113
sup,A2606,A2005
sup,A2606,A1686
sup,A2607,A602
sup,A2607,A2614
sup,A2607,A1589
sup,A2607,A657
sup,A2607,A1698
sup,A2607,A1994
sup,A2607,A2145
sup,A2607,A2515
sup,A2607,A1448
sup,A2607,A890
sup,A2607,A2597
sup,A2607,A18
sup,A2607,A2271
sup,A2607,A1210
sup,A2607,A202
sup,A2608,A1903
sup,A2608,A1772
sup,A2608,A394
sup,A2608,A2631
sup,A2608,A2359
sup,A2608,A608
sup,A2608,A1559
sup,A2608,A443
sup,A2608,A2476
sup,A2608,A457
sup,A2608,A1874
sup,A2608,A2667
sup,A2608,A1843
sup,A2608,A1224
sup,A2608,A2150
sup,A2608,A480
sup,A2608,A2107
sup,A2608,A2296
sup,A2608,A2484
sup,A2608,A101
sup,A2608,A1837
sup,A2608,A435
sup,A2608,A1882
sup,A2608,A446
sup,A2608,A2652
sup,A2608,A1183
sup,A2608,A1686
sup,A2609,A1278
sup,A2609,A2038
sup,A2609,A134
sup,A2609,A350
sup,A2609,A1411
sup,A2609,A16
sup,A2609,A826
sup,A2609,A369
sup,A2609,A2367
sup,A2609,A650
sup,A2611,A665
sup,A2611,A1129
sup,A2611,A972
sup,A2611,A986
sup,A2611,A1219
sup,A2611,A654
sup,A2611,A243
sup,A2611,A2676
sup,A2611,A891
sup,A2611,A1214
sup,A2611,A2593
sup,A2611,A1507
sup,A2611,A1235
sup,A2611,A2055
sup,A2611,A39
sup,A2613,A376
sup,A2613,A608
sup,A2613,A985
sup,A2613,A2635
sup,A2613,A743
sup,A2613,A1656
sup,A2613,A811
sup,A2613,A1545
sup,A2615,A158
sup,A2615,A2249
sup,A2615,A733
sup,A2615,A2693
sup,A2615,A1733
sup,A2615,A1681
sup,A2615,A2592
sup,A2615,A1298
sup,A2615,A82
sup,A2615,A1940
sup,A2615,A780
sup,A2615,A1797
sup,A2615,A242
sup,A2615,A2405
sup,A2615,A2645
sup,A2615,A1448
sup,A2615,A564
sup,A2616,A1438
sup,A2616,A2181
sup,A2616,A676
sup,A2616,A142
sup,A2616,A2254
sup,A2616,A240
sup,A2616,A312
sup,A2616,A275
sup,A2616,A2420
sup,A2616,A2600
sup,A2616,A941
sup,A2619,A1997
sup,A2619,A862
sup,A2619,A1267
sup,A2619,A794
sup,A2619,A2046
sup,A2619,A126
sup,A2619,A288
sup,A2619,A1853
sup,A2619,A2108
sup,A2619,A180
sup,A2619,A140
sup,A2620,A488
sup,A2620,A2324
sup,A2620,A876
sup,A2620,A1885
sup,A2620,A2304
sup,A2620,A374
sup,A2620,A989
sup,A2620,A2392
sup,A2621,A30
sup,A2621,A2001
sup,A2621,A162
sup,A2621,A2565
sup,A2621,A1608
sup,A2621,A1615
sup,A2621,A420
sup,A2621,A701
sup,A2621,A542
sup,A2621,A1262
sup,A2621,A1292
sup,A2621,A571
sup,A2621,A86
sup,A2621,A933
sup,A2621,A2485
sup,A2621,A1483
sup,A2622,A1629
sup,A2622,A2298
sup,A2622,A2295
sup,A2622,A2233
sup,A2622,A705
sup,A2622,A833
sup,A2622,A2625
sup,A2622,A631
sup,A2622,A2440
sup,A2622,A784
sup,A2622,A829
sup,A2622,A1717
sup,A2622,A2129
sup,A2622,A513
sup,A2622,A1691
sup,A2622,A810
sup,A2622,A878
sup,A2622,A1639
sup,A2622,A2599
sup,A2622,A2587
sup,A2622,A1647
sup,A2622,A959
sup,A2623,A1781
sup,A2623,A136
sup,A2623,A1186
sup,A2623,A445
sup,A2623,A1462
sup,A2623,A1596
sup,A2623,A854
sup,A2623,A1068
sup,A2623,A791
sup,A2623,A464
sup,A2623,A1391
sup,A2623,A666
sup,A2623,A1294
sup,A2623,A662
sup,A2623,A581
sup,A2623,A720
sup,A2623,A228
sup,A2623,A552
sup,A2623,A1046
sup,A2623,A2370
sup,A2624,A2382
sup,A2624,A1362
sup,A2624,A425
sup,A2624,A1315
sup,A2624,A2073
sup,A2624,A2013
sup,A2624,A1415
sup,A2624,A2590
sup,A2626,A426
sup,A2626,A2133
sup,A2626,A1508
sup,A2626,A1165
sup,A2626,A2354
sup,A2626,A1759
sup,A2626,A2445
sup,A2626,A2276
sup,A2626,A842
sup,A2626,A2544
sup,A2626,A1255
sup,A2626,A818
sup,A2628,A1266
sup,A2628,A2653
sup,A2628,A1360
sup,A2628,A1186
sup,A2628,A2215
sup,A2628,A1210
sup,A2628,A371
sup,A2628,A1707
sup,A2628,A1452
sup,A2628,A1175
sup,A2628,A382
sup,A2628,A924
sup,A2628,A1306
sup,A2628,A1041
sup,A2629,A940
sup,A2629,A1694
sup,A2629,A1972
sup,A2629,A2041
sup,A2629,A2568
sup,A2629,A1440
sup,A2629,A216
sup,A2629,A476
sup,A2629,A721
sup,A2629,A1392
sup,A2629,A96
sup,A2631,A1998
sup,A2632,A2425
sup,A2632,A2541
sup,A2632,A1331
sup,A2632,A494
sup,A2632,A334
sup,A2632,A1079
sup,A2632,A2131
sup,A2632,A1137
sup,A2632,A1384
sup,A2632,A1368
sup,A2632,A680
sup,A2632,A1155
sup,A2632,A2201
sup,A2632,A1231
sup,A2632,A1633
sup,A2632,A2203
sup,A2632,A574
sup,A2632,A2638
sup,A2632,A553
sup,A2632,A1841
sup,A2632,A203
sup,A2632,A1579
sup,A2633,A2474
sup,A2633,A2197
sup,A2633,A386
sup,A2633,A1955
sup,A2633,A505
sup,A2633,A6
sup,A2633,A1243
sup,A2633,A757
sup,A2633,A1430
sup,A2633,A362
sup,A2633,A1895
sup,A2633,A249
sup,A2633,A2418
sup,A2633,A449
sup,A2633,A524
sup,A2633,A594
sup,A2633,A119
sup,A2633,A1069
sup,A2633,A2485
sup,A2633,A382
sup,A2633,A587
sup,A2633,A385
sup,A2633,A1398
sup,A2633,A1593
sup,A2635,A166
sup,A2635,A1238
sup,A2635,A2699
sup,A2635,A1503
sup,A2638,A2210
sup,A2638,A1745
sup,A2638,A470
sup,A2638,A1274
sup,A2638,A743
sup,A2638,A942
sup,A2638,A1197
sup,A2638,A2605
sup,A2638,A2025
sup,A2638,A576
sup,A2638,A1613
sup,A2638,A1805
sup,A2638,A2364
sup,A2638,A2102
sup,A2638,A2548
sup,A2638,A1351
sup,A2638,A108
sup,A2640,A335
sup,A2640,A2096
sup,A2640,A1802
sup,A2640,A1797
sup,A2640,A2634
sup,A2640,A1641
sup,A2640,A2334
sup,A2640,A1312
sup,A2640,A1456
sup,A2640,A2567
sup,A2640,A286
sup,A2640,A1714
sup,A2640,A2497
sup,A2640,A2628
sup,A2642,A1106
sup,A2642,A1022
sup,A2642,A423
sup,A2642,A1392
sup,A2642,A583
sup,A2642,A1933
sup,A2642,A121
sup,A2642,A2404
sup,A2642,A838
sup,A2642,A2453
sup,A2642,A202
sup,A2642,A1162
sup,A2642,A1745
sup,A2644,A303
sup,A2644,A647
sup,A2644,A1527
sup,A2644,A561
sup,A2644,A1511
sup,A2644,A719
sup,A2644,A1562
sup,A2644,A1779
sup,A2644,A482
sup,A2644,A584
sup,A2644,A1230
sup,A2644,A1422
sup,A2644,A308
sup,A2644,A997
sup,A2644,A693
sup,A2644,A1786
sup,A2644,A1589
sup,A2644,A1161
sup,A2644,A100
sup,A2644,A1835
sup,A2644,A293
sup,A2644,A2488
sup,A2645,A939
sup,A2645,A1432
sup,A2645,A1424
sup,A2645,A1444
sup,A2645,A1441
sup,A2645,A1627
sup,A2645,A996
sup,A2645,A2161
sup,A2645,A398
sup,A2645,A473
sup,A2645,A2032
sup,A2645,A2449
sup,A2645,A1963
sup,A2645,A2116
sup,A2645,A845
sup,A2645,A1886
sup,A2645,A2583
sup,A2645,A1459
sup,A2645,A1618
sup,A2645,A2433
sup,A2645,A2329
sup,A2645,A1908
sup,A2645,A2598
sup,A2645,A2144
sup,A2647,A220
sup,A2647,A1722
sup,A2647,A922
sup,A2647,A2341
sup,A2647,A533
sup,A2647,A48
sup,A2647,A2555
sup,A2647,A1901
sup,A2647,A360
sup,A2647,A1355
sup,A2651,A2589
sup,A2651,A928
sup,A2651,A1268
sup,A2651,A1469
sup,A2653,A2677
sup,A2653,A2144
sup,A2653,A1736
sup,A2653,A2010
sup,A2653,A248
sup,A2653,A1813
sup,A2653,A925
sup,A2653,A740
sup,A2653,A1809
sup,A2653,A2403
sup,A2653,A221
sup,A2653,A2300
sup,A2655,A859
sup,A2655,A1758
sup,A2655,A2468
sup,A2655,A1822
sup,A2655,A1342
sup,A2655,A1669
sup,A2655,A2496
sup,A2655,A287
sup,A2655,A413
sup,A2655,A458
sup,A2655,A1176
sup,A2655,A950
sup,A2655,A1722
sup,A2655,A1900
sup,A2655,A405
sup,A2655,A1126
sup,A2657,A1226
sup,A2657,A2427
sup,A2657,A1756
sup,A2657,A470
sup,A2657,A1057
sup,A2657,A2073
sup,A2657,A671
sup,A2657,A2363
sup,A2657,A784
sup,A2657,A1346
sup,A2659,A1299
sup,A2659,A867
sup,A2659,A618
sup,A2659,A1901
sup,A2659,A947
sup,A2659,A703
sup,A2659,A2347
sup,A2659,A2262
sup,A2659,A1565
sup,A2659,A2135
sup,A2659,A1222
sup,A2659,A2667
sup,A2659,A1280
sup,A2659,A873
sup,A2659,A1138
sup,A2659,A637
sup,A2659,A2248
sup,A2659,A1207
sup,A2659,A2460
sup,A2659,A1042
sup,A2659,A2051
sup,A2659,A2449
sup,A2659,A1546
sup,A2659,A15
sup,A2660,A1345
sup,A2660,A1699
sup,A2660,A2361
sup,A2660,A564
sup,A2660,A481
sup,A2660,A98
sup,A2660,A298
sup,A2660,A46
sup,A2660,A2262
sup,A2660,A33
sup,A2660,A2572
sup,A2660,A2663
sup,A2660,A2243
sup,A2660,A683
sup,A2660,A56
sup,A2660,A1096
sup,A2660,A2347
sup,A2660,A2183
sup,A2660,A2580
sup,A2660,A2563
sup,A2660,A1388
sup,A2663,A1878
sup,A2663,A1106
sup,A2663,A792
sup,A2663,A2085
sup,A2663,A2081
sup,A2663,A1062
sup,A2663,A1345
sup,A2663,A2622
sup,A2663,A332
sup,A2663,A399
sup,A2663,A989
sup,A2663,A1413
sup,A2663,A2459
sup,A2663,A1701
sup,A2665,A969
sup,A2665,A1262
sup,A2665,A1719
sup,A2665,A152
sup,A2665,A1258
sup,A2665,A1561
sup,A2665,A210
sup,A2665,A509
sup,A2665,A2647
sup,A2666,A475
sup,A2666,A2186
sup,A2666,A2082
sup,A2666,A997
sup,A2666,A24
sup,A2666,A642
sup,A2666,A2589
sup,A2666,A554
sup,A2666,A2586
sup,A2666,A484
sup,A2666,A1505
sup,A2666,A1358
sup,A2666,A1168
sup,A2666,A1734
sup,A2666,A971
sup,A2666,A1607
sup,A2666,A2301
sup,A2666,A1515
sup,A2666,A72
sup,A2666,A1589
sup,A2666,A2113
sup,A2666,A1634
sup,A2666,A1558
sup,A2668,A227
sup,A2668,A481
sup,A2668,A2306
sup,A2668,A2409
sup,A2668,A2489
sup,A2668,A2381
sup,A2668,A166
sup,A2668,A1259
sup,A2668,A332
sup,A2668,A525
sup,A2668,A2643
sup,A2668,A1157
sup,A2668,A629
sup,A2668,A1977
sup,A2669,A645
sup,A2669,A568
sup,A2669,A906
sup,A2669,A2661
sup,A2669,A1166
sup,A2669,A2051
sup,A2669,A457
sup,A2669,A0
sup,A2669,A2692
sup,A2669,A752
sup,A2669,A416
sup,A2669,A574
sup,A2669,A284
sup,A2669,A2420
sup,A2669,A1649
sup,A2669,A1825
sup,A2669,A521
sup,A2669,A1659
sup,A2669,A271
sup,A2669,A1591
sup,A2670,A2347
sup,A2670,A362
sup,A2670,A1364
sup,A2670,A2637
sup,A2670,A141
sup,A2670,A109
sup,A2670,A1502
sup,A2670,A1145
sup,A2670,A1249
sup,A2671,A80
sup,A2671,A22
sup,A2671,A574
sup,A2671,A768
sup,A2671,A980
sup,A2671,A2298
sup,A2671,A963
sup,A2671,A2676
sup,A2673,A117
sup,A2673,A241
sup,A2673,A2462
sup,A2673,A1681
sup,A2673,A422
sup,A2673,A1733
sup,A2676,A2527
sup,A2676,A1450
sup,A2676,A2002
sup,A2676,A839
sup,A2677,A2581
sup,A2677,A1055
sup,A2677,A486
sup,A2677,A2117
sup,A2677,A2437
sup,A2677,A1831
sup,A2677,A2410
sup,A2677,A1989
sup,A2677,A1800
sup,A2677,A1060
sup,A2677,A1652
sup,A2677,A64
sup,A2677,A2385
sup,A2677,A860
sup,A2677,A1794
sup,A2677,A2308
sup,A2677,A1310
sup,A2677,A0
sup,A2677,A1072
sup,A2677,A985
sup,A2680,A596
sup,A2680,A688
sup,A2680,A103
sup,A2680,A794
sup,A2680,A1187
sup,A2680,A132
sup,A2680,A2298
sup,A2680,A2276
sup,A2680,A2285
sup,A2680,A2674
sup,A2680,A1504
sup,A2680,A514
sup,A2680,A796
sup,A2680,A279
sup,A2680,A638
sup,A2680,A1488
sup,A2680,A878
sup,A2680,A649
sup,A2680,A840
sup,A2680,A1418
sup,A2680,A2627
sup,A2680,A1576
sup,A2680,A449
sup,A2680,A2535
sup,A2680,A2643
sup,A2680,A1191
sup,A2680,A2458
sup,A2680,A618
sup,A2680,A619
sup,A2680,A1800
sup,A2680,A270
sup,A2681,A2229
sup,A2681,A1505
sup,A2681,A2607
sup,A2681,A1446
sup,A2681,A2370
sup,A2681,A2132
sup,A2681,A2543
sup,A2681,A2244
sup,A2684,A75
sup,A2684,A2074
sup,A2684,A916
sup,A2684,A332
sup,A2684,A160
sup,A2684,A1742
sup,A2684,A874
sup,A2684,A951
sup,A2684,A1848
sup,A2684,A373
sup,A2684,A276
sup,A2684,A2413
sup,A2684,A2386
sup,A2684,A1345
sup,A2684,A974
sup,A2684,A1022
sup,A2684,A827
sup,A2690,A2082
sup,A2690,A1125
sup,A2690,A142
sup,A2690,A1165
sup,A2691,A814
sup,A2691,A2440
sup,A2691,A898
sup,A2691,A150
sup,A2691,A1575
sup,A2691,A1394
sup,A2691,A2328
sup,A2691,A1191
sup,A2691,A1659
sup,A2691,A2055
sup,A2691,A2096
sup,A2691,A251
sup,A2691,A1368
sup,A2691,A2001
sup,A2691,A498
sup,A2691,A45
sup,A2691,A1329
sup,A2691,A953
sup,A2691,A198
sup,A2692,A1295
sup,A2692,A345
sup,A2692,A261
sup,A2692,A85
sup,A2692,A2274
sup,A2692,A2418
sup,A2692,A1104
sup,A2692,A999
sup,A2692,A397
sup,A2692,A2191
sup,A2692,A403
sup,A2692,A310
sup,A2692,A1362
sup,A2692,A840
sup,A2692,A505
sup,A2692,A1289
sup,A2692,A1673
sup,A2692,A124
sup,A2692,A1274
sup,A2692,A2114
sup,A2692,A279
sup,A2694,A1201
sup,A2694,A2124
sup,A2694,A2437
sup,A2694,A2075
sup,A2694,A2408
sup,A2694,A889
sup,A2694,A1612
sup,A2694,A2495
sup,A2694,A1596
sup,A2694,A1090
sup,A2694,A1574
sup,A2694,A2223
sup,A2694,A2386
sup,A2695,A2164
sup,A2695,A1386
sup,A2695,A1303
sup,A2695,A1581
sup,A2695,A1794
sup,A2695,A1445
sup,A2695,A207
sup,A2695,A1820
sup,A2695,A1814
sup,A2695,A2144
sup,A2695,A214
sup,A2695,A2626
sup,A2695,A2290
sup,A2695,A2196
sup,A2695,A1517
sup,A2696,A2552
sup,A2696,A786
sup,A2696,A1274
sup,A2696,A359
sup,A2696,A1560
sup,A2696,A1807
sup,A2696,A570
sup,A2696,A944
sup,A2698,A2262
sup,A2698,A1264
sup,A2698,A11
sup,A2698,A233
sup,A2698,A2162
sup,A2698,A163
sup,A2698,A1449
sup,A2698,A1485
sup,A2698,A470
sup,A2698,A864
sup,A2698,A1350
sup,A2698,A347
sup,A2698,A828
sup,A2698,A1524
sup,A2698,A308
sup,A2699,A2513
sup,A2699,A2265
sup,A2699,A1408
sup,A2699,A2173
sup,A2699,A1184
sup,A2699,A1358
sup,A2699,A816
sup,A2699,A1005
sup,A2699,A1467
sup,A2699,A1801
sup,A2699,A1084
sup,A2699,A2308
sup,A2699,A813
sup,A2699,A1129
sup,A2699,A314
sup,A2699,A2608
sup,A2699,A2306
sup,A2699,A1185
sup,A2699,A1344
att,A0,A1
att,A1,A2
att,A2,A3
att,A4,A5
att,A5,A6
att,A10,A0
att,A11,A12
att,A12,A13
att,A13,A14
att,A14,A15
att,A15,A16
att,A16,A17
att,A17,A18
att,A18,A19
att,A19,A20
att,A20,A21
att,A21,A22
att,A22,A23
att,A23,A24
att,A24,A25
att,A25,A26
att,A26,A27
att,A27,A28
att,A28,A29
att,A29,A30
att,A30,A31
att,A31,A32
att,A32,A33
att,A33,A34
att,A34,A35
att,A35,A36
att,A36,A37
att,A37,A38
att,A38,A39
att,A39,A40
att,A40,A41
att,A41,A42
att,A42,A43
att,A43,A44
att,A44,A45
att,A45,A46
att,A46,A47
att,A47,A48
att,A48,A49
att,A49,A50
att,A50,A51
att,A51,A52
att,A52,A53
att,A53,A54
att,A54,A55
att,A55,A56
att,A56,A57
att,A57,A58
att,A58,A11
att,A59,A60
att,A60,A61
att,A61,A62
att,A62,A63
att,A63,A64
att,A64,A65
att,A65,A66
att,A66,A67
att,A67,A68
att,A68,A69
att,A69,A70
att,A70,A71
att,A71,A72
att,A72,A73
att,A73,A74
att,A74,A75
att,A75,A76
att,A76,A77
att,A77,A78
att,A78,A79
att,A79,A80
att,A80,A81
att,A81,A82
att,A82,A83
att,A83,A84
att,A84,A85
att,A85,A86
att,A86,A87
att,A87,A88
att,A88,A89
att,A89,A90
att,A90,A91
att,A91,A92
att,A92,A93
att,A93,A94
att,A94,A95
att,A95,A96
att,A96,A97
att,A97,A98
att,A98,A99
att,A99,A100
att,A100,A101
att,A101,A102
att,A102,A103
att,A103,A104
att,A104,A105
att,A105,A106
att,A106,A107
att,A107,A108
att,A108,A59
att,A109,A110
att,A110,A111
att,A111,A112
att,A112,A113
att,A113,A114
att,A114,A115
att,A115,A116
att,A116,A117
att,A117,A118
att,A118,A119
att,A119,A120
att,A120,A109
att,A166,A167
att,A167,A168
att,A169,A170
att,A171,A172
att,A173,A174
att,A176,A177
att,A177,A178
att,A181,A182
att,A186,A187
att,A187,A188
att,A188,A189
att,A189,A190
att,A194,A195
att,A195,A196
att,A199,A200
att,A200,A201
att,A201,A202
att,A208,A209
att,A209,A210
att,A210,A211
att,A212,A213
att,A216,A217
att,A218,A219
att,A219,A220
att,A222,A223
att,A224,A225
att,A225,A226
att,A226,A227
att,A227,A191
att,A228,A229
att,A229,A230
att,A230,A231
att,A231,A232
att,A232,A233
att,A233,A234
att,A234,A235
att,A235,A236
att,A236,A237
att,A237,A238
att,A238,A239
att,A239,A228
att,A262,A263
att,A263,A264
att,A264,A265
att,A265,A266
att,A266,A267
att,A267,A268
att,A268,A269
att,A269,A270
att,A270,A271
att,A271,A272
att,A272,A273
att,A273,A274
att,A274,A275
att,A275,A276
att,A276,A277
att,A277,A278
att,A278,A279
att,A279,A280
att,A280,A281
att,A281,A282
att,A282,A283
att,A283,A284
att,A284,A285
att,A285,A286
att,A286,A287
att,A287,A288
att,A288,A289
att,A289,A290
att,A290,A291
att,A291,A292
att,A292,A293
att,A293,A294
att,A294,A295
att,A295,A296
att,A296,A297
att,A297,A298
att,A298,A299
att,A299,A300
att,A300,A301
att,A301,A302
att,A302,A303
att,A303,A304
att,A304,A305
att,A305,A306
att,A306,A307
att,A307,A262
att,A308,A309
att,A309,A310
att,A310,A308
att,A349,A350
att,A351,A352
att,A354,A355
att,A356,A357
att,A358,A359
att,A360,A361
att,A363,A364
att,A366,A367
att,A368,A369
att,A369,A370
att,A370,A371
att,A371,A372
att,A372,A373
att,A374,A375
att,A375,A376
att,A379,A380
att,A381,A382
att,A384,A385
att,A385,A386
att,A387,A388
att,A390,A391
att,A393,A394
att,A397,A398
att,A398,A399
att,A399,A400
att,A400,A401
att,A401,A402
att,A402,A403
att,A403,A404
att,A404,A405
att,A405,A406
att,A406,A407
att,A407,A408
att,A408,A409
att,A409,A410
att,A410,A411
att,A411,A412
att,A412,A413
att,A413,A414
att,A414,A397
att,A418,A419
att,A419,A420
att,A420,A421
att,A421,A422
att,A424,A425
att,A427,A428
att,A429,A430
att,A431,A432
att,A432,A433
att,A434,A435
att,A437,A438
att,A439,A440
att,A441,A442
att,A444,A445
att,A447,A448
att,A451,A452
att,A452,A453
att,A453,A454
att,A454,A455
att,A456,A415
att,A529,A530
att,A530,A531
att,A532,A533
att,A534,A535
att,A535,A536
att,A536,A537
att,A537,A538
att,A538,A539
att,A541,A542
att,A544,A545
att,A545,A546
att,A549,A550
att,A550,A551
att,A552,A553
att,A553,A554
att,A554,A555
att,A556,A557
att,A557,A558
att,A562,A563
att,A563,A564
att,A568,A569
att,A571,A529
att,A572,A573
att,A573,A574
att,A574,A575
att,A575,A576
att,A576,A577
att,A577,A578
att,A578,A579
att,A579,A580
att,A580,A581
att,A581,A582
att,A582,A583
att,A583,A584
att,A584,A585
att,A585,A586
att,A586,A587
att,A587,A588
att,A588,A589
att,A589,A590
att,A590,A591
att,A591,A592
att,A592,A572
att,A620,A621
att,A621,A622
att,A622,A623
att,A623,A624
att,A624,A625
att,A625,A626
att,A626,A627
att,A627,A628
att,A628,A629
att,A629,A630
att,A630,A631
att,A631,A632
att,A632,A633
att,A633,A634
att,A634,A635
att,A635,A636
att,A636,A637
att,A637,A638
att,A638,A639
att,A639,A640
att,A640,A641
att,A641,A642
att,A642,A643
att,A643,A644
att,A644,A645
att,A645,A646
att,A646,A647
att,A647,A648
att,A648,A649
att,A649,A650
att,A650,A651
att,A651,A652
att,A652,A653
att,A653,A654
att,A654,A620
att,A655,A656
att,A656,A657
att,A657,A658
att,A661,A662
att,A662,A663
att,A663,A664
att,A664,A665
att,A665,A666
att,A666,A667
att,A667,A668
att,A668,A669
att,A669,A670
att,A670,A671
att,A671,A672
att,A672,A673
att,A673,A674
att,A674,A675
att,A675,A676
att,A676,A677
att,A677,A678
att,A678,A679
att,A679,A680
att,A680,A681
att,A681,A682
att,A682,A683
att,A683,A684
att,A684,A685
att,A685,A686
att,A686,A687
att,A687,A688
att,A688,A689
att,A689,A690
att,A690,A691
att,A691,A692
att,A692,A693
att,A693,A694
att,A694,A695
att,A695,A696
att,A696,A697
att,A697,A698
att,A698,A699
att,A699,A700
att,A700,A701
att,A701,A702
att,A702,A703
att,A703,A704
att,A704,A661
att,A705,A706
att,A707,A708
att,A709,A710
att,A719,A720
att,A720,A721
att,A721,A722
att,A723,A724
att,A724,A725
att,A725,A726
att,A729,A705
att,A730,A731
att,A731,A732
att,A732,A733
att,A733,A734
att,A734,A735
att,A735,A736
att,A736,A737
att,A737,A738
att,A738,A739
att,A739,A740
att,A740,A741
att,A741,A742
att,A742,A743
att,A743,A744
att,A744,A745
att,A745,A746
att,A746,A747
att,A747,A748
att,A748,A749
att,A749,A750
att,A750,A751
att,A751,A752
att,A752,A753
att,A753,A754
att,A754,A755
att,A755,A756
att,A756,A757
att,A757,A758
att,A758,A759
att,A759,A760
att,A760,A761
att,A761,A762
att,A762,A763
att,A763,A764
att,A764,A765
att,A765,A766
att,A766,A767
att,A767,A768
att,A768,A769
att,A769,A770
att,A770,A771
att,A771,A772
att,A772,A773
att,A773,A730
att,A774,A775
att,A775,A776
att,A776,A777
att,A777,A778
att,A778,A779
att,A779,A780
att,A780,A781
att,A781,A782
att,A782,A783
att,A783,A784
att,A784,A785
att,A785,A786
att,A786,A787
att,A787,A788
att,A788,A789
att,A789,A790
att,A790,A791
att,A791,A792
att,A792,A793
att,A793,A794
att,A794,A795
att,A795,A796
att,A796,A797
att,A797,A798
att,A798,A799
att,A799,A800
att,A800,A801
att,A801,A802
att,A802,A803
att,A803,A804
att,A804,A805
att,A805,A806
att,A806,A807
att,A807,A808
att,A808,A809
att,A809,A810
att,A810,A811
att,A811,A774
att,A812,A813
att,A813,A814
att,A814,A815
att,A820,A821
att,A822,A823
att,A823,A824
att,A825,A826
att,A827,A828
att,A829,A830
att,A957,A958
att,A958,A959
att,A959,A957
att,A960,A961
att,A961,A962
att,A962,A963
att,A963,A964
att,A965,A966
att,A966,A967
att,A967,A968
att,A968,A969
att,A970,A971
att,A971,A972
att,A972,A973
att,A977,A960
att,A978,A979
att,A979,A980
att,A980,A981
att,A981,A982
att,A982,A983
att,A983,A984
att,A984,A985
att,A985,A986
att,A986,A987
att,A987,A988
att,A988,A989
att,A989,A990
att,A990,A991
att,A991,A992
att,A992,A993
att,A993,A994
att,A994,A995
att,A995,A996
att,A996,A978
att,A997,A998
att,A998,A999
att,A999,A1000
att,A1000,A1001
att,A1001,A1002
att,A1002,A1003
att,A1003,A1004
att,A1004,A1005
att,A1005,A1006
att,A1006,A1007
att,A1007,A1008
att,A1008,A1009
att,A1009,A1010
att,A1010,A1011
att,A1011,A1012
att,A1012,A1013
att,A1013,A1014
att,A1014,A1015
att,A1015,A1016
att,A1016,A1017
att,A1017,A1018
att,A1018,A1019
att,A1019,A1020
att,A1020,A1021
att,A1021,A1022
att,A1022,A1023
att,A1023,A1024
att,A1024,A1025
att,A1025,A1026
att,A1026,A1027
att,A1027,A1028
att,A1028,A1029
att,A1029,A1030
att,A1030,A1031
att,A1031,A1032
att,A1032,A1033
att,A1033,A1034
att,A1034,A1035
att,A1035,A1036
att,A1036,A1037
att,A1037,A1038
att,A1038,A1039
att,A1039,A1040
att,A1040,A1041
att,A1041,A1042
att,A1042,A1043
att,A1043,A1044
att,A1044,A1045
att,A1045,A1046
att,A1046,A997
att,A1047,A1048
att,A1048,A1049
att,A1049,A1050
att,A1050,A1051
att,A1051,A1052
att,A1052,A1053
att,A1053,A1054
att,A1054,A1055
att,A1055,A1056
att,A1056,A1057
att,A1057,A1058
att,A1058,A1059
att,A1059,A1060
att,A1060,A1061
att,A1061,A1062
att,A1062,A1047
att,A1135,A1136
att,A1136,A1137
att,A1137,A1138
att,A1138,A1135
att,A1140,A1141
att,A1141,A1142
att,A1142,A1143
att,A1143,A1144
att,A1144,A1145
att,A1146,A1147
att,A1149,A1150
att,A1152,A1153
att,A1157,A1158
att,A1161,A1162
att,A1163,A1164
att,A1164,A1165
att,A1168,A1169
att,A1172,A1173
att,A1173,A1174
att,A1175,A1176
att,A1178,A1179
att,A1180,A1181
att,A1181,A1182
att,A1183,A1184
att,A1186,A1187
att,A1189,A1190
att,A1190,A1191
att,A1191,A1192
att,A1192,A1193
att,A1194,A1195
att,A1195,A1196
att,A1196,A1197
att,A1198,A1199
att,A1199,A1200
att,A1202,A1203
att,A1203,A1204
att,A1204,A1205
att,A1206,A1207
att,A1208,A1209
att,A1211,A1212
att,A1212,A1213
att,A1216,A1217
att,A1217,A1218
att,A1218,A1219
att,A1221,A1222
att,A1222,A1223
att,A1227,A1228
att,A1228,A1229
att,A1229,A1230
att,A1230,A1231
att,A1231,A1232
att,A1232,A1233
att,A1233,A1234
att,A1234,A1235
att,A1235,A1236
att,A1236,A1237
att,A1237,A1238
att,A1238,A1239
att,A1239,A1240
att,A1242,A1243
att,A1245,A1246
att,A1246,A1247
att,A1249,A1250
att,A1251,A1252
att,A1253,A1254
att,A1254,A1255
att,A1259,A1260
att,A1261,A1262
att,A1263,A1264
att,A1264,A1265
att,A1271,A1272
att,A1274,A1275
att,A1277,A1278
att,A1278,A1257
att,A1279,A1280
att,A1282,A1283
att,A1283,A1284
att,A1284,A1285
att,A1287,A1288
att,A1289,A1290
att,A1291,A1292
att,A1292,A1293
att,A1293,A1294
att,A1297,A1298
att,A1302,A1303
att,A1305,A1306
att,A1306,A1307
att,A1307,A1308
att,A1308,A1309
att,A1309,A1310
att,A1310,A1311
att,A1311,A1312
att,A1312,A1313
att,A1313,A1314
att,A1314,A1305
att,A1315,A1316
att,A1320,A1321
att,A1321,A1322
att,A1322,A1323
att,A1323,A1324
att,A1330,A1331
att,A1333,A1334
att,A1335,A1336
att,A1336,A1315
att,A1344,A1345
att,A1345,A1346
att,A1346,A1347
att,A1347,A1348
att,A1348,A1349
att,A1349,A1350
att,A1350,A1351
att,A1351,A1352
att,A1352,A1353
att,A1353,A1354
att,A1354,A1344
att,A1403,A1404
att,A1404,A1405
att,A1405,A1406
att,A1406,A1407
att,A1407,A1408
att,A1408,A1409
att,A1409,A1410
att,A1410,A1411
att,A1411,A1412
att,A1412,A1413
att,A1413,A1414
att,A1414,A1415
att,A1415,A1416
att,A1416,A1417
att,A1417,A1418
att,A1418,A1419
att,A1419,A1420
att,A1420,A1421
att,A1421,A1422
att,A1422,A1423
att,A1423,A1424
att,A1424,A1425
att,A1425,A1426
att,A1426,A1427
att,A1427,A1428
att,A1428,A1429
att,A1429,A1430
att,A1430,A1403
att,A1435,A1436
att,A1436,A1437
att,A1437,A1438
att,A1441,A1442
att,A1444,A1445
att,A1445,A1446
att,A1446,A1447
att,A1449,A1450
att,A1450,A1451
att,A1451,A1452
att,A1454,A1455
att,A1458,A1459
att,A1460,A1461
att,A1462,A1463
att,A1463,A1464
att,A1464,A1465
att,A1466,A1467
att,A1467,A1468
att,A1469,A1470
att,A1470,A1471
att,A1471,A1472
att,A1472,A1473
att,A1473,A1474
att,A1474,A1475
att,A1516,A1517
att,A1517,A1518
att,A1518,A1519
att,A1520,A1521
att,A1526,A1527
att,A1533,A1534
att,A1534,A1535
att,A1536,A1537
att,A1537,A1538
att,A1539,A1540
att,A1541,A1542
att,A1542,A1543
att,A1545,A1546
att,A1550,A1551
att,A1556,A1557
att,A1557,A1558
att,A1558,A1559
att,A1559,A1560
att,A1560,A1561
att,A1561,A1562
att,A1562,A1563
att,A1566,A1567
att,A1567,A1568
att,A1573,A1574
att,A1574,A1575
att,A1575,A1576
att,A1579,A1580
att,A1580,A1581
att,A1581,A1582
att,A1584,A1585
att,A1585,A1586
att,A1586,A1587
att,A1587,A1588
att,A1588,A1589
att,A1591,A1592
att,A1592,A1548
att,A1593,A1594
att,A1594,A1595
att,A1595,A1596
att,A1596,A1597
att,A1597,A1598
att,A1598,A1599
att,A1599,A1600
att,A1600,A1601
att,A1601,A1602
att,A1602,A1603
att,A1603,A1604
att,A1604,A1605
att,A1605,A1606
att,A1606,A1607
att,A1607,A1608
att,A1608,A1609
att,A1609,A1610
att,A1610,A1611
att,A1611,A1612
att,A1612,A1613
att,A1613,A1614
att,A1614,A1593
att,A1649,A1650
att,A1650,A1651
att,A1653,A1654
att,A1655,A1656
att,A1657,A1658
att,A1659,A1660
att,A1660,A1661
att,A1661,A1662
att,A1663,A1664
att,A1665,A1666
att,A1667,A1668
att,A1668,A1669
att,A1669,A1670
att,A1671,A1672
att,A1673,A1674
att,A1677,A1678
att,A1678,A1679
att,A1680,A1681
att,A1682,A1683
att,A1685,A1686
att,A1687,A1688
att,A1689,A1690
att,A1690,A1691
att,A1692,A1693
att,A1693,A1694
att,A1694,A1695
att,A1695,A1696
att,A1696,A1697
att,A1698,A1699
att,A1699,A1700
att,A1700,A1701
att,A1705,A1706
att,A1706,A1707
att,A1710,A1711
att,A1713,A1714
att,A1715,A1716
att,A1717,A1718
att,A1718,A1719
att,A1719,A1720
att,A1720,A1721
att,A1723,A1724
att,A1724,A1725
att,A1726,A1727
att,A1729,A1730
att,A1730,A1731
att,A1732,A1733
att,A1733,A1734
att,A1734,A1735
att,A1736,A1737
att,A1737,A1738
att,A1738,A1739
att,A1739,A1740
att,A1742,A1743
att,A1743,A1744
att,A1746,A1747
att,A1747,A1748
att,A1751,A1752
att,A1755,A1756
att,A1756,A1757
att,A1757,A1758
att,A1759,A1760
att,A1784,A1785
att,A1785,A1786
att,A1786,A1787
att,A1787,A1788
att,A1789,A1790
att,A1790,A1791
att,A1791,A1792
att,A1838,A1839
att,A1839,A1840
att,A1840,A1841
att,A1841,A1842
att,A1842,A1843
att,A1843,A1844
att,A1844,A1845
att,A1845,A1846
att,A1846,A1847
att,A1847,A1848
att,A1848,A1849
att,A1849,A1850
att,A1850,A1851
att,A1851,A1852
att,A1852,A1853
att,A1853,A1854
att,A1854,A1855
att,A1855,A1838
att,A1856,A1857
att,A1860,A1861
att,A1861,A1862
att,A1863,A1864
att,A1866,A1867
att,A1868,A1869
att,A1870,A1856
att,A1937,A1938
att,A1939,A1940
att,A1940,A1941
att,A1942,A1943
att,A1947,A1948
att,A1949,A1950
att,A1951,A1952
att,A1953,A1954
att,A1955,A1956
att,A1956,A1957
att,A1957,A1958
att,A1958,A1959
att,A1960,A1961
att,A1963,A1964
att,A1966,A1967
att,A1968,A1969
att,A1974,A1975
att,A1977,A1936
att,A1978,A1979
att,A1979,A1980
att,A1981,A1982
att,A1984,A1985
att,A1985,A1986
att,A1988,A1989
att,A1989,A1990
att,A1992,A1993
att,A1993,A1994
att,A1996,A1997
att,A1998,A1999
att,A2000,A2001
att,A2003,A2004
att,A2005,A2006
att,A2006,A2007
att,A2010,A2011
att,A2012,A2013
att,A2013,A2009
att,A2014,A2015
att,A2015,A2016
att,A2016,A2017
att,A2017,A2018
att,A2018,A2019
att,A2019,A2020
att,A2020,A2021
att,A2021,A2022
att,A2022,A2023
att,A2023,A2024
att,A2024,A2025
att,A2025,A2026
att,A2026,A2027
att,A2027,A2028
att,A2028,A2029
att,A2029,A2030
att,A2030,A2031
att,A2031,A2032
att,A2032,A2033
att,A2033,A2034
att,A2034,A2035
att,A2035,A2036
att,A2036,A2037
att,A2037,A2038
att,A2038,A2039
att,A2039,A2040
att,A2040,A2041
att,A2041,A2042
att,A2042,A2043
att,A2043,A2044
att,A2044,A2045
att,A2045,A2046
att,A2046,A2047
att,A2047,A2048
att,A2048,A2049
att,A2049,A2050
att,A2050,A2051
att,A2051,A2052
att,A2052,A2053
att,A2053,A2054
att,A2054,A2014
att,A2068,A2069
att,A2069,A2070
att,A2070,A2071
att,A2071,A2072
att,A2072,A2073
att,A2073,A2074
att,A2074,A2075
att,A2075,A2076
att,A2076,A2077
att,A2077,A2078
att,A2078,A2079
att,A2079,A2080
att,A2080,A2068
att,A2082,A2083
att,A2084,A2085
att,A2086,A2087
att,A2088,A2089
att,A2089,A2090
att,A2093,A2094
att,A2095,A2096
att,A2102,A2103
att,A2103,A2104
att,A2105,A2106
att,A2106,A2107
att,A2108,A2109
att,A2111,A2112
att,A2113,A2114
att,A2115,A2116
att,A2118,A2119
att,A2119,A2120
att,A2120,A2121
att,A2121,A2122
att,A2122,A2123
att,A2123,A2124
att,A2124,A2125
att,A2125,A2126
att,A2126,A2127
att,A2127,A2128
att,A2128,A2129
att,A2129,A2130
att,A2130,A2131
att,A2131,A2132
att,A2132,A2133
att,A2133,A2134
att,A2134,A2135
att,A2135,A2136
att,A2136,A2137
att,A2137,A2138
att,A2138,A2139
att,A2139,A2140
att,A2140,A2141
att,A2141,A2142
att,A2142,A2143
att,A2143,A2144
att,A2144,A2145
att,A2145,A2146
att,A2146,A2147
att,A2147,A2148
att,A2148,A2149
att,A2149,A2150
att,A2150,A2151
att,A2151,A2152
att,A2152,A2118
att,A2153,A2154
att,A2154,A2155
att,A2155,A2156
att,A2156,A2157
att,A2157,A2158
att,A2158,A2159
att,A2159,A2160
att,A2160,A2161
att,A2161,A2162
att,A2162,A2163
att,A2163,A2164
att,A2164,A2165
att,A2165,A2166
att,A2166,A2167
att,A2167,A2168
att,A2168,A2169
att,A2169,A2170
att,A2170,A2171
att,A2171,A2172
att,A2172,A2173
att,A2173,A2174
att,A2174,A2175
att,A2175,A2176
att,A2176,A2177
att,A2177,A2178
att,A2178,A2179
att,A2179,A2180
att,A2180,A2181
att,A2181,A2182
att,A2182,A2183
att,A2183,A2184
att,A2184,A2185
att,A2185,A2186
att,A2186,A2187
att,A2187,A2188
att,A2188,A2153
att,A2189,A2190
att,A2190,A2191
att,A2191,A2192
att,A2193,A2194
att,A2194,A2195
att,A2195,A2196
att,A2197,A2198
att,A2200,A2189
att,A2201,A2202
att,A2204,A2205
att,A2205,A2206
att,A2206,A2207
att,A2208,A2209
att,A2212,A2213
att,A2213,A2214
att,A2215,A2216
att,A2217,A2218
att,A2218,A2219
att,A2224,A2225
att,A2227,A2228
att,A2229,A2230
att,A2231,A2232
att,A2233,A2234
att,A2234,A2235
att,A2235,A2236
att,A2236,A2237
att,A2237,A2238
att,A2238,A2239
att,A2239,A2240
att,A2240,A2241
att,A2241,A2242
att,A2242,A2243
att,A2243,A2244
att,A2244,A2245
att,A2245,A2246
att,A2246,A2247
att,A2247,A2248
att,A2248,A2249
att,A2249,A2250
att,A2250,A2251
att,A2251,A2252
att,A2252,A2253
att,A2253,A2254
att,A2254,A2255
att,A2255,A2256
att,A2256,A2257
att,A2257,A2258
att,A2258,A2259
att,A2259,A2260
att,A2260,A2261
att,A2261,A2262
att,A2262,A2263
att,A2263,A2264
att,A2264,A2265
att,A2265,A2266
att,A2266,A2267
att,A2267,A2268
att,A2268,A2269
att,A2269,A2270
att,A2270,A2271
att,A2271,A2272
att,A2272,A2273
att,A2273,A2274
att,A2274,A2275
att,A2275,A2276
att,A2276,A2277
att,A2277,A2233
att,A2278,A2279
att,A2279,A2280
att,A2280,A2281
att,A2281,A2282
att,A2282,A2283
att,A2283,A2284
att,A2284,A2285
att,A2285,A2286
att,A2286,A2287
att,A2287,A2288
att,A2288,A2289
att,A2289,A2290
att,A2290,A2291
att,A2291,A2292
att,A2292,A2293
att,A2293,A2294
att,A2294,A2295
att,A2295,A2296
att,A2296,A2297
att,A2297,A2298
att,A2298,A2299
att,A2299,A2300
att,A2300,A2301
att,A2301,A2302
att,A2302,A2303
att,A2303,A2304
att,A2304,A2305
att,A2305,A2306
att,A2306,A2307
att,A2307,A2308
att,A2308,A2309
att,A2309,A2310
att,A2310,A2311
att,A2311,A2278
att,A2329,A2330
att,A2330,A2331
att,A2334,A2335
att,A2336,A2337
att,A2337,A2338
att,A2341,A2342
att,A2343,A2344
att,A2344,A2345
att,A2345,A2346
att,A2346,A2347
att,A2348,A2349
att,A2352,A2353
att,A2353,A2354
att,A2354,A2355
att,A2368,A2369
att,A2371,A2372
att,A2372,A2373
att,A2376,A2329
att,A2377,A2378
att,A2378,A2379
att,A2379,A2380
att,A2380,A2381
att,A2381,A2382
att,A2382,A2377
att,A2383,A2384
att,A2384,A2385
att,A2385,A2386
att,A2386,A2387
att,A2387,A2388
att,A2388,A2389
att,A2389,A2390
att,A2390,A2391
att,A2391,A2392
att,A2392,A2393
att,A2393,A2394
att,A2394,A2395
att,A2395,A2396
att,A2396,A2397
att,A2397,A2398
att,A2398,A2399
att,A2399,A2400
att,A2400,A2401
att,A2401,A2402
att,A2402,A2403
att,A2403,A2404
att,A2404,A2405
att,A2405,A2406
att,A2406,A2407
att,A2407,A2408
att,A2408,A2409
att,A2409,A2410
att,A2410,A2411
att,A2411,A2412
att,A2412,A2413
att,A2413,A2414
att,A2414,A2415
att,A2415,A2416
att,A2416,A2417
att,A2417,A2418
att,A2418,A2419
att,A2419,A2420
att,A2420,A2421
att,A2421,A2422
att,A2422,A2423
att,A2423,A2424
att,A2424,A2425
att,A2425,A2426
att,A2426,A2427
att,A2427,A2428
att,A2428,A2429
att,A2429,A2430
att,A2430,A2383
att,A2448,A2449
att,A2449,A2450
att,A2450,A2451
att,A2451,A2452
att,A2452,A2453
att,A2453,A2454
att,A2454,A2455
att,A2455,A2456
att,A2456,A2457
att,A2457,A2458
att,A2458,A2459
att,A2459,A2460
att,A2460,A2461
att,A2461,A2462
att,A2462,A2448
att,A2485,A2486
att,A2486,A2487
att,A2487,A2488
att,A2488,A2489
att,A2489,A2490
att,A2490,A2491
att,A2491,A2485
att,A2492,A2493
att,A2493,A2494
att,A2494,A2495
att,A2495,A2496
att,A2496,A2497
att,A2497,A2498
att,A2498,A2499
att,A2499,A2500
att,A2500,A2501
att,A2501,A2502
att,A2502,A2503
att,A2503,A2504
att,A2504,A2505
att,A2505,A2506
att,A2506,A2507
att,A2507,A2508
att,A2508,A2509
att,A2509,A2510
att,A2510,A2511
att,A2511,A2512
att,A2512,A2513
att,A2513,A2514
att,A2514,A2515
att,A2515,A2516
att,A2516,A2517
att,A2517,A2518
att,A2518,A2519
att,A2519,A2520
att,A2520,A2521
att,A2521,A2522
att,A2522,A2523
att,A2523,A2524
att,A2524,A2525
att,A2525,A2526
att,A2526,A2527
att,A2527,A2528
att,A2528,A2529
att,A2529,A2530
att,A2530,A2531
att,A2531,A2532
att,A2532,A2533
att,A2533,A2534
att,A2534,A2535
att,A2535,A2536
att,A2536,A2537
att,A2537,A2492
att,A2538,A2539
att,A2539,A2540
att,A2540,A2541
att,A2541,A2542
att,A2542,A2543
att,A2543,A2544
att,A2544,A2545
att,A2545,A2546
att,A2546,A2547
att,A2547,A2548
att,A2548,A2549
att,A2549,A2550
att,A2550,A2551
att,A2551,A2552
att,A2552,A2553
att,A2553,A2554
att,A2554,A2555
att,A2555,A2556
att,A2556,A2557
att,A2557,A2558
att,A2558,A2559
att,A2559,A2560
att,A2560,A2561
att,A2561,A2562
att,A2562,A2563
att,A2563,A2564
att,A2564,A2565
att,A2565,A2566
att,A2566,A2567
att,A2567,A2568
att,A2568,A2569
att,A2569,A2570
att,A2570,A2571
att,A2571,A2572
att,A2572,A2573
att,A2573,A2574
att,A2574,A2575
att,A2575,A2576
att,A2576,A2577
att,A2577,A2578
att,A2578,A2579
att,A2579,A2580
att,A2580,A2581
att,A2581,A2582
att,A2582,A2583
att,A2583,A2538
att,A2584,A2585
att,A2585,A2586
att,A2586,A2587
att,A2587,A2588
att,A2588,A2589
att,A2589,A2590
att,A2590,A2591
att,A2591,A2592
att,A2592,A2593
att,A2593,A2594
att,A2594,A2595
att,A2595,A2596
att,A2596,A2597
att,A2597,A2598
att,A2598,A2599
att,A2599,A2584
att,A2601,A2602
att,A2602,A2603
att,A2605,A2606
att,A2608,A2609
att,A2610,A2611
att,A2613,A2614
att,A2614,A2615
att,A2618,A2619
att,A2619,A2620
att,A2620,A2621
att,A2623,A2624
att,A2624,A2622
att,A2678,A2679
att,A2679,A2680
att,A2680,A2681
att,A2681,A2682
att,A2682,A2683
att,A2683,A2684
att,A2684,A2685
att,A2685,A2686
att,A2686,A2687
att,A2687,A2688
att,A2688,A2689
att,A2689,A2690
att,A2690,A2691
att,A2691,A2692
att,A2692,A2693
att,A2693,A2694
att,A2694,A2695
att,A2695,A2696
att,A2696,A2697
att,A2697,A2698
att,A2698,A2699
att,A2699,A2678
att,A120,A121
att,A162,A163
att,A190,A191
att,A307,A308
att,A571,A572
att,A592,A593
att,A654,A655
att,A704,A705
att,A773,A774
att,A923,A924
att,A930,A931
att,A956,A957
att,A1046,A1047
att,A1062,A1063
att,A1102,A1103
att,A1134,A1135
att,A1278,A1279
att,A1314,A1315
att,A1336,A1337
att,A1343,A1344
att,A1349,A0
att,A1354,A1355
att,A1402,A1403
att,A1430,A1431
att,A1433,A1434
att,A1477,A1478
att,A1547,A1548
att,A1614,A1615
att,A1648,A1649
att,A1697,A1698
att,A1792,A1793
att,A1855,A1856
att,A1906,A1907
att,A1935,A1936
att,A2013,A2014
att,A2054,A2055
att,A2152,A2153
att,A2188,A2189
att,A2232,A2233
att,A2311,A2312
att,A2328,A2329
att,A2484,A2485
att,A2491,A2492
att,A2621,A2622
att,A2628,A2629
att,A0,A809
att,A0,A2099
att,A0,A1609
att,A0,A1780
att,A0,A2172
att,A0,A511
att,A0,A105
att,A0,A2034
att,A0,A1204
att,A0,A1657
att,A0,A1144
att,A0,A64
att,A0,A264
att,A0,A1210
att,A0,A322
att,A0,A2204
att,A0,A906
att,A0,A929
att,A0,A2057
att,A3,A1949
att,A3,A2452
att,A3,A754
att,A3,A902
att,A3,A733
att,A3,A560
att,A3,A1823
att,A3,A1747
att,A4,A732
att,A4,A1598
att,A4,A2557
att,A4,A226
att,A4,A1843
att,A4,A1882
att,A4,A2397
att,A4,A1806
att,A4,A746
att,A4,A2155
att,A4,A857
att,A4,A1566
att,A4,A2423
att,A4,A320
att,A4,A2598
att,A4,A2660
att,A4,A1569
att,A5,A2472
att,A5,A1878
att,A5,A643
att,A5,A2620
att,A5,A2594
att,A5,A2367
att,A5,A2420
att,A5,A1833
att,A5,A1098
att,A5,A2288
att,A5,A48
att,A5,A2080
att,A5,A342
att,A5,A2252
att,A5,A695
att,A5,A991
att,A5,A733
att,A5,A454
att,A5,A2576
att,A8,A2058
att,A8,A1095
att,A8,A983
att,A8,A2377
att,A8,A804
att,A8,A680
att,A11,A1686
att,A11,A1246
att,A11,A1975
att,A11,A2310
att,A11,A1343
att,A11,A1872
att,A11,A974
att,A11,A849
att,A11,A1094
att,A13,A2017
att,A13,A695
att,A13,A2323
att,A13,A2290
att,A13,A1007
att,A13,A2076
att,A13,A523
att,A13,A1164
att,A13,A168
att,A13,A414
att,A13,A945
att,A13,A1078
att,A13,A915
att,A13,A1195
att,A13,A2
att,A13,A1958
att,A13,A1468
att,A13,A1371
att,A13,A150
att,A13,A2680
att,A13,A1678
att,A13,A572
att,A13,A1038
att,A14,A1995
att,A14,A283
att,A14,A2551
att,A14,A2607
att,A14,A271
att,A14,A1072
att,A14,A120
att,A14,A1377
att,A14,A1850
att,A14,A1027
att,A15,A17
att,A15,A1919
att,A15,A2580
att,A15,A1848
att,A15,A288
att,A15,A1130
att,A15,A239
att,A15,A2315
att,A15,A625
att,A15,A1036
att,A15,A64
att,A15,A1551
att,A15,A683
att,A15,A1392
att,A15,A790
att,A15,A468
att,A15,A412
att,A15,A1727
att,A15,A796
att,A15,A71
att,A15,A724
att,A16,A1645
att,A16,A728
att,A16,A493
att,A16,A1193
att,A16,A9
att,A16,A2447
att,A16,A1464
att,A16,A1876
att,A16,A1328
att,A16,A1032
att,A16,A983
att,A16,A1766
att,A16,A1906
att,A16,A549
att,A16,A2193
att,A16,A336
att,A18,A125
att,A18,A1682
att,A18,A640
att,A18,A2384
att,A18,A2310
att,A18,A511
att,A18,A1668
att,A18,A2426
att,A18,A202
att,A18,A2293
att,A18,A1353
att,A18,A2265
att,A18,A937
att,A18,A2092
att,A18,A2196
att,A18,A2081
att,A18,A2352
att,A18,A1488
att,A18,A1487
att,A19,A1582
att,A19,A1396
att,A19,A1344
att,A19,A393
att,A19,A509
att,A19,A1416
att,A19,A948
att,A19,A439
att,A19,A544
att,A19,A769
att,A19,A153
att,A19,A1882
att,A19,A2192
att,A19,A2488
att,A19,A2259
att,A19,A1477
att,A19,A488
att,A19,A1157
att,A19,A1106
att,A19,A1667
att,A19,A1349
att,A19,A772
att,A19,A2045
att,A19,A2449
att,A19,A290
att,A19,A1384
att,A19,A1375
att,A21,A1232
att,A21,A530
att,A21,A2673
att,A21,A34
att,A21,A2533
att,A21,A1552
att,A21,A702
att,A21,A1328
att,A21,A2631
att,A21,A1958
att,A21,A794
att,A21,A2231
att,A21,A1127
att,A24,A2298
att,A24,A593
att,A24,A342
att,A24,A1382
att,A24,A2372
att,A24,A1993
att,A24,A1503
att,A24,A436
att,A24,A780
att,A24,A1375
att,A28,A653
att,A28,A2557
att,A28,A24
att,A28,A519
att,A28,A2686
att,A28,A1396
att,A28,A1923
att,A28,A1657
att,A28,A2136
att,A28,A1097
att,A28,A597
att,A28,A1466
att,A28,A53
att,A28,A617
att,A28,A2626
att,A28,A959
att,A28,A2320
att,A29,A1471
att,A29,A1456
att,A29,A978
att,A29,A2612
att,A29,A1485
att,A29,A365
att,A32,A1617
att,A32,A1774
att,A32,A1369
att,A32,A2537
att,A34,A1726
att,A34,A1775
att,A34,A292
att,A36,A2441
att,A36,A594
att,A36,A1993
att,A36,A557
att,A36,A241
att,A36,A420
att,A36,A2508
att,A36,A1392
att,A39,A481
att,A39,A248
att,A39,A1157
att,A39,A119
att,A39,A1208
att,A39,A1364
att,A40,A1785
att,A40,A908
att,A40,A1735
att,A40,A1437
att,A40,A596
att,A40,A1673
att,A40,A1475
att,A40,A780
att,A40,A1872
att,A40,A2659
att,A40,A2534
att,A40,A2619
att,A40,A2312
att,A41,A2591
att,A41,A1731
att,A41,A2080
att,A41,A1386
att,A41,A662
att,A44,A793
att,A44,A2048
att,A44,A2570
att,A44,A1854
att,A44,A535
att,A44,A100
att,A44,A2375
att,A44,A2205
att,A44,A1417
att,A44,A795
att,A44,A452
att,A44,A127
att,A44,A474
att,A44,A929
att,A44,A1720
att,A45,A326
att,A45,A2556
att,A45,A994
att,A45,A649
att,A45,A1787
att,A45,A2207
att,A45,A1855
att,A45,A903
att,A45,A1213
att,A45,A840
att,A45,A691
att,A45,A1529
att,A45,A571
att,A45,A1343
att,A45,A1714
att,A45,A2505
att,A45,A315
att,A45,A2177
att,A45,A839
att,A45,A1740
att,A45,A2616
att,A45,A1250
att,A46,A2154
att,A46,A1753
att,A46,A100
att,A46,A430
att,A46,A1346
att,A46,A2282
att,A46,A1457
att,A46,A1759
att,A46,A116
att,A46,A873
att,A46,A644
att,A46,A1462
att,A46,A685
att,A46,A120
att,A46,A1319
att,A46,A2683
att,A48,A2249
att,A48,A649
att,A48,A1583
att,A48,A290
att,A48,A1689
att,A48,A184
att,A48,A1850
att,A48,A571
att,A48,A2029
att,A48,A58
att,A48,A420
att,A48,A2338
att,A48,A120
att,A48,A852
att,A48,A1653
att,A48,A291
att,A48,A8
att,A48,A2692
att,A48,A873
att,A48,A260
att,A48,A2444
att,A48,A2573
att,A48,A1488
att,A48,A972
att,A48,A1370
att,A48,A2664
att,A49,A1849
att,A49,A1401
att,A49,A703
att,A49,A923
att,A49,A2573
att,A50,A443
att,A50,A1471
att,A50,A2590
att,A50,A1135
att,A50,A1523
att,A50,A1577
att,A50,A2647
att,A52,A1550
att,A53,A1354
att,A53,A1847
att,A53,A112
att,A55,A380
att,A55,A190
att,A55,A1505
att,A55,A1390
att,A55,A2356
att,A55,A1214
att,A55,A375
att,A55,A1315
att,A55,A1353
att,A55,A1416
att,A55,A1820
att,A55,A471
att,A55,A1617
att,A59,A1437
att,A59,A1141
att,A59,A1199
att,A59,A1999
att,A59,A2060
att,A59,A420
att,A59,A1496
att,A59,A555
att,A59,A2069
att,A59,A1869
att,A59,A1675
att,A59,A211
att,A59,A1600
att,A59,A1934
att,A59,A2505
att,A59,A2034
att,A59,A1845
att,A59,A1336
att,A59,A2683
att,A61,A1770
att,A61,A804
att,A61,A1392
att,A61,A2219
att,A61,A2437
att,A61,A2187
att,A61,A137
att,A61,A2059
att,A61,A459
att,A61,A2482
att,A61,A1893
att,A61,A2672
att,A61,A66
att,A61,A1179
att,A61,A1352
att,A61,A1335
att,A61,A412
att,A61,A210
att,A61,A1425
att,A61,A909
att,A61,A1374
att,A61,A1422
att,A61,A1513
att,A61,A870
att,A61,A1535
att,A61,A364
att,A62,A322
att,A62,A595
att,A62,A2220
att,A62,A1770
att,A62,A1413
att,A63,A1716
att,A63,A1437
att,A63,A874
att,A63,A2023
att,A63,A33
att,A63,A1274
att,A63,A954
att,A63,A1030
att,A63,A1119
att,A63,A668
att,A63,A408
att,A63,A2155
att,A63,A893
att,A64,A1045
att,A64,A263
att,A64,A711
att,A64,A1616
att,A64,A536
att,A64,A2313
att,A64,A1479
att,A64,A1931
att,A64,A1759
att,A64,A1501
att,A64,A713
att,A64,A2161
att,A64,A1389
att,A64,A1165
att,A64,A1775
att,A64,A105
att,A64,A822
att,A66,A639
att,A66,A1074
att,A66,A139
att,A66,A1850
att,A66,A1547
att,A66,A2428
att,A66,A1799
att,A66,A619
att,A66,A1713
att,A66,A2090
att,A66,A2613
att,A66,A2061
att,A66,A1491
att,A66,A1473
att,A66,A63
att,A66,A463
att,A66,A389
att,A66,A1916
att,A66,A2285
att,A66,A1933
att,A66,A679
att,A66,A1272
att,A66,A2029
att,A68,A1226
att,A68,A1516
att,A68,A1443
att,A68,A2140
att,A68,A846
att,A68,A943
att,A68,A486
att,A68,A2084
att,A68,A2378
att,A68,A1655
att,A68,A2425
att,A68,A323
att,A70,A253
att,A70,A370
att,A70,A727
att,A70,A59
att,A70,A1360
att,A70,A374
att,A70,A1853
att,A70,A989
att,A70,A1252
att,A70,A2444
att,A70,A906
att,A70,A2217
att,A70,A819
att,A70,A2560
att,A70,A615
att,A70,A1160
att,A71,A1250
att,A71,A201
att,A71,A18
att,A72,A785
att,A72,A966
att,A72,A119
att,A72,A1680
att,A72,A1699
att,A72,A773
att,A72,A1351
att,A72,A1209
att,A76,A264
att,A76,A714
att,A76,A2110
att,A76,A1054
att,A76,A2058
att,A76,A739
att,A76,A669
att,A76,A655
att,A76,A323
att,A79,A65
att,A79,A1776
att,A79,A1040
att,A79,A2669
att,A79,A1784
att,A79,A2556
att,A79,A391
att,A79,A1077
att,A79,A2695
att,A79,A841
att,A79,A1673
att,A79,A2470
att,A79,A625
att,A79,A1256
att,A79,A2052
att,A79,A2598
att,A79,A657
att,A79,A1236
att,A79,A2339
att,A79,A760
att,A79,A331
att,A79,A41
att,A79,A510
att,A81,A2521
att,A81,A1071
att,A81,A1376
att,A81,A1249
att,A81,A2440
att,A82,A2007
att,A82,A654
att,A82,A2625
att,A82,A1572
att,A82,A2487
att,A82,A442
att,A82,A172
att,A82,A1121
att,A82,A1509
att,A82,A2660
att,A82,A986
att,A82,A2278
att,A82,A642
att,A82,A1239
att,A82,A405
att,A82,A1564
att,A82,A903
att,A82,A1179
att,A82,A481
att,A82,A2222
att,A82,A256
att,A83,A1431
att,A83,A592
att,A83,A1999
att,A83,A561
att,A83,A1543
att,A83,A550
att,A84,A426
att,A84,A1096
att,A84,A2617
att,A84,A1222
att,A84,A1802
att,A84,A685
att,A84,A67
att,A84,A2503
att,A84,A57
att,A84,A2640
att,A84,A1344
att,A84,A1052
att,A84,A1651
att,A84,A2435
att,A84,A662
att,A84,A429
att,A84,A1055
att,A84,A1260
att,A84,A744
att,A84,A854
att,A84,A1689
att,A85,A1347
att,A85,A203
att,A85,A989
att,A85,A1445
att,A85,A914
att,A85,A1183
att,A85,A2381
att,A85,A601
att,A85,A314
att,A85,A1450
att,A85,A1269
att,A85,A756
att,A85,A2572
att,A85,A762
att,A85,A1238
att,A88,A2616
att,A88,A202
att,A88,A1061
att,A88,A1494
att,A88,A1228
att,A88,A1508
att,A88,A2091
att,A88,A1549
att,A89,A524
att,A90,A1116
att,A90,A1024
att,A90,A164
att,A90,A1619
att,A90,A1340
att,A90,A2269
att,A90,A816
att,A90,A2132
att,A90,A471
att,A90,A796
att,A90,A1685
att,A90,A964
att,A90,A2155
att,A90,A1142
att,A90,A1590
att,A90,A2427
att,A90,A29
att,A90,A367
att,A90,A47
att,A90,A387
att,A90,A1236
att,A90,A1186
att,A90,A283
att,A90,A1612
att,A92,A629
att,A92,A887
att,A92,A408
att,A92,A1642
att,A92,A1988
att,A92,A1161
att,A92,A1033
att,A92,A2001
att,A92,A1182
att,A92,A1943
att,A92,A263
att,A92,A1346
att,A92,A447
att,A92,A1133
att,A92,A1714
att,A92,A954
att,A92,A2564
att,A92,A2567
att,A92,A278
att,A94,A2088
att,A94,A1133
att,A94,A1899
att,A94,A2044
att,A94,A2036
att,A94,A1180
att,A94,A1083
att,A94,A1678
att,A94,A2672
att,A94,A1963
att,A94,A797
att,A94,A997
att,A94,A2225
att,A94,A739
att,A94,A1859
att,A94,A639
att,A94,A2535
att,A94,A2641
att,A94,A2568
att,A94,A1438
att,A94,A2336
att,A94,A2011
att,A96,A2416
att,A96,A146
att,A96,A1539
att,A96,A1344
att,A96,A797
att,A96,A1715
att,A96,A67
att,A96,A978
att,A96,A1988
att,A96,A10
att,A96,A1603
att,A96,A1304
att,A96,A100
att,A96,A2418
att,A96,A2115
att,A96,A2622
att,A96,A1410
att,A96,A310
att,A96,A2607
att,A96,A452
att,A96,A2311
att,A97,A392
att,A97,A386
att,A97,A1411
att,A97,A1778
att,A97,A1808
att,A97,A671
att,A97,A2136
att,A97,A944
att,A97,A42
att,A97,A1717
att,A97,A2402
att,A97,A596
att,A97,A2094
att,A97,A1839
att,A97,A2126
att,A97,A47
att,A97,A526
att,A97,A435
att,A97,A2570
att,A97,A1149
att,A97,A2298
att,A97,A2672
att,A98,A1390
att,A98,A618
att,A98,A2343
att,A98,A1654
att,A98,A720
att,A98,A71
att,A98,A319
att,A98,A1491
att,A98,A264
att,A98,A1139
att,A98,A1049
att,A98,A2342
att,A98,A1530
att,A98,A1305
att,A98,A1380
att,A98,A999
att,A98,A291
att,A98,A13
att,A100,A433
att,A100,A1427
att,A100,A2658
att,A100,A1967
att,A100,A1163
att,A100,A1397
att,A100,A1857
att,A100,A2679
att,A100,A648
att,A100,A2093
att,A100,A2266
att,A100,A1604
att,A100,A1597
att,A100,A132
att,A100,A2003
att,A101,A2295
att,A102,A896
att,A102,A685
att,A102,A332
att,A102,A269
att,A102,A176
att,A102,A1636
att,A102,A1675
att,A102,A1263
att,A102,A1318
att,A102,A891
att,A102,A1962
att,A102,A2
att,A102,A38
att,A103,A2305
att,A103,A94
att,A103,A1275
att,A103,A515
att,A103,A1870
att,A103,A1961
att,A103,A1865
att,A103,A940
att,A103,A739
att,A103,A255
att,A103,A1446
att,A103,A1335
att,A103,A1581
att,A103,A473
att,A104,A1031
att,A104,A1255
att,A104,A757
att,A104,A1038
att,A104,A51
att,A104,A1434
att,A104,A173
att,A105,A840
att,A105,A112
att,A105,A1505
att,A105,A1249
att,A105,A377
att,A105,A1418
att,A106,A1505
att,A106,A1887
att,A106,A241
att,A106,A1688
att,A106,A218
att,A106,A1795
att,A106,A848
att,A106,A1568
att,A106,A2431
att,A107,A1626
att,A107,A479
att,A109,A2063
att,A109,A2570
att,A109,A544
att,A109,A868
att,A109,A789
att,A109,A785
att,A109,A2489
att,A109,A182
att,A109,A2040
att,A109,A2168
att,A109,A2221
att,A109,A2390
att,A109,A1318
att,A109,A107
att,A111,A2305
att,A111,A317
att,A111,A964
att,A111,A332
att,A111,A901
att,A111,A1058
att,A111,A318
att,A111,A1912
att,A111,A1446
att,A112,A753
att,A112,A702
att,A112,A2148
att,A112,A1849
att,A112,A1903
att,A112,A622
att,A112,A1765
att,A112,A2111
att,A112,A1720
att,A112,A2583
att,A113,A1911
att,A113,A1191
att,A113,A1185
att,A113,A689
att,A113,A1315
att,A113,A565
att,A113,A2077
att,A113,A1780
att,A113,A1764
att,A113,A931
att,A113,A2383
att,A113,A349
att,A113,A765
att,A113,A2218
att,A113,A1566
att,A115,A185
att,A115,A1517
att,A115,A752
att,A115,A1483
att,A115,A93
att,A115,A594
att,A115,A439
att,A115,A995
att,A115,A1051
att,A115,A751
att,A115,A1632
att,A115,A1947
att,A115,A261
att,A115,A1863
att,A115,A216
att,A115,A1998
att,A115,A175
att,A115,A382
att,A115,A1214
att,A115,A1472
att,A118,A2310
att,A118,A2250
att,A118,A2179
att,A118,A2563
att,A118,A2627
att,A118,A2607
att,A118,A709
att,A118,A2007
att,A118,A2193
att,A118,A1473
att,A118,A785
att,A118,A810
att,A121,A2332
att,A121,A206
att,A121,A2410
att,A121,A2051
att,A121,A1845
att,A121,A2649
att,A121,A2264
att,A121,A1987
att,A121,A136
att,A121,A2000
att,A121,A775
att,A121,A2295
att,A121,A100
att,A121,A2487
att,A121,A2678
att,A121,A1517
att,A121,A903
att,A121,A147
att,A121,A326
att,A121,A367
att,A121,A1385
att,A121,A670
att,A121,A2232
att,A121,A487
att,A121,A286
att,A122,A140
att,A122,A387
att,A122,A1334
att,A122,A719
att,A122,A321
att,A122,A1768
att,A122,A2599
att,A122,A1163
att,A122,A317
att,A122,A532
att,A122,A1969
att,A122,A434
att,A122,A646
att,A122,A2346
att,A122,A250
att,A122,A2177
att,A122,A107
att,A122,A730
att,A125,A876
att,A125,A662
att,A125,A271
att,A125,A123
att,A125,A898
att,A126,A1922
att,A126,A825
att,A126,A1943
att,A126,A820
att,A126,A701
att,A126,A1099
att,A126,A2099
att,A126,A250
att,A126,A2345
att,A126,A2379
att,A126,A1570
att,A129,A168
att,A129,A643
att,A129,A2101
att,A129,A1739
att,A130,A1903
att,A130,A934
att,A130,A2326
att,A130,A76
att,A130,A2359
att,A130,A1637
att,A130,A2186
att,A130,A2300
att,A131,A1827
att,A131,A463
att,A131,A2479
att,A131,A2213
att,A131,A1568
att,A131,A1100
att,A131,A2269
att,A131,A987
att,A133,A2546
att,A133,A937
att,A133,A1072
att,A133,A2153
att,A133,A1899
att,A133,A1966
att,A133,A1958
att,A133,A1483
att,A133,A1925
att,A133,A2543
att,A133,A714
att,A134,A1105
att,A135,A1121
att,A135,A1972
att,A135,A997
att,A135,A1498
att,A135,A2093
att,A135,A476
att,A135,A372
att,A135,A113
att,A135,A1642
att,A135,A2644
att,A136,A799
att,A136,A2043
att,A136,A2351
att,A136,A1459
att,A136,A979
att,A136,A2270
att,A136,A677
att,A136,A2555
att,A136,A2278
att,A136,A366
att,A136,A767
att,A136,A430
att,A136,A1336
att,A136,A455
att,A136,A284
att,A136,A2582
att,A136,A344
att,A136,A1371
att,A136,A1062
att,A136,A1213
att,A136,A2020
att,A136,A876
att,A136,A844
att,A136,A1566
att,A136,A1804
att,A136,A109
att,A136,A1784
att,A137,A500
att,A137,A666
att,A137,A2529
att,A137,A590
att,A137,A2329
att,A137,A1618
att,A137,A542
att,A137,A95
att,A137,A1403
att,A137,A1101
att,A137,A1881
att,A137,A1873
att,A137,A2595
att,A137,A412
att,A137,A817
att,A137,A2363
att,A137,A2688
att,A137,A2358
att,A137,A967
att,A137,A1442
att,A137,A1546
att,A137,A837
att,A137,A1647
att,A137,A2368
att,A137,A1895
att,A137,A1440
att,A137,A1558
att,A137,A1556
att,A137,A1117
att,A138,A162
att,A138,A1925
att,A139,A2451
att,A139,A788
att,A139,A202
att,A139,A590
att,A139,A816
att,A139,A2075
att,A139,A2087
att,A139,A1448
att,A139,A231
att,A139,A1088
att,A139,A27
att,A139,A1372
att,A139,A312
att,A139,A800
att,A139,A2481
att,A139,A1291
att,A140,A2689
att,A140,A28
att,A140,A1037
att,A140,A647
att,A140,A952
att,A140,A1735
att,A140,A911
att,A140,A756
att,A140,A362
att,A140,A1934
att,A140,A2672
att,A140,A268
att,A140,A1565
att,A140,A2673
att,A141,A847
att,A141,A539
att,A141,A1091
att,A141,A1425
att,A142,A235
att,A142,A124
att,A142,A1334
att,A142,A87
att,A142,A215
att,A142,A1214
att,A142,A930
att,A142,A2098
att,A142,A1749
att,A143,A654
att,A143,A1723
att,A143,A847
att,A143,A1072
att,A143,A192
att,A143,A2690
att,A143,A1554
att,A143,A854
att,A143,A430
att,A143,A1362
att,A143,A2138
att,A143,A1473
att,A143,A1571
att,A143,A1672
att,A143,A746
att,A143,A1718
att,A143,A1174
att,A143,A7
att,A143,A1224
att,A143,A1485
att,A143,A2273
att,A143,A1200
att,A143,A804
att,A143,A1221
att,A143,A541
att,A143,A1858
att,A143,A920
att,A143,A1404
att,A143,A66
att,A143,A1717
att,A143,A2395
att,A148,A490
att,A148,A716
att,A148,A2074
att,A148,A2510
att,A148,A589
att,A148,A1083
att,A148,A2100
att,A148,A27
att,A148,A2577
att,A148,A1657
att,A148,A1974
att,A148,A129
att,A148,A1789
att,A148,A2351
att,A148,A235
att,A148,A1445
att,A148,A786
att,A148,A2430
att,A148,A210
att,A148,A2000
att,A148,A358
att,A149,A1801
att,A149,A103
att,A149,A543
att,A149,A1456
att,A149,A619
att,A150,A1381
att,A150,A1626
att,A150,A240
att,A150,A2451
att,A150,A1389
att,A150,A1789
att,A150,A202
att,A150,A71
att,A150,A66
att,A150,A2159
att,A150,A970
att,A150,A1805
att,A150,A1828
att,A150,A765
att,A150,A1952
att,A150,A2505
att,A150,A1140
att,A150,A1971
att,A150,A1608
att,A150,A280
att,A150,A1453
att,A153,A687
att,A153,A1583
att,A153,A1237
att,A153,A1362
att,A153,A2113
att,A153,A2327
att,A153,A1974
att,A153,A834
att,A153,A298
att,A153,A429
att,A153,A609
att,A153,A799
att,A153,A1560
att,A153,A2196
att,A153,A131
att,A153,A201
att,A153,A2188
att,A153,A2047
att,A153,A1165
att,A155,A903
att,A155,A659
att,A155,A2648
att,A155,A1208
att,A155,A541
att,A155,A222
att,A155,A682
att,A155,A698
att,A159,A1923
att,A159,A2623
att,A159,A1830
att,A159,A1641
att,A159,A2537
att,A159,A2404
att,A159,A2632
att,A159,A1323
att,A159,A1865
att,A159,A1892
att,A159,A762
att,A159,A2552
att,A159,A2274
att,A159,A2498
att,A160,A979
att,A160,A1332
att,A160,A563
att,A160,A2593
att,A160,A1339
att,A160,A49
att,A160,A142
att,A160,A202
att,A160,A895
att,A160,A438
att,A160,A1196
att,A160,A346
att,A160,A2682
att,A160,A1238
att,A160,A183
att,A160,A1092
att,A160,A963
att,A161,A2629
att,A161,A1769
att,A161,A1553
att,A161,A1599
att,A161,A1503
att,A161,A1042
att,A161,A87
att,A161,A2145
att,A161,A1288
att,A161,A1721
att,A161,A788
att,A161,A2151
att,A161,A1954
att,A161,A880
att,A161,A703
att,A161,A1348
att,A161,A1356
att,A161,A3
att,A161,A35
att,A161,A2665
att,A161,A1269
att,A161,A753
att,A161,A863
att,A161,A2325
att,A161,A2292
att,A161,A1556
att,A161,A1974
att,A161,A9
att,A161,A1446
att,A164,A1357
att,A164,A577
att,A164,A1800
att,A164,A1171
att,A164,A1313
att,A164,A1614
att,A164,A469
att,A164,A1523
att,A164,A183
att,A164,A2084
att,A164,A1190
att,A164,A1473
att,A164,A2588
att,A164,A2591
att,A164,A2558
att,A164,A1305
att,A164,A2402
att,A164,A2105
att,A164,A747
att,A164,A770
att,A164,A1410
att,A164,A548
att,A164,A1588
att,A164,A1272
att,A164,A388
att,A164,A831
att,A165,A1713
att,A165,A2059
att,A165,A1403
att,A165,A41
att,A165,A940
att,A165,A1589
att,A165,A2064
att,A165,A2268
att,A165,A2329
att,A165,A2652
att,A165,A1310
att,A165,A1596
att,A165,A2504
att,A165,A153
att,A165,A637
att,A165,A497
att,A165,A350
att,A165,A2580
att,A165,A629
att,A165,A2110
att,A165,A919
att,A165,A2642
att,A165,A1910
att,A165,A1478
att,A165,A1105
att,A165,A2070
att,A165,A1853
att,A165,A18
att,A165,A1598
att,A165,A1555
att,A166,A1136
att,A166,A1082
att,A166,A2191
att,A166,A160
att,A166,A1225
att,A166,A1402
att,A166,A1655
att,A166,A1063
att,A166,A447
att,A166,A2686
att,A166,A2674
att,A166,A2318
att,A166,A1970
att,A166,A1442
att,A166,A2269
att,A166,A2481
att,A166,A1645
att,A166,A2116
att,A166,A224
att,A166,A2682
att,A166,A500
att,A166,A102
att,A166,A2278
att,A166,A2661
att,A167,A997
att,A167,A1642
att,A167,A2153
att,A167,A1695
att,A167,A536
att,A167,A2265
att,A167,A2639
att,A167,A1177
att,A170,A1550
att,A170,A868
att,A170,A2114
att,A170,A732
att,A170,A1714
att,A170,A1526
att,A170,A1641
att,A170,A2253
att,A170,A2022
att,A170,A540
att,A170,A2
att,A170,A2689
att,A170,A2364
att,A170,A21
att,A171,A1287
att,A171,A742
att,A171,A5
att,A171,A992
att,A171,A2613
att,A171,A1895
att,A171,A1285
att,A171,A2202
att,A171,A784
att,A171,A330
att,A171,A1675
att,A171,A946
att,A171,A967
att,A171,A2103
att,A171,A694
att,A171,A859
att,A171,A2329
att,A171,A1787
att,A171,A2060
att,A171,A2403
att,A171,A2122
att,A171,A2387
att,A171,A1132
att,A171,A1930
att,A171,A2463
att,A171,A1862
att,A171,A1283
att,A171,A886
att,A171,A1767
att,A172,A2430
att,A172,A2633
att,A172,A2428
att,A172,A1872
att,A172,A752
att,A172,A1413
att,A172,A1421
att,A172,A2003
att,A172,A2621
att,A173,A130
att,A173,A1284
att,A174,A62
att,A174,A2431
att,A174,A1484
att,A174,A627
att,A174,A1033
att,A174,A390
att,A174,A2379
att,A174,A903
att,A174,A2240
att,A174,A618
att,A174,A1799
att,A174,A2150
att,A174,A1689
att,A174,A2376
att,A174,A2653
att,A174,A1806
att,A174,A1380
att,A174,A2215
att,A174,A256
att,A177,A711
att,A177,A2483
att,A177,A2178
att,A177,A680
att,A177,A1425
att,A177,A161
att,A177,A1693
att,A177,A2484
att,A177,A124
att,A177,A1046
att,A177,A1370
att,A177,A2507
att,A177,A2375
att,A177,A2121
att,A177,A2338
att,A177,A1673
att,A178,A2492
att,A178,A499
att,A178,A2249
att,A178,A2655
att,A178,A2523
att,A178,A2003
att,A178,A2498
att,A178,A1786
att,A178,A2671
att,A178,A2632
att,A180,A2507
att,A180,A2231
att,A180,A281
att,A180,A988
att,A180,A1028
att,A180,A463
att,A180,A1873
att,A180,A1163
att,A180,A214
att,A180,A625
att,A180,A1872
att,A180,A925
att,A180,A438
att,A180,A2515
att,A180,A1861
att,A180,A1900
att,A180,A770
att,A181,A2420
att,A181,A1985
att,A181,A615
att,A181,A2177
att,A181,A2568
att,A181,A1684
att,A181,A1970
att,A181,A504
att,A181,A1018
att,A181,A669
att,A181,A2472
att,A181,A1371
att,A181,A2427
att,A181,A2437
att,A181,A1710
att,A181,A1472
att,A181,A934
att,A181,A110
att,A181,A1080
att,A181,A56
att,A182,A1706
att,A182,A2636
att,A183,A294
att,A183,A702
att,A183,A1586
att,A183,A2071
att,A183,A2052
att,A183,A1868
att,A183,A2077
att,A183,A1298
att,A183,A1672
att,A183,A2520
att,A183,A2093
att,A183,A22
att,A183,A1118
att,A183,A1534
att,A183,A388
att,A183,A27
att,A183,A2251
att,A183,A2528
att,A183,A342
att,A183,A804
att,A183,A1621
att,A183,A2342
att,A183,A276
att,A183,A2536
att,A183,A1559
att,A184,A2060
att,A184,A1592
att,A184,A508
att,A184,A2271
att,A184,A963
att,A184,A1373
att,A184,A192
att,A184,A2488
att,A184,A1569
att,A186,A854
att,A186,A566
att,A186,A374
att,A186,A493
att,A186,A120
att,A186,A941
att,A187,A2064
att,A187,A267
att,A187,A2012
att,A189,A754
att,A189,A18
att,A189,A197
att,A189,A941
att,A189,A1508
att,A189,A1982
att,A189,A2092
att,A189,A673
att,A189,A169
att,A189,A835
att,A189,A511
att,A189,A1400
att,A189,A28
att,A189,A2230
att,A189,A409
att,A189,A2069
att,A189,A2205
att,A189,A227
att,A189,A1534
att,A189,A2671
att,A189,A1550
att,A189,A2625
att,A189,A2241
att,A193,A1758
att,A193,A2453
att,A193,A37
att,A193,A1095
att,A193,A985
att,A196,A1820
att,A196,A1685
att,A196,A2470
att,A196,A1754
att,A196,A164
att,A196,A1054
att,A196,A1682
att,A196,A1821
att,A196,A1084
att,A196,A275
att,A196,A2239
att,A196,A42
att,A196,A2429
att,A196,A1450
att,A200,A2568
att,A200,A1121
att,A200,A2458
att,A200,A1843
att,A205,A1079
att,A205,A1435
att,A205,A1810
att,A205,A2092
att,A205,A685
att,A205,A1910
att,A205,A1057
att,A205,A782
att,A205,A989
att,A205,A1316
att,A205,A2224
att,A205,A152
att,A205,A1936
att,A205,A1453
att,A205,A520
att,A205,A1511
att,A205,A1121
att,A205,A2689
att,A205,A678
att,A205,A1504
att,A205,A1780
att,A205,A2636
att,A205,A2385
att,A206,A1444
att,A206,A888
att,A206,A1089
att,A206,A527
att,A206,A1856
att,A206,A1238
att,A206,A1493
att,A206,A489
att,A206,A1909
att,A206,A2160
att,A206,A2241
att,A206,A720
att,A206,A1155
att,A206,A2265
att,A206,A1239
att,A207,A528
att,A207,A1707
att,A207,A2431
att,A207,A643
att,A207,A879
att,A207,A281
att,A207,A1481
att,A207,A2134
att,A207,A272
att,A208,A2361
att,A208,A2485
att,A208,A1017
att,A208,A2480
att,A208,A55
att,A208,A188
att,A208,A1188
att,A208,A18
att,A208,A562
att,A211,A2513
att,A211,A948
att,A211,A957
att,A211,A1625
att,A211,A129
att,A211,A26
att,A211,A716
att,A211,A1126
att,A211,A2061
att,A211,A1715
att,A211,A1168
att,A214,A2638
att,A214,A2680
att,A214,A2686
att,A214,A2281
att,A214,A321
att,A214,A1655
att,A214,A639
att,A215,A1812
att,A215,A1237
att,A215,A1889
att,A215,A1092
att,A215,A363
att,A215,A1602
att,A215,A1829
att,A215,A742
att,A215,A142
att,A215,A958
att,A215,A1448
att,A216,A318
att,A216,A137
att,A216,A394
att,A216,A361
att,A216,A1956
att,A216,A2525
att,A216,A364
att,A216,A58
att,A216,A1314
att,A216,A1854
att,A216,A1858
att,A216,A2447
att,A216,A88
att,A217,A2351
att,A217,A1274
att,A217,A1610
att,A217,A1373
att,A217,A136
att,A217,A2693
att,A217,A2385
att,A217,A1748
att,A217,A2165
att,A217,A2365
att,A217,A1075
att,A217,A1969
att,A217,A542
att,A217,A109
att,A217,A444
att,A217,A2267
att,A217,A623
att,A220,A1999
att,A220,A983
att,A220,A774
att,A220,A1375
att,A220,A257
att,A220,A757
att,A220,A1378
att,A220,A1181
att,A220,A2030
att,A220,A1403
att,A220,A1560
att,A220,A484
att,A220,A1728
att,A220,A1525
att,A220,A2655
att,A220,A810
att,A220,A815
att,A220,A1186
att,A220,A1517
att,A220,A577
att,A224,A2149
att,A224,A24
att,A224,A1319
att,A224,A1832
att,A224,A1768
att,A224,A15
att,A224,A1563
att,A224,A1919
att,A224,A356
att,A224,A1312
att,A224,A2548
att,A225,A435
att,A225,A1183
att,A225,A2450
att,A225,A1849
att,A225,A1652
att,A225,A563
att,A225,A1147
att,A225,A2086
att,A225,A1269
att,A225,A1720
att,A225,A83
att,A225,A1878
att,A225,A700
att,A225,A1698
att,A225,A625
att,A225,A257
att,A225,A726
att,A225,A917
att,A225,A2040
att,A225,A1320
att,A227,A241
att,A227,A1030
att,A227,A411
att,A227,A2568
att,A227,A149
att,A227,A2138
att,A227,A1893
att,A227,A840
att,A227,A1609
att,A227,A2236
att,A227,A2133
att,A227,A2207
att,A227,A1928
att,A227,A2176
att,A227,A1007
att,A227,A48
att,A227,A2680
att,A227,A1026
att,A227,A2045
att,A227,A2348
att,A227,A2061
att,A228,A2054
att,A228,A1129
att,A228,A1517
att,A228,A1379
att,A228,A1257
att,A228,A1533
att,A228,A2645
att,A228,A1380
att,A228,A1966
att,A228,A1725
att,A228,A520
att,A228,A787
att,A228,A1310
att,A228,A1389
att,A228,A1734
att,A228,A525
att,A228,A2070
att,A228,A1118
att,A228,A2624
att,A228,A264
att,A228,A2600
att,A228,A1489
att,A228,A2644
att,A228,A1765
att,A228,A457
att,A228,A2531
att,A228,A1508
att,A228,A1632
att,A228,A224
att,A228,A1771
att,A228,A900
att,A228,A1679
att,A228,A1934
att,A232,A2638
att,A232,A1674
att,A232,A747
att,A232,A1204
att,A235,A2227
att,A235,A542
att,A235,A1646
att,A235,A2429
att,A235,A2014
att,A235,A481
att,A235,A870
att,A235,A570
att,A235,A855
att,A235,A190
att,A235,A1299
att,A235,A1863
att,A235,A250
att,A235,A2393
att,A235,A2003
att,A235,A2136
att,A235,A2249
att,A235,A1084
att,A236,A62
att,A236,A443
att,A236,A1662
att,A236,A1878
att,A236,A1496
att,A236,A475
att,A236,A27
att,A236,A675
att,A236,A986
att,A236,A1982
att,A236,A2181
att,A237,A1007
att,A237,A2140
att,A237,A78
att,A237,A1634
att,A237,A988
att,A237,A2137
att,A237,A2452
att,A237,A1858
att,A237,A1591
att,A237,A2346
att,A237,A2613
att,A237,A608
att,A239,A611
att,A239,A1013
att,A239,A652
att,A239,A1887
att,A239,A2217
att,A239,A2378
att,A239,A184
att,A239,A1842
att,A239,A1127
att,A240,A1198
att,A240,A2365
att,A242,A1312
att,A242,A1672
att,A242,A901
att,A242,A472
att,A242,A2661
att,A242,A631
att,A242,A2360
att,A242,A2240
att,A242,A2521
att,A242,A599
att,A242,A995
att,A242,A220
att,A242,A1294
att,A242,A1865
att,A242,A23
att,A243,A2198
att,A243,A2272
att,A243,A961
att,A243,A2585
att,A244,A950
att,A244,A1734
att,A244,A406
att,A244,A671
att,A244,A159
att,A244,A189
att,A244,A104
att,A244,A1179
att,A244,A1471
att,A244,A99
att,A244,A1045
att,A245,A2007
att,A245,A738
att,A245,A2165
att,A245,A1083
att,A245,A2376
att,A245,A1289
att,A246,A613
att,A246,A2276
att,A246,A1978
att,A246,A620
att,A246,A1452
att,A249,A787
att,A249,A549
att,A249,A2283
att,A249,A466
att,A249,A1902
att,A249,A2491
att,A249,A1496
att,A249,A1227
att,A249,A2025
att,A250,A546
att,A250,A1074
att,A250,A1225
att,A250,A739
att,A250,A2077
att,A250,A2157
att,A250,A341
att,A250,A150
att,A250,A497
att,A250,A1835
att,A250,A1298
att,A250,A918
att,A250,A1700
att,A250,A2034
att,A250,A2610
att,A250,A2383
att,A250,A1936
att,A250,A79
att,A250,A2652
att,A250,A2498
att,A250,A2659
att,A250,A1447
att,A250,A1202
att,A250,A1397
att,A250,A1468
att,A250,A2210
att,A250,A2565
att,A250,A1989
att,A250,A2576
att,A250,A1246
att,A250,A2201
att,A250,A218
att,A251,A1874
att,A251,A2114
att,A251,A500
att,A251,A691
att,A251,A2636
att,A258,A2101
att,A258,A1501
att,A258,A2295
att,A258,A519
att,A258,A1704
att,A262,A13
att,A262,A2625
att,A262,A2273
att,A262,A1916
att,A262,A261
att,A262,A462
att,A262,A2405
att,A262,A1012
att,A262,A1052
att,A262,A15
att,A262,A2
att,A262,A2128
att,A262,A2402
att,A262,A2408
att,A262,A1011
att,A262,A2219
att,A262,A2362
att,A262,A1250
att,A262,A2471
att,A262,A1733
att,A263,A1294
att,A263,A1183
att,A263,A2268
att,A263,A1061
att,A263,A1954
att,A263,A660
att,A263,A1836
att,A263,A607
att,A263,A1356
att,A263,A2318
att,A263,A336
att,A263,A960
att,A263,A2120
att,A263,A1082
att,A263,A192
att,A263,A2395
att,A263,A694
att,A263,A739
att,A263,A730
att,A263,A2650
att,A263,A1867
att,A263,A972
att,A263,A55
att,A264,A2652
att,A264,A5
att,A264,A2335
att,A264,A2470
att,A264,A606
att,A264,A245
att,A264,A2640
att,A264,A235
att,A264,A1052
att,A264,A2657
att,A264,A105
att,A265,A1874
att,A265,A1974
att,A265,A1999
att,A265,A2505
att,A265,A2245
att,A265,A901
att,A265,A1787
att,A265,A1255
att,A265,A2196
att,A265,A550
att,A265,A2061
att,A265,A486
att,A266,A2054
att,A266,A1575
att,A266,A811
att,A266,A1281
att,A266,A516
att,A266,A2238
att,A266,A2306
att,A266,A325
att,A266,A2621
att,A266,A871
att,A266,A1769
att,A266,A2151
att,A266,A2381
att,A266,A2519
att,A269,A56
att,A269,A162
att,A269,A894
att,A269,A2294
att,A269,A1607
att,A269,A418
att,A269,A939
att,A269,A93
att,A269,A301
att,A273,A1329
att,A273,A913
att,A273,A1597
att,A273,A255
att,A273,A502
att,A273,A816
att,A273,A614
att,A273,A619
att,A273,A2032
att,A275,A174
att,A276,A255
att,A276,A1924
att,A276,A75
att,A276,A1902
att,A276,A2677
att,A276,A775
att,A276,A674
att,A276,A1210
att,A277,A2567
att,A277,A2137
att,A277,A1363
att,A277,A929
att,A278,A1528
att,A278,A124
att,A281,A881
att,A281,A1629
att,A281,A1154
att,A281,A286
att,A281,A1839
att,A281,A929
att,A281,A538
att,A281,A635
att,A281,A877
att,A281,A1587
att,A281,A2463
att,A281,A1528
att,A281,A555
att,A281,A1982
att,A281,A527
att,A281,A1309
att,A281,A1300
att,A281,A1285
att,A281,A2510
att,A281,A1722
att,A281,A721
att,A281,A2544
att,A281,A1665
att,A281,A606
att,A281,A1922
att,A281,A1930
att,A281,A958
att,A281,A2231
att,A281,A576
att,A281,A1675
att,A283,A2273
att,A283,A2546
att,A283,A1142
att,A283,A667
att,A283,A304
att,A283,A1093
att,A283,A2076
att,A283,A1768
att,A283,A815
att,A283,A359
att,A283,A1998
att,A283,A519
att,A283,A1928
att,A283,A1404
att,A284,A253
att,A284,A167
att,A284,A209
att,A284,A405
att,A284,A135
att,A284,A2183
att,A284,A308
att,A284,A977
att,A284,A580
att,A284,A450
att,A284,A2574
att,A284,A141
att,A284,A2198
att,A284,A2693
att,A284,A2196
att,A284,A1849
att,A284,A295
att,A284,A2128
att,A284,A841
att,A285,A179
att,A285,A1234
att,A285,A1607
att,A285,A558
att,A285,A1730
att,A289,A206
att,A289,A1938
att,A289,A1863
att,A289,A1702
att,A289,A1152
att,A289,A1611
att,A289,A3
att,A289,A106
att,A289,A1993
att,A289,A1682
att,A289,A1766
att,A289,A432
att,A290,A948
att,A290,A2659
att,A290,A88
att,A290,A965
att,A290,A1792
att,A290,A2672
att,A290,A1674
att,A290,A139
att,A290,A2301
att,A290,A2224
att,A291,A15
att,A291,A1766
att,A291,A61
att,A291,A1105
att,A291,A2384
att,A291,A421
att,A291,A38
att,A291,A2173
att,A292,A743
att,A292,A2530
att,A292,A1339
att,A292,A694
att,A292,A175
att,A292,A1400
att,A295,A1201
att,A295,A1043
att,A295,A2074
att,A295,A2226
att,A295,A1400
att,A295,A1619
att,A295,A1074
att,A295,A1285
att,A295,A734
att,A295,A28
att,A295,A1982
att,A295,A2391
att,A295,A572
att,A295,A2179
att,A295,A2430
att,A295,A510
att,A297,A2305
att,A297,A438
att,A297,A2600
att,A297,A2195
att,A297,A814
att,A297,A2571
att,A298,A1029
att,A298,A904
att,A298,A789
att,A298,A1874
att,A299,A2114
att,A299,A2033
att,A299,A148
att,A299,A1484
att,A299,A370
att,A299,A228
att,A299,A557
att,A299,A1046
att,A299,A211
att,A299,A139
att,A299,A383
att,A299,A1677
att,A299,A2359
att,A301,A423
att,A301,A2611
att,A301,A1519
att,A301,A256
att,A301,A1252
att,A301,A175
att,A301,A1083
att,A301,A1856
att,A301,A1604
att,A301,A2190
att,A301,A2163
att,A301,A699
att,A301,A1883
att,A301,A1372
att,A301,A216
att,A301,A1003
att,A301,A1491
att,A301,A200
att,A305,A832
att,A305,A1259
att,A305,A596
att,A305,A1385
att,A305,A2150
att,A305,A2512
att,A305,A2526
att,A305,A1522
att,A305,A1581
att,A305,A2456
att,A305,A2410
att,A305,A322
att,A305,A1956
att,A305,A1256
att,A305,A1702
att,A305,A39
att,A305,A816
att,A305,A429
att,A305,A369
att,A305,A1233
att,A305,A1669
att,A308,A86
att,A308,A736
att,A308,A313
att,A308,A604
att,A308,A317
att,A308,A2696
att,A308,A1352
att,A308,A468
att,A309,A43
att,A309,A449
att,A309,A452
att,A309,A1225
att,A309,A1419
att,A309,A198
att,A309,A1514
att,A309,A2591
att,A309,A1134
att,A309,A536
att,A309,A2523
att,A312,A971
att,A312,A319
att,A312,A1005
att,A312,A1765
att,A313,A2356
att,A313,A2632
att,A313,A1925
att,A313,A1466
att,A313,A187
att,A313,A2303
att,A313,A1563
att,A313,A1637
att,A313,A2580
att,A313,A730
att,A313,A1061
att,A313,A674
att,A313,A968
att,A313,A1599
att,A313,A1528
att,A313,A2325
att,A313,A218
att,A313,A967
att,A314,A1538
att,A314,A2391
att,A314,A2524
att,A314,A1192
att,A314,A1942
att,A314,A374
att,A314,A1817
att,A314,A2681
att,A314,A886
att,A314,A343
att,A314,A2526
att,A314,A774
att,A314,A1408
att,A314,A1388
att,A314,A1116
att,A314,A1038
att,A314,A1958
att,A314,A2132
att,A314,A69
att,A314,A1787
att,A315,A466
att,A315,A297
att,A315,A1941
att,A315,A54
att,A315,A2603
att,A315,A1898
att,A315,A2099
att,A315,A2250
att,A315,A62
att,A315,A280
att,A315,A1015
att,A315,A400
att,A315,A1049
att,A315,A1610
att,A315,A2198
att,A315,A2177
att,A315,A405
att,A315,A389
att,A315,A2202
att,A315,A1161
att,A316,A1323
att,A316,A774
att,A316,A2067
att,A316,A2617
att,A316,A653
att,A316,A416
att,A316,A568
att,A316,A1487
att,A316,A133
att,A316,A647
att,A319,A95
att,A319,A11
att,A319,A2377
att,A319,A916
att,A319,A1261
att,A319,A2227
att,A319,A571
att,A319,A1325
att,A319,A2694
att,A319,A2662
att,A319,A787
att,A319,A516
att,A319,A66
att,A320,A1367
att,A320,A1541
att,A320,A1401
att,A320,A181
att,A320,A1222
att,A320,A224
att,A320,A2011
att,A320,A2015
att,A320,A293
att,A320,A1719
att,A320,A2482
att,A320,A341
att,A320,A537
att,A320,A1333
att,A320,A310
att,A320,A833
att,A320,A2475
att,A320,A1142
att,A320,A1763
att,A320,A1688
att,A320,A2621
att,A320,A2238
att,A320,A673
att,A324,A443
att,A324,A480
att,A324,A1434
att,A324,A1683
att,A324,A1404
att,A324,A796
att,A324,A391
att,A324,A1201
att,A324,A1715
att,A324,A2443
att,A324,A2226
att,A326,A1124
att,A326,A227
att,A326,A394
att,A326,A2027
att,A326,A2046
att,A326,A897
att,A327,A1476
att,A327,A901
att,A327,A1318
att,A327,A2174
att,A327,A762
att,A327,A1911
att,A327,A480
att,A327,A1753
att,A327,A1517
att,A327,A2607
att,A327,A182
att,A327,A695
att,A327,A671
att,A327,A1597
att,A330,A1028
att,A330,A2418
att,A330,A1470
att,A330,A2491
att,A330,A1697
att,A330,A2242
att,A330,A478
att,A330,A2625
att,A330,A1131
att,A330,A336
att,A330,A2282
att,A330,A129
att,A330,A1666
att,A330,A2111
att,A330,A2564
att,A330,A1095
att,A330,A1313
att,A330,A169
att,A330,A404
att,A331,A652
att,A331,A1286
att,A331,A1306
att,A331,A2613
att,A331,A1750
att,A331,A141
att,A331,A1330
att,A331,A362
att,A331,A1829
att,A331,A525
att,A331,A1118
att,A331,A1023
att,A333,A1278
att,A333,A160
att,A333,A1265
att,A333,A1330
att,A334,A1347
att,A334,A2243
att,A334,A253
att,A334,A1882
att,A334,A506
att,A334,A72
att,A334,A2321
att,A334,A1619
att,A334,A1165
att,A334,A2423
att,A334,A1432
att,A334,A1741
att,A334,A2667
att,A334,A1344
att,A334,A1658
att,A334,A1297
att,A334,A1492
att,A335,A468
att,A335,A206
att,A335,A366
att,A335,A2651
att,A335,A2160
att,A335,A196
att,A335,A563
att,A335,A2557
att,A335,A1602
att,A335,A1061
att,A335,A425
att,A335,A2548
att,A335,A131
att,A335,A1004
att,A341,A2306
att,A341,A223
att,A341,A997
att,A341,A1913
att,A341,A2198
att,A341,A443
att,A341,A2333
att,A341,A585
att,A341,A2498
att,A341,A937
att,A341,A1483
att,A341,A555
att,A341,A657
att,A341,A2344
att,A341,A2214
att,A341,A1186
att,A341,A788
att,A341,A1962
att,A341,A935
att,A342,A606
att,A343,A1914
att,A343,A1391
att,A343,A395
att,A343,A955
att,A343,A1815
att,A343,A676
att,A343,A710
att,A343,A972
att,A343,A1050
att,A343,A353
att,A343,A1266
att,A343,A475
att,A343,A2134
att,A343,A536
att,A343,A2360
att,A343,A1683
att,A343,A1279
att,A343,A67
att,A343,A2147
att,A345,A2637
att,A345,A438
att,A345,A1343
att,A345,A1149
att,A345,A1021
att,A345,A302
att,A345,A2367
att,A345,A1828
att,A345,A1821
att,A345,A1031
att,A345,A995
att,A345,A2679
att,A345,A2262
att,A345,A999
att,A345,A1271
att,A345,A1796
att,A345,A2662
att,A345,A372
att,A345,A975
att,A345,A1990
att,A345,A2050
att,A345,A1671
att,A346,A1390
att,A346,A848
att,A346,A2321
att,A346,A980
att,A346,A991
att,A346,A817
att,A347,A2142
att,A347,A1136
att,A347,A992
att,A347,A723
att,A347,A1664
att,A348,A1760
att,A348,A408
att,A348,A505
att,A348,A500
att,A348,A1713
att,A348,A455
att,A348,A1912
att,A348,A2337
att,A348,A346
att,A348,A2149
att,A348,A1070
att,A348,A1645
att,A348,A28
att,A348,A357
att,A348,A297
att,A348,A1842
att,A348,A2685
att,A348,A971
att,A348,A1758
att,A351,A2641
att,A351,A1579
att,A351,A1140
att,A351,A414
att,A351,A1954
att,A351,A2162
att,A351,A711
att,A351,A1707
att,A351,A1047
att,A351,A2596
att,A351,A332
att,A351,A774
att,A351,A2006
att,A351,A689
att,A351,A693
att,A351,A1136
att,A351,A999
att,A352,A340
att,A352,A54
att,A352,A97
att,A354,A1473
att,A354,A752
att,A354,A200
att,A354,A1699
att,A354,A1649
att,A354,A458
att,A354,A1185
att,A354,A1316
att,A354,A1475
att,A354,A1589
att,A356,A1788
att,A356,A1119
att,A356,A1765
att,A356,A413
att,A356,A2360
att,A356,A488
att,A356,A2359
att,A356,A2204
att,A356,A1082
att,A356,A1499
att,A356,A1769
att,A356,A1537
att,A356,A1649
att,A356,A1510
att,A356,A1217
att,A356,A2633
att,A359,A2075
att,A359,A700
att,A359,A1073
att,A359,A2362
att,A359,A1096
att,A359,A773
att,A360,A1655
att,A360,A1980
att,A360,A1019
att,A361,A1465
att,A361,A1888
att,A361,A73
att,A361,A1809
att,A361,A1095
att,A361,A19
att,A361,A1150
att,A361,A941
att,A361,A1183
att,A361,A321
att,A361,A1125
att,A361,A750
att,A361,A1653
att,A361,A367
att,A361,A369
att,A361,A1093
att,A361,A1759
att,A361,A1678
att,A361,A930
att,A361,A83
att,A361,A316
att,A363,A608
att,A363,A1642
att,A363,A1903
att,A363,A2614
att,A363,A95
att,A363,A724
att,A363,A2333
att,A363,A1307
att,A363,A2191
att,A363,A1060
att,A363,A555
att,A363,A69
att,A363,A713
att,A363,A2282
att,A363,A2175
att,A363,A639
att,A363,A401
att,A365,A1613
att,A365,A362
att,A365,A2522
att,A365,A1787
att,A365,A1452
att,A365,A1184
att,A365,A252
att,A365,A1133
att,A365,A2568
att,A365,A1512
att,A365,A2367
att,A365,A2235
att,A365,A754
att,A365,A2060
att,A365,A2171
att,A367,A644
att,A367,A1772
att,A367,A597
att,A367,A219
att,A367,A1845
att,A367,A1249
att,A367,A2665
att,A367,A943
att,A369,A1379
att,A369,A431
att,A369,A382
att,A369,A1556
att,A369,A1979
att,A369,A1763
att,A369,A620
att,A369,A527
att,A369,A2529
att,A369,A203
att,A369,A94
att,A370,A386
att,A370,A988
att,A370,A2
att,A374,A1640
att,A374,A2636
att,A374,A1142
att,A374,A2391
att,A374,A114
att,A374,A2531
att,A374,A703
att,A374,A2577
att,A374,A2292
att,A374,A640
att,A374,A407
att,A374,A2480
att,A374,A1687
att,A375,A763
att,A375,A1766
att,A377,A622
att,A377,A910
att,A377,A1067
att,A377,A1549
att,A379,A2606
att,A379,A818
att,A379,A166
att,A381,A457
att,A381,A1011
att,A381,A2569
att,A381,A767
att,A381,A2079
att,A381,A2044
att,A381,A1374
att,A381,A1592
att,A381,A1504
att,A381,A2277
att,A381,A726
att,A381,A1523
att,A381,A1090
att,A381,A363
att,A381,A1008
att,A382,A2167
att,A382,A1106
att,A383,A2512
att,A383,A2313
att,A383,A695
att,A383,A2090
att,A383,A2567
att,A383,A2149
att,A383,A2449
att,A383,A1918
att,A383,A1970
att,A383,A1045
att,A383,A494
att,A383,A1871
att,A383,A805
att,A384,A2471
att,A384,A1621
att,A384,A862
att,A384,A140
att,A384,A1045
att,A384,A1496
att,A384,A963
att,A384,A421
att,A384,A2679
att,A384,A1722
att,A385,A2336
att,A385,A514
att,A385,A535
att,A385,A895
att,A385,A1556
att,A385,A959
att,A385,A1224
att,A385,A1651
att,A385,A146
att,A385,A1412
att,A385,A852
att,A385,A796
att,A385,A282
att,A385,A622
att,A385,A653
att,A385,A12
att,A387,A2239
att,A387,A344
att,A387,A557
att,A387,A2447
att,A387,A1281
att,A387,A472
att,A387,A1211
att,A387,A479
att,A387,A603
att,A387,A1719
att,A387,A2533
att,A387,A217
att,A387,A2010
att,A387,A2310
att,A387,A733
att,A387,A759
att,A387,A1822
att,A387,A2015
att,A391,A635
att,A392,A372
att,A392,A1133
att,A392,A2127
att,A392,A2181
att,A392,A2565
att,A392,A355
att,A392,A24
att,A392,A1881
att,A392,A1356
att,A392,A1992
att,A392,A2326
att,A392,A1287
att,A392,A1823
att,A395,A418
att,A395,A78
att,A395,A483
att,A395,A1105
att,A395,A2415
att,A395,A58
att,A395,A2637
att,A395,A1625
att,A396,A8
att,A396,A1332
att,A396,A2414
att,A396,A1256
att,A396,A2382
att,A396,A1246
att,A396,A295
att,A396,A841
att,A396,A312
att,A396,A2627
att,A396,A911
att,A397,A1906
att,A397,A536
att,A397,A2330
att,A397,A1613
att,A397,A1274
att,A397,A142
att,A397,A929
att,A397,A583
att,A397,A1418
att,A397,A1752
att,A398,A786
att,A398,A1990
att,A398,A1063
att,A398,A420
att,A398,A1569
att,A398,A12
att,A398,A2486
att,A398,A541
att,A398,A646
att,A398,A1286
att,A398,A1692
att,A398,A718
att,A398,A274
att,A398,A1938
att,A398,A1007
att,A398,A1869
att,A398,A2178
att,A398,A1310
att,A399,A2117
att,A399,A1063
att,A399,A548
att,A399,A1168
att,A399,A463
att,A399,A1174
att,A399,A583
att,A399,A1334
att,A399,A970
att,A399,A176
att,A399,A290
att,A399,A2566
att,A399,A2014
att,A399,A274
att,A399,A1650
att,A399,A859
att,A399,A1810
att,A400,A312
att,A400,A95
att,A400,A2255
att,A400,A738
att,A400,A1533
att,A400,A1824
att,A400,A1647
att,A400,A1564
att,A400,A1273
att,A400,A1141
att,A400,A2063
att,A400,A2489
att,A400,A722
att,A400,A1970
att,A400,A2202
att,A400,A1073
att,A400,A2433
att,A400,A1781
att,A400,A1905
att,A400,A2395
att,A400,A2174
att,A400,A1334
att,A400,A2459
att,A400,A1853
att,A400,A138
att,A400,A122
att,A400,A1719
att,A400,A1419
att,A400,A1734
att,A400,A2400
att,A400,A370
att,A400,A601
att,A403,A253
att,A403,A749
att,A403,A2278
att,A403,A1756
att,A403,A1731
att,A408,A9
att,A408,A344
att,A408,A61
att,A408,A1530
att,A408,A1329
att,A408,A248
att,A408,A2507
att,A408,A1190
att,A408,A416
att,A408,A1945
att,A411,A1808
att,A411,A559
att,A411,A1010
att,A411,A142
att,A411,A1688
att,A411,A1794
att,A411,A1960
att,A414,A2012
att,A414,A1179
att,A415,A197
att,A415,A887
att,A415,A2463
att,A415,A2391
att,A415,A2673
att,A415,A2654
att,A415,A647
att,A415,A1328
att,A415,A1864
att,A415,A123
att,A415,A2158
att,A415,A111
att,A415,A741
att,A415,A1327
att,A415,A2494
att,A415,A1605
att,A415,A659
att,A415,A925
att,A416,A2007
att,A416,A2162
att,A416,A1652
att,A416,A189
att,A416,A2663
att,A416,A566
att,A416,A293
att,A416,A1961
att,A416,A1116
att,A416,A1864
att,A416,A271
att,A416,A832
att,A416,A392
att,A416,A35
att,A416,A1348
att,A416,A17
att,A416,A852
att,A418,A1895
att,A418,A654
att,A418,A299
att,A418,A668
att,A418,A1462
att,A418,A1178
att,A420,A1066
att,A420,A2010
att,A420,A1682
att,A426,A537
att,A426,A439
att,A426,A890
att,A426,A829
att,A426,A961
att,A426,A1286
att,A426,A251
att,A426,A554
att,A426,A2628
att,A426,A1726
att,A426,A1147
att,A426,A1122
att,A426,A231
att,A426,A1527
att,A426,A2455
att,A426,A2071
att,A429,A1690
att,A429,A2014
att,A429,A834
att,A429,A1108
att,A429,A365
att,A429,A1926
att,A429,A1230
att,A429,A2116
att,A429,A2495
att,A429,A450
att,A429,A1636
att,A429,A82
att,A429,A505
att,A429,A1080
att,A430,A1567
att,A430,A1405
att,A430,A1144
att,A430,A2009
att,A430,A2645
att,A430,A74
att,A430,A2375
att,A430,A453
att,A430,A2050
att,A430,A1470
att,A430,A2677
att,A430,A2013
att,A430,A394
att,A430,A936
att,A430,A994
att,A430,A2343
att,A430,A1468
att,A430,A1391
att,A430,A2239
att,A430,A140
att,A430,A128
att,A430,A291
att,A430,A2320
att,A430,A966
att,A430,A2637
att,A430,A2094
att,A430,A2494
att,A431,A2288
att,A431,A85
att,A431,A1431
att,A431,A1479
att,A431,A911
att,A431,A146
att,A431,A1905
att,A431,A1722
att,A431,A2255
att,A431,A914
att,A431,A1069
att,A431,A1636
att,A431,A2059
att,A431,A1450
att,A431,A1198
att,A431,A1291
att,A433,A248
att,A433,A856
att,A433,A2309
att,A433,A123
att,A433,A2665
att,A433,A2019
att,A433,A1966
att,A433,A1486
att,A433,A1653
att,A433,A765
att,A433,A739
att,A433,A29
att,A433,A943
att,A433,A2386
att,A433,A103
att,A433,A2632
att,A435,A194
att,A435,A860
att,A435,A2288
att,A435,A2214
att,A435,A1341
att,A435,A171
att,A435,A199
att,A435,A2537
att,A435,A1457
att,A435,A1566
att,A435,A1522
att,A435,A2633
att,A435,A1038
att,A435,A1560
att,A435,A2274
att,A435,A2686
att,A435,A2682
att,A435,A1439
att,A435,A595
att,A436,A36
att,A436,A668
att,A437,A130
att,A437,A2144
att,A437,A2552
att,A437,A1947
att,A437,A88
att,A439,A2254
att,A439,A2053
att,A439,A2507
att,A439,A706
att,A439,A2106
att,A439,A1042
att,A439,A1043
att,A439,A556
att,A439,A2561
att,A439,A1721
att,A439,A175
att,A439,A1475
att,A439,A2277
att,A439,A58
att,A439,A1882
att,A439,A2598
att,A439,A988
att,A439,A822
att,A439,A1455
att,A439,A385
att,A439,A2225
att,A441,A2431
att,A441,A528
att,A441,A2253
att,A441,A104
att,A441,A1123
att,A441,A551
att,A441,A351
att,A441,A1793
att,A441,A2415
att,A441,A1501
att,A441,A2597
att,A441,A1437
att,A441,A2015
att,A441,A99
att,A441,A1858
att,A441,A2516
att,A441,A33
att,A441,A1760
att,A441,A454
att,A441,A980
att,A444,A404
att,A444,A2661
att,A444,A2656
att,A444,A2185
att,A445,A1133
att,A445,A2522
att,A445,A1393
att,A445,A815
att,A445,A2306
att,A445,A304
att,A445,A1844
att,A445,A1403
att,A445,A1427
att,A445,A737
att,A445,A90
att,A445,A51
att,A445,A125
att,A445,A2224
att,A445,A718
att,A445,A821
att,A445,A1049
att,A445,A1420
att,A445,A1045
att,A445,A2619
att,A445,A769
att,A445,A575
att,A445,A2380
att,A446,A1363
att,A451,A991
att,A451,A30
att,A451,A408
att,A451,A915
att,A451,A1977
att,A451,A1075
att,A451,A2032
att,A451,A1986
att,A451,A896
att,A451,A405
att,A451,A1782
att,A451,A418
att,A451,A1095
att,A451,A722
att,A451,A103
att,A452,A2264
att,A452,A1962
att,A452,A2307
att,A452,A2638
att,A453,A445
att,A453,A2657
att,A453,A2567
att,A453,A1875
att,A454,A297
att,A454,A859
att,A454,A1168
att,A454,A2105
att,A454,A2176
att,A454,A1762
att,A454,A734
att,A455,A507
att,A455,A1551
att,A455,A1756
att,A455,A179
att,A455,A283
att,A455,A409
att,A455,A2229
att,A455,A2455
att,A457,A856
att,A457,A2099
att,A457,A2105
att,A457,A1858
att,A457,A2057
att,A457,A1523
att,A457,A1992
att,A457,A1336
att,A457,A2698
att,A457,A329
att,A457,A2327
att,A457,A2697
att,A457,A68
att,A462,A794
att,A462,A1143
att,A462,A1845
att,A462,A2695
att,A462,A224
att,A462,A1320
att,A462,A539
att,A462,A185
att,A462,A613
att,A462,A181
att,A462,A583
att,A462,A2037
att,A462,A748
att,A462,A746
att,A462,A1880
att,A464,A195
att,A465,A2458
att,A465,A900
att,A465,A1172
att,A465,A1346
att,A465,A1621
att,A465,A38
att,A465,A1807
att,A465,A2689
att,A465,A759
att,A465,A1917
att,A465,A1460
att,A465,A1428
att,A465,A1644
att,A465,A1986
att,A465,A1104
att,A465,A854
att,A466,A831
att,A466,A979
att,A466,A1464
att,A466,A1291
att,A466,A2040
att,A466,A2281
att,A466,A2124
att,A466,A918
att,A466,A237
att,A466,A670
att,A466,A2548
att,A466,A1174
att,A466,A466
att,A466,A448
att,A467,A894
att,A467,A2009
att,A467,A2381
att,A467,A1792
att,A467,A1127
att,A467,A255
att,A467,A2109
att,A467,A224
att,A467,A1827
att,A467,A118
att,A467,A1887
att,A467,A2658
att,A467,A155
att,A467,A1920
att,A467,A16
att,A468,A1158
att,A468,A2588
att,A468,A1438
att,A468,A140
att,A468,A41
att,A471,A2104
att,A471,A1705
att,A471,A2245
att,A473,A1589
att,A473,A57
att,A473,A639
att,A473,A232
att,A473,A2424
att,A473,A829
att,A473,A111
att,A473,A1158
att,A473,A1843
att,A473,A194
att,A473,A263
att,A473,A1443
att,A473,A1417
att,A473,A1830
att,A473,A980
att,A473,A499
att,A473,A1924
att,A473,A1912
att,A473,A48
att,A473,A419
att,A473,A2220
att,A473,A1500
att,A473,A697
att,A473,A303
att,A479,A1153
att,A479,A1856
att,A479,A2016
att,A479,A2544
att,A479,A1488
att,A479,A649
att,A479,A1204
att,A479,A1018
att,A479,A1899
att,A479,A1744
att,A479,A694
att,A479,A894
att,A479,A1043
att,A480,A1450
att,A480,A1171
att,A480,A1063
att,A480,A1588
att,A480,A222
att,A480,A1268
att,A480,A1168
att,A480,A740
att,A480,A883
att,A480,A2277
att,A480,A132
att,A480,A2233
att,A480,A1831
att,A480,A1410
att,A480,A85
att,A480,A1974
att,A480,A1163
att,A480,A449
att,A481,A2007
att,A481,A300
att,A481,A613
att,A481,A750
att,A481,A2192
att,A481,A1417
att,A481,A1540
att,A481,A625
att,A481,A1987
att,A481,A2614
att,A483,A1173
att,A483,A1938
att,A483,A1969
att,A483,A800
att,A483,A1145
att,A483,A903
att,A483,A1937
att,A483,A1396
att,A483,A1337
att,A483,A1768
att,A483,A526
att,A483,A1264
att,A483,A1254
att,A483,A1905
att,A483,A1309
att,A483,A872
att,A489,A1082
att,A492,A209
att,A492,A1309
att,A492,A1471
att,A492,A2300
att,A492,A1785
att,A492,A2603
att,A492,A2128
att,A493,A203
att,A493,A555
att,A493,A1273
att,A493,A2206
att,A493,A1616
att,A493,A744
att,A493,A2635
att,A493,A764
att,A493,A1204
att,A493,A1650
att,A493,A1881
att,A493,A917
att,A493,A62
att,A493,A1893
att,A493,A1948
att,A493,A2482
att,A493,A265
att,A493,A1014
att,A493,A1515
att,A493,A1767
att,A494,A829
att,A494,A441
att,A494,A823
att,A494,A2130
att,A494,A574
att,A494,A822
att,A494,A430
att,A494,A498
att,A494,A1392
att,A494,A560
att,A494,A1435
att,A494,A2669
att,A494,A2513
att,A494,A818
att,A494,A611
att,A494,A2030
att,A494,A2435
att,A494,A97
att,A494,A1941
att,A494,A2068
att,A494,A1769
att,A494,A1033
att,A494,A1332
att,A494,A385
att,A494,A286
att,A496,A1314
att,A496,A1879
att,A496,A1024
att,A496,A830
att,A496,A286
att,A496,A367
att,A496,A2501
att,A496,A2094
att,A497,A1472
att,A497,A1291
att,A497,A1750
att,A498,A2017
att,A498,A2650
att,A498,A113
att,A498,A818
att,A499,A471
att,A499,A826
att,A499,A94
att,A499,A2046
att,A499,A1448
att,A499,A1075
att,A499,A1038
att,A508,A21
att,A508,A2379
att,A508,A1844
att,A508,A15
att,A508,A1227
att,A508,A2540
att,A509,A505
att,A509,A1874
att,A509,A2302
att,A509,A890
att,A509,A1893
att,A509,A949
att,A509,A1913
att,A514,A353
att,A514,A66
att,A514,A2258
att,A514,A1242
att,A514,A464
att,A514,A2284
att,A514,A2037
att,A514,A2082
att,A514,A1893
att,A514,A1981
att,A514,A1287
att,A514,A808
att,A514,A54
att,A514,A1677
att,A514,A2071
att,A514,A2630
att,A514,A597
att,A514,A26
att,A514,A250
att,A514,A2435
att,A514,A1094
att,A514,A284
att,A514,A1108
att,A514,A780
att,A514,A1029
att,A514,A1489
att,A516,A52
att,A516,A502
att,A516,A1287
att,A518,A930
att,A518,A2694
att,A518,A1757
att,A518,A1122
att,A518,A2240
att,A518,A1828
att,A518,A722
att,A518,A1403
att,A518,A627
att,A518,A1066
att,A518,A1699
att,A518,A1456
att,A518,A1176
att,A518,A1362
att,A518,A473
att,A519,A1910
att,A519,A2305
att,A519,A125
att,A519,A1553
att,A519,A180
att,A519,A57
att,A519,A424
att,A519,A1121
att,A519,A360
att,A519,A1141
att,A519,A69
att,A519,A1428
att,A519,A1775
att,A519,A645
att,A522,A344
att,A522,A1448
att,A522,A2406
att,A522,A537
att,A522,A1478
att,A522,A511
att,A522,A1254
att,A522,A2262
att,A522,A2471
att,A522,A1112
att,A522,A531
att,A522,A1082
att,A522,A1895
att,A523,A137
att,A523,A1428
att,A523,A2445
att,A523,A174
att,A523,A1608
att,A523,A1522
att,A523,A1235
att,A523,A2572
att,A523,A2257
att,A523,A1790
att,A523,A1401
att,A523,A2515
att,A523,A2081
att,A523,A1316
att,A523,A784
att,A525,A819
att,A525,A828
att,A525,A1118
att,A525,A821
att,A525,A499
att,A525,A1340
att,A525,A2102
att,A525,A2483
att,A525,A2305
att,A525,A439
att,A525,A382
att,A526,A1031
att,A526,A814
att,A526,A1872
att,A526,A1013
att,A526,A2540
att,A526,A2569
att,A526,A1437
att,A527,A547
att,A527,A478
att,A527,A2167
att,A527,A281
att,A527,A621
att,A527,A2668
att,A527,A1030
att,A527,A1548
att,A527,A1984
att,A527,A2060
att,A527,A773
att,A527,A1150
att,A527,A902
att,A527,A698
att,A527,A1642
att,A527,A583
att,A527,A2419
att,A528,A2694
att,A528,A548
att,A528,A2297
att,A528,A2109
att,A528,A2548
att,A528,A1157
att,A528,A1106
att,A528,A1155
att,A528,A2635
att,A528,A1153
att,A528,A2111
att,A528,A2043
att,A528,A2407
att,A528,A2659
att,A528,A483
att,A528,A322
att,A529,A994
att,A529,A595
att,A530,A1720
att,A530,A633
att,A530,A184
att,A530,A2303
att,A530,A457
att,A530,A270
att,A530,A553
att,A530,A1632
att,A530,A1292
att,A530,A463
att,A530,A1899
att,A530,A734
att,A530,A2308
att,A530,A445
att,A532,A719
att,A532,A1909
att,A532,A2336
att,A532,A2480
att,A532,A1149
att,A532,A2556
att,A532,A1600
att,A532,A1693
att,A532,A2582
att,A532,A972
att,A532,A864
att,A532,A2639
att,A532,A2234
att,A532,A372
att,A532,A30
att,A532,A2517
att,A532,A2447
att,A533,A2119
att,A533,A2341
att,A533,A1309
att,A533,A336
att,A533,A1758
att,A533,A1393
att,A533,A2050
att,A533,A2195
att,A533,A1453
att,A533,A527
att,A533,A1088
att,A533,A1675
att,A533,A2490
att,A533,A2060
att,A533,A2015
att,A534,A2559
att,A534,A2275
att,A534,A1436
att,A534,A426
att,A534,A1158
att,A534,A1387
att,A537,A1999
att,A537,A115
att,A537,A2288
att,A537,A664
att,A537,A1931
att,A537,A1035
att,A537,A1450
att,A537,A2311
att,A537,A127
att,A537,A2226
att,A537,A1674
att,A537,A2675
att,A537,A1587
att,A537,A241
att,A537,A1396
att,A537,A2263
att,A537,A2244
att,A537,A2667
att,A537,A1850
att,A537,A2677
att,A539,A1338
att,A539,A1777
att,A539,A1241
att,A539,A890
att,A539,A1573
att,A539,A2576
att,A539,A137
att,A539,A1263
att,A539,A1556
att,A539,A2514
att,A539,A980
att,A539,A836
att,A539,A2518
att,A539,A1994
att,A539,A1050
att,A539,A68
att,A539,A2290
att,A539,A235
att,A539,A1525
att,A539,A2063
att,A539,A2402
att,A539,A220
att,A540,A1386
att,A540,A602
att,A540,A2514
att,A540,A2062
att,A543,A1051
att,A543,A651
att,A543,A1138
att,A543,A2107
att,A545,A1997
att,A545,A2417
att,A545,A712
att,A547,A526
att,A547,A1986
att,A547,A2594
att,A547,A2117
att,A547,A2495
att,A547,A1743
att,A547,A1580
att,A547,A2045
att,A547,A401
att,A547,A1701
att,A547,A1840
att,A547,A2362
att,A547,A144
att,A547,A445
att,A547,A765
att,A547,A1187
att,A547,A1939
att,A548,A1787
att,A548,A474
att,A548,A1961
att,A548,A2476
att,A548,A1462
att,A548,A1090
att,A548,A738
att,A548,A672
att,A548,A1698
att,A550,A2154
att,A550,A1099
att,A550,A2188
att,A550,A2543
att,A550,A1048
att,A550,A2663
att,A550,A1238
att,A550,A1815
att,A551,A370
att,A551,A2617
att,A551,A1262
att,A551,A885
att,A551,A1648
att,A551,A604
att,A551,A1222
att,A551,A1163
att,A551,A194
att,A551,A2447
att,A551,A1868
att,A551,A1055
att,A551,A1446
att,A551,A374
att,A551,A938
att,A551,A1582
att,A551,A291
att,A551,A2639
att,A551,A500
att,A551,A847
att,A551,A1767
att,A551,A967
att,A551,A2508
att,A551,A351
att,A553,A0
att,A553,A1801
att,A553,A2560
att,A553,A475
att,A553,A9
att,A553,A165
att,A553,A765
att,A553,A1468
att,A553,A1508
att,A553,A1278
att,A553,A2335
att,A553,A1943
att,A553,A1055
att,A553,A1604
att,A553,A1443
att,A553,A2300
att,A553,A770
att,A553,A2431
att,A553,A1555
att,A553,A758
att,A553,A1370
att,A553,A2172
att,A553,A1694
att,A554,A1532
att,A554,A1362
att,A554,A38
att,A554,A715
att,A554,A1546
att,A554,A2429
att,A554,A1716
att,A554,A2413
att,A554,A2308
att,A554,A1610
att,A554,A375
att,A554,A2097
att,A554,A1749
att,A554,A53
att,A554,A775
att,A554,A1642
att,A554,A298
att,A554,A1378
att,A554,A1519
att,A554,A818
att,A554,A2003
att,A555,A1950
att,A555,A2407
att,A555,A1443
att,A555,A342
att,A555,A337
att,A555,A1933
att,A555,A1569
att,A555,A42
att,A555,A21
att,A555,A1766
att,A555,A1255
att,A555,A1972
att,A555,A2519
att,A555,A1427
att,A555,A381
att,A555,A2450
att,A555,A746
att,A555,A159
att,A555,A2535
att,A555,A209
att,A556,A178
att,A556,A1877
att,A556,A2589
att,A556,A1923
att,A556,A1103
att,A556,A1185
att,A556,A2657
att,A556,A1612
att,A556,A2248
att,A557,A1692
att,A557,A2657
att,A557,A1823
att,A557,A2280
att,A557,A2641
att,A557,A1658
att,A557,A105
att,A557,A2282
att,A557,A1050
att,A557,A1484
att,A557,A1253
att,A557,A2091
att,A557,A0
att,A557,A482
att,A557,A2337
att,A557,A331
att,A557,A2285
att,A557,A2031
att,A557,A679
att,A557,A1864
att,A558,A2655
att,A558,A1331
att,A558,A1890
att,A558,A1191
att,A558,A947
att,A558,A1662
att,A558,A1306
att,A558,A1539
att,A559,A989
att,A559,A2528
att,A559,A1749
att,A559,A2363
att,A559,A1509
att,A559,A775
att,A559,A1897
att,A559,A2124
att,A559,A521
att,A560,A800
att,A560,A2145
att,A560,A909
att,A560,A1318
att,A560,A761
att,A560,A955
att,A560,A361
att,A560,A219
att,A563,A1554
att,A563,A1305
att,A563,A741
att,A563,A497
att,A563,A2285
att,A563,A298
att,A563,A908
att,A563,A767
att,A563,A1874
att,A563,A1775
att,A563,A2416
att,A563,A850
att,A563,A1431
att,A563,A1993
att,A563,A1504
att,A563,A432
att,A571,A490
att,A571,A2324
att,A571,A1890
att,A571,A806
att,A571,A546
att,A571,A1716
att,A573,A1858
att,A573,A604
att,A573,A1619
att,A573,A2325
att,A573,A1933
att,A574,A2423
att,A574,A310
att,A574,A1134
att,A574,A1911
att,A578,A85
att,A578,A1304
att,A578,A1815
att,A578,A322
att,A578,A518
att,A578,A1621
att,A578,A1768
att,A578,A941
att,A578,A1970
att,A578,A48
att,A578,A533
att,A578,A1688
att,A578,A1369
att,A578,A380
att,A578,A2185
att,A578,A203
att,A578,A1549
att,A578,A1826
att,A578,A2370
att,A578,A1582
att,A578,A2290
att,A578,A1238
att,A578,A1808
att,A579,A1319
att,A579,A1444
att,A579,A2220
att,A579,A861
att,A579,A2275
att,A579,A2519
att,A579,A836
att,A579,A1194
att,A579,A858
att,A579,A1842
att,A579,A2438
att,A579,A251
att,A579,A270
att,A579,A871
att,A579,A340
att,A579,A70
att,A579,A1407
att,A579,A526
att,A580,A1720
att,A580,A2088
att,A580,A2453
att,A580,A153
att,A580,A1030
att,A580,A187
att,A580,A1990
att,A580,A2086
att,A580,A2257
att,A580,A803
att,A580,A143
att,A580,A1224
att,A580,A1950
att,A580,A458
att,A580,A381
att,A580,A2539
att,A580,A2306
att,A580,A422
att,A581,A287
att,A581,A379
att,A581,A2574
att,A581,A620
att,A581,A1412
att,A581,A2473
att,A581,A759
att,A581,A679
att,A581,A344
att,A581,A1510
att,A581,A1490
att,A581,A2584
att,A581,A1650
att,A581,A2007
att,A581,A2156
att,A581,A976
att,A581,A2537
att,A581,A183
att,A581,A2188
att,A581,A1223
att,A581,A176
att,A581,A2055
att,A581,A1813
att,A581,A586
att,A581,A368
att,A581,A128
att,A583,A1825
att,A583,A2677
att,A583,A1501
att,A583,A2239
att,A583,A2568
att,A583,A670
att,A583,A2251
att,A583,A2381
att,A583,A51
att,A583,A1489
att,A583,A81
att,A583,A71
att,A583,A1192
att,A583,A305
att,A583,A2289
att,A583,A2163
att,A583,A875
att,A583,A1307
att,A586,A929
att,A586,A2072
att,A586,A2582
att,A586,A1798
att,A586,A1644
att,A586,A2450
att,A586,A2369
att,A586,A232
att,A586,A1862
att,A586,A1109
att,A586,A2155
att,A586,A899
att,A586,A1228
att,A589,A2391
att,A589,A19
att,A589,A1247
att,A589,A1299
att,A589,A960
att,A589,A668
att,A589,A392
att,A589,A2679
att,A589,A1740
att,A589,A78
att,A589,A898
att,A589,A2007
att,A589,A2396
att,A589,A1923
att,A589,A1037
att,A589,A1533
att,A589,A1334
att,A589,A2443
att,A589,A592
att,A589,A1222
att,A589,A2294
att,A589,A1868
att,A590,A2491
att,A590,A2382
att,A590,A1466
att,A590,A2542
att,A590,A559
att,A590,A423
att,A590,A2378
att,A590,A2202
att,A590,A2533
att,A590,A1878
att,A590,A1761
att,A590,A609
att,A590,A963
att,A590,A883
att,A590,A2219
att,A590,A626
att,A590,A697
att,A590,A1409
att,A590,A1169
att,A591,A363
att,A591,A2692
att,A591,A302
att,A591,A2406
att,A591,A2496
att,A591,A1576
att,A591,A1976
att,A591,A1409
att,A591,A2344
att,A591,A368
att,A591,A2032
att,A591,A1556
att,A591,A2083
att,A591,A1676
att,A591,A58
att,A591,A2174
att,A591,A2286
att,A592,A161
att,A592,A2386
att,A592,A2668
att,A592,A2090
att,A592,A131
att,A592,A1969
att,A592,A576
att,A592,A2182
att,A592,A1192
att,A592,A2562
att,A592,A1869
att,A592,A2270
att,A595,A191
att,A595,A1584
att,A595,A1897
att,A595,A548
att,A595,A2420
att,A595,A940
att,A595,A606
att,A595,A1372
att,A595,A2327
att,A595,A1059
att,A595,A1350
att,A595,A2593
att,A595,A1169
att,A597,A2239
att,A597,A893
att,A597,A385
att,A597,A2468
att,A597,A1677
att,A597,A1818
att,A597,A607
att,A597,A2308
att,A597,A33
att,A597,A1384
att,A597,A435
att,A597,A2434
att,A597,A1360
att,A597,A1991
att,A597,A2130
att,A597,A875
att,A597,A2376
att,A597,A2507
att,A597,A2021
att,A599,A2249
att,A599,A1498
att,A599,A1834
att,A599,A1885
att,A599,A535
att,A599,A1314
att,A599,A907
att,A599,A1913
att,A599,A2381
att,A599,A1649
att,A599,A2402
att,A599,A388
att,A599,A2682
att,A602,A1333
att,A602,A1367
att,A602,A1188
att,A602,A1542
att,A602,A1764
att,A602,A614
att,A602,A1082
att,A602,A762
att,A602,A2233
att,A602,A1906
att,A602,A1310
att,A602,A2004
att,A603,A332
att,A603,A2259
att,A603,A1814
att,A603,A2397
att,A604,A106
att,A604,A1753
att,A604,A2515
att,A604,A1667
att,A604,A2441
att,A604,A2349
att,A604,A258
att,A604,A2072
att,A604,A2394
att,A604,A1978
att,A604,A2436
att,A604,A2333
att,A604,A1599
att,A606,A1522
att,A606,A2105
att,A606,A185
att,A606,A2459
att,A606,A2428
att,A606,A2570
att,A606,A313
att,A606,A525
att,A606,A926
att,A606,A2392
att,A606,A2683
att,A606,A261
att,A606,A1343
att,A606,A1771
att,A606,A2265
att,A606,A2010
att,A606,A2486
att,A606,A324
att,A606,A2057
att,A607,A118
att,A607,A1080
att,A607,A577
att,A607,A2125
att,A607,A2391
att,A607,A1621
att,A607,A1865
att,A607,A845
att,A607,A2178
att,A607,A2127
att,A607,A2408
att,A607,A1749
att,A607,A2058
att,A607,A349
att,A607,A1712
att,A608,A1223
att,A608,A570
att,A608,A2565
att,A608,A1127
att,A608,A2176
att,A608,A414
att,A608,A371
att,A608,A583
att,A608,A2382
att,A608,A427
att,A608,A194
att,A608,A1514
att,A608,A1993
att,A608,A564
att,A608,A259
att,A608,A2641
att,A608,A2621
att,A608,A309
att,A608,A2302
att,A608,A588
att,A608,A1273
att,A608,A1663
att,A608,A1521
att,A609,A80
att,A609,A2315
att,A609,A1088
att,A609,A243
att,A609,A1451
att,A609,A373
att,A609,A2538
att,A609,A74
att,A609,A1552
att,A609,A264
att,A609,A2134
att,A609,A671
att,A609,A1025
att,A609,A2283
att,A609,A2643
att,A609,A1218
att,A609,A1258
att,A609,A486
att,A609,A1409
att,A609,A90
att,A609,A743
att,A609,A2628
att,A610,A184
att,A610,A195
att,A610,A2677
att,A610,A1614
att,A610,A694
att,A610,A1685
att,A610,A2071
att,A615,A1434
att,A615,A1843
att,A615,A1726
att,A615,A2462
att,A615,A2586
att,A615,A1397
att,A615,A158
att,A619,A203
att,A619,A359
att,A619,A1135
att,A619,A1739
att,A619,A509
att,A619,A689
att,A619,A1119
att,A619,A2538
att,A619,A1530
att,A619,A2066
att,A619,A2673
att,A619,A60
att,A619,A1989
att,A619,A984
att,A619,A1914
att,A619,A2382
att,A619,A2613
att,A619,A883
att,A619,A302
att,A619,A837
att,A619,A2265
att,A619,A2083
att,A620,A282
att,A620,A149
att,A620,A329
att,A620,A1572
att,A623,A707
att,A623,A1410
att,A623,A404
att,A623,A2491
att,A623,A2660
att,A623,A1864
att,A623,A2243
att,A626,A2310
att,A626,A887
att,A626,A461
att,A626,A2577
att,A626,A924
att,A626,A1472
att,A626,A2492
att,A626,A2152
att,A626,A1625
att,A626,A1184
att,A626,A798
att,A626,A2684
att,A626,A979
att,A626,A645
att,A626,A862
att,A626,A789
att,A626,A783
att,A626,A773
att,A626,A165
att,A626,A2459
att,A626,A708
att,A627,A652
att,A627,A402
att,A627,A2434
att,A627,A930
att,A627,A41
att,A627,A2562
att,A627,A2327
att,A627,A36
att,A627,A1595
att,A627,A476
att,A627,A2458
att,A627,A237
att,A627,A2203
att,A627,A2170
att,A627,A2075
att,A627,A420
att,A627,A1206
att,A627,A945
att,A627,A902
att,A631,A1442
att,A633,A2441
att,A633,A615
att,A633,A593
att,A633,A2343
att,A633,A466
att,A633,A561
att,A633,A1987
att,A633,A230
att,A633,A1776
att,A633,A3
att,A633,A1150
att,A633,A2114
att,A633,A2327
att,A633,A2086
att,A634,A445
att,A634,A1451
att,A634,A65
att,A634,A1343
att,A634,A28
att,A634,A1555
att,A634,A871
att,A634,A2042
att,A634,A522
att,A634,A1009
att,A634,A2634
att,A634,A1452
att,A634,A432
att,A634,A2025
att,A634,A1471
att,A634,A2104
att,A634,A519
att,A634,A2308
att,A634,A564
att,A635,A1202
att,A635,A824
att,A635,A2388
att,A635,A1201
att,A635,A2551
att,A635,A785
att,A635,A914
att,A635,A2655
att,A635,A1987
att,A635,A2611
att,A635,A1340
att,A635,A960
att,A635,A1077
att,A635,A572
att,A635,A406
att,A635,A2331
att,A635,A2361
att,A635,A537
att,A635,A2414
att,A635,A2649
att,A635,A1844
att,A635,A2146
att,A635,A790
att,A635,A2162
att,A635,A2286
att,A636,A1704
att,A636,A502
att,A636,A1991
att,A636,A1942
att,A636,A1403
att,A636,A853
att,A636,A465
att,A636,A2115
att,A636,A2194
att,A636,A80
att,A636,A1472
att,A636,A719
att,A636,A792
att,A636,A86
att,A636,A456
att,A636,A391
att,A636,A789
att,A639,A1826
att,A639,A1118
att,A639,A90
att,A639,A2015
att,A639,A1463
att,A639,A442
att,A639,A359
att,A639,A234
att,A639,A2277
att,A641,A1350
att,A641,A73
att,A641,A1067
att,A641,A1263
att,A641,A569
att,A641,A995
att,A641,A261
att,A641,A878
att,A641,A1826
att,A641,A1960
att,A641,A2593
att,A641,A2214
att,A641,A621
att,A641,A2413
att,A641,A861
att,A641,A708
att,A641,A2536
att,A641,A1649
att,A641,A1664
att,A641,A483
att,A641,A855
att,A641,A1336
att,A641,A2538
att,A641,A2296
att,A641,A1375
att,A643,A86
att,A643,A1158
att,A643,A1519
att,A643,A1927
att,A643,A1873
att,A643,A1965
att,A643,A2098
att,A643,A222
att,A643,A249
att,A643,A130
att,A643,A776
att,A643,A1943
att,A643,A616
att,A643,A453
att,A643,A1616
att,A643,A1228
att,A644,A569
att,A644,A2339
att,A644,A1996
att,A644,A690
att,A644,A1957
att,A644,A756
att,A644,A1090
att,A644,A189
att,A644,A2039
att,A644,A2381
att,A644,A447
att,A644,A1375
att,A644,A582
att,A644,A1713
att,A646,A320
att,A646,A1635
att,A646,A2020
att,A646,A1896
att,A646,A2415
att,A646,A64
att,A646,A2623
att,A646,A2644
att,A646,A945
att,A646,A2230
att,A646,A2342
att,A646,A2124
att,A646,A909
att,A646,A1920
att,A646,A4
att,A646,A2169
att,A647,A2491
att,A647,A620
att,A647,A839
att,A647,A237
att,A647,A2414
att,A647,A787
att,A647,A848
att,A647,A1812
att,A647,A1618
att,A647,A1009
att,A647,A792
att,A647,A329
att,A647,A1472
att,A647,A2078
att,A647,A2086
att,A647,A1214
att,A647,A2341
att,A647,A1748
att,A647,A321
att,A647,A815
att,A647,A773
att,A647,A669
att,A647,A790
att,A647,A1443
att,A647,A538
att,A647,A468
att,A647,A5
att,A648,A945
att,A648,A678
att,A648,A272
att,A648,A358
att,A648,A839
att,A648,A2183
att,A648,A1530
att,A648,A1224
att,A648,A884
att,A648,A1386
att,A648,A2507
att,A648,A1303
att,A648,A2108
att,A648,A2113
att,A648,A808
att,A651,A1202
att,A651,A1453
att,A651,A2298
att,A651,A1657
att,A651,A1402
att,A651,A1101
att,A651,A1153
att,A652,A2199
att,A652,A1041
att,A652,A1084
att,A652,A483
att,A652,A293
att,A652,A1374
att,A652,A522
att,A652,A2120
att,A652,A2656
att,A652,A1891
att,A652,A2610
att,A652,A269
att,A652,A275
att,A652,A1503
att,A652,A1677
att,A652,A2154
att,A652,A14
att,A652,A1287
att,A652,A882
att,A652,A853
att,A652,A1110
att,A652,A1418
att,A652,A1358
att,A653,A529
att,A653,A2532
att,A653,A2328
att,A653,A652
att,A653,A430
att,A653,A816
att,A653,A159
att,A655,A268
att,A655,A1172
att,A655,A10
att,A655,A292
att,A655,A2399
att,A655,A1125
att,A655,A2066
att,A655,A637
att,A655,A8
att,A656,A650
att,A656,A1276
att,A656,A2311
att,A656,A1866
att,A656,A1514
att,A656,A517
att,A656,A984
att,A656,A2140
att,A656,A1727
att,A656,A1193
att,A662,A818
att,A662,A2652
att,A662,A2089
att,A663,A1915
att,A663,A177
att,A665,A1274
att,A665,A2363
att,A665,A140
att,A665,A369
att,A665,A2201
att,A665,A2484
att,A665,A695
att,A665,A2550
att,A665,A2092
att,A665,A2454
att,A665,A1668
att,A665,A703
att,A667,A1316
att,A667,A1305
att,A667,A323
att,A667,A2401
att,A667,A706
att,A667,A454
att,A667,A740
att,A667,A2295
att,A670,A644
att,A675,A1938
att,A675,A11
att,A675,A2340
att,A675,A1892
att,A675,A1020
att,A675,A184
att,A675,A1330
att,A675,A521
att,A675,A1779
att,A675,A2540
att,A675,A1376
att,A675,A459
att,A675,A27
att,A675,A1346
att,A675,A1296
att,A675,A1132
att,A675,A2296
att,A675,A649
att,A675,A366
att,A675,A364
att,A675,A59
att,A675,A1238
att,A675,A1873
att,A675,A1578
att,A678,A231
att,A678,A993
att,A678,A1001
att,A678,A1561
att,A678,A1620
att,A678,A364
att,A678,A1204
att,A678,A2191
att,A680,A1453
att,A680,A755
att,A680,A42
att,A680,A982
att,A680,A1937
att,A680,A1193
att,A680,A2198
att,A680,A489
att,A680,A1127
att,A680,A1430
att,A680,A643
att,A680,A1035
att,A680,A229
att,A680,A2017
att,A680,A901
att,A680,A2242
att,A680,A237
att,A680,A888
att,A680,A313
att,A680,A1901
att,A681,A2462
att,A681,A2519
att,A681,A839
att,A681,A1861
att,A681,A723
att,A681,A1876
att,A681,A1354
att,A682,A2253
att,A683,A2512
att,A683,A2605
att,A683,A582
att,A683,A315
att,A683,A929
att,A683,A916
att,A683,A331
att,A683,A1033
att,A683,A2376
att,A683,A1805
att,A683,A1838
att,A683,A351
att,A683,A1623
att,A683,A1889
att,A683,A1656
att,A683,A1965
att,A683,A124
att,A683,A490
att,A683,A1010
att,A683,A2420
att,A683,A2672
att,A683,A143
att,A683,A1862
att,A684,A2672
att,A687,A967
att,A687,A567
att,A687,A2370
att,A687,A2459
att,A687,A1039
att,A689,A1002
att,A689,A520
att,A689,A512
att,A689,A2672
att,A689,A1926
att,A689,A360
att,A689,A128
att,A689,A609
att,A689,A1196
att,A689,A1209
att,A689,A1037
att,A689,A2034
att,A689,A887
att,A689,A1312
att,A689,A2052
att,A689,A2349
att,A689,A1566
att,A691,A2544
att,A691,A508
att,A691,A25
att,A691,A1001
att,A691,A708
att,A691,A680
att,A691,A840
att,A691,A772
att,A691,A1143
att,A696,A1800
att,A696,A861
att,A696,A79
att,A696,A1766
att,A696,A251
att,A696,A757
att,A696,A88
att,A696,A2450
att,A696,A116
att,A696,A117
att,A696,A466
att,A696,A551
att,A696,A2190
att,A699,A2271
att,A699,A2036
att,A699,A113
att,A699,A1162
att,A699,A958
att,A699,A1851
att,A699,A229
att,A699,A1437
att,A699,A849
att,A700,A2058
att,A700,A406
att,A700,A2292
att,A700,A1754
att,A700,A1606
att,A700,A2053
att,A700,A2315
att,A700,A1461
att,A700,A1449
att,A700,A133
att,A700,A879
att,A700,A502
att,A700,A276
att,A700,A2019
att,A700,A265
att,A702,A1045
att,A702,A732
att,A702,A289
att,A702,A711
att,A702,A114
att,A702,A1546
att,A702,A2487
att,A702,A1455
att,A702,A1635
att,A702,A290
att,A702,A1551
att,A702,A1262
att,A702,A1376
att,A702,A2162
att,A702,A2670
att,A702,A2342
att,A703,A1760
att,A703,A1193
att,A703,A1959
att,A703,A2517
att,A703,A790
att,A704,A440
att,A704,A1007
att,A704,A89
att,A704,A1186
att,A704,A1153
att,A704,A390
att,A704,A2181
att,A704,A2017
att,A704,A867
att,A704,A1740
att,A704,A1538
att,A704,A174
att,A704,A1307
att,A704,A1229
att,A704,A2091
att,A704,A2219
att,A708,A663
att,A708,A1069
att,A708,A1790
att,A708,A1770
att,A708,A2003
att,A708,A1495
att,A708,A1646
att,A708,A105
att,A708,A1672
att,A708,A260
att,A708,A329
att,A708,A2590
att,A708,A1439
att,A708,A1457
att,A708,A1901
att,A708,A2409
att,A708,A1615
att,A708,A2682
att,A708,A1982
att,A708,A2325
att,A708,A2429
att,A712,A2338
att,A712,A1524
att,A712,A1877
att,A712,A638
att,A712,A899
att,A712,A1297
att,A712,A790
att,A712,A952
att,A712,A2640
att,A712,A1727
att,A712,A911
att,A712,A1692
att,A712,A224
att,A712,A1039
att,A712,A1011
att,A712,A1707
att,A712,A1133
att,A712,A714
att,A712,A1060
att,A712,A848
att,A712,A2459
att,A712,A1304
att,A712,A2195
att,A712,A2484
att,A713,A500
att,A713,A595
att,A713,A100
att,A713,A256
att,A713,A1898
att,A713,A38
att,A713,A2613
att,A713,A2033
att,A713,A2143
att,A713,A1835
att,A713,A1649
att,A713,A1375
att,A715,A2256
att,A715,A1121
att,A715,A2508
att,A715,A359
att,A715,A1516
att,A715,A2482
att,A715,A1639
att,A715,A1712
att,A715,A1623
att,A715,A524
att,A715,A1152
att,A715,A1670
att,A715,A231
att,A715,A336
att,A715,A2361
att,A715,A209
att,A717,A2212
att,A717,A2066
att,A717,A2145
att,A717,A1200
att,A720,A738
att,A720,A1486
att,A720,A1624
att,A720,A1663
att,A720,A1173
att,A720,A2673
att,A720,A1789
att,A720,A2524
att,A720,A145
att,A720,A1496
att,A720,A2559
att,A720,A1193
att,A720,A2038
att,A720,A263
att,A720,A1289
att,A720,A1350
att,A720,A289
att,A720,A887
att,A720,A1598
att,A720,A1674
att,A720,A423
att,A720,A1922
att,A720,A783
att,A720,A894
att,A720,A1334
att,A720,A1476
att,A720,A2286
att,A721,A2202
att,A721,A1314
att,A721,A1945
att,A721,A2514
att,A721,A2240
att,A721,A181
att,A721,A111
att,A721,A1508
att,A721,A1439
att,A721,A1435
att,A721,A932
att,A721,A1215
att,A721,A2197
att,A721,A401
att,A721,A2462
att,A721,A2295
att,A721,A75
att,A721,A2043
att,A721,A2535
att,A721,A1182
att,A721,A671
att,A721,A1429
att,A721,A1954
att,A721,A690
att,A721,A219
att,A724,A1187
att,A724,A634
att,A724,A1276
att,A724,A1003
att,A724,A1360
att,A724,A2640
att,A724,A2309
att,A724,A483
att,A726,A1715
att,A726,A1488
att,A729,A408
att,A729,A2076
att,A729,A312
att,A731,A2195
att,A731,A2294
att,A731,A453
att,A731,A1900
att,A731,A1033
att,A731,A2612
att,A731,A2624
att,A731,A1189
att,A731,A1263
att,A731,A2083
att,A731,A1615
att,A731,A1489
att,A731,A1632
att,A731,A2551
att,A731,A1740
att,A731,A429
att,A731,A1835
att,A731,A841
att,A733,A787
att,A733,A2567
att,A733,A1255
att,A733,A2133
att,A733,A1683
att,A733,A2036
att,A733,A2022
att,A733,A713
att,A733,A2124
att,A733,A262
att,A733,A635
att,A733,A2145
att,A733,A1852
att,A733,A165
att,A733,A1077
att,A733,A1643
att,A733,A1272
att,A733,A2440
att,A733,A1649
att,A733,A1180
att,A733,A87
att,A733,A868
att,A733,A1506
att,A733,A2602
att,A733,A2179
att,A733,A393
att,A733,A721
att,A733,A1994
att,A733,A1189
att,A735,A363
att,A735,A138
att,A735,A2084
att,A735,A2154
att,A735,A1371
att,A735,A2429
att,A735,A1433
att,A735,A116
att,A735,A1284
att,A735,A545
att,A735,A74
att,A735,A1194
att,A735,A1304
att,A735,A278
att,A735,A377
att,A740,A2659
att,A740,A2110
att,A740,A263
att,A740,A1779
att,A740,A621
att,A740,A2379
att,A740,A1811
att,A740,A2586
att,A740,A1045
att,A741,A1891
att,A741,A430
att,A741,A429
att,A741,A1304
att,A741,A1255
att,A741,A42
att,A741,A1293
att,A741,A1427
att,A741,A2187
att,A741,A2652
att,A741,A2136
att,A741,A497
att,A741,A1282
att,A741,A461
att,A741,A1925
att,A741,A268
att,A741,A410
att,A741,A561
att,A741,A1898
att,A741,A420
att,A741,A1892
att,A741,A2042
att,A743,A1769
att,A743,A327
att,A743,A1581
att,A743,A1173
att,A743,A1600
att,A743,A1793
att,A743,A1543
att,A743,A2602
att,A743,A1719
att,A743,A1665
att,A743,A901
att,A743,A459
att,A743,A2601
att,A743,A590
att,A743,A2165
att,A743,A2544
att,A743,A2285
att,A743,A2438
att,A743,A1054
att,A743,A1821
att,A743,A2362
att,A743,A1967
att,A743,A2119
att,A743,A1625
att,A743,A429
att,A745,A2365
att,A745,A865
att,A745,A942
att,A745,A1736
att,A745,A860
att,A745,A867
att,A745,A2633
att,A745,A1547
att,A745,A2641
att,A745,A29
att,A745,A260
att,A745,A1726
att,A745,A1721
att,A745,A284
att,A745,A2525
att,A745,A593
att,A745,A1460
att,A748,A1612
att,A748,A2364
att,A748,A775
att,A748,A1588
att,A748,A1423
att,A748,A4
att,A748,A1513
att,A748,A932
att,A748,A1924
att,A748,A1401
att,A749,A1562
att,A749,A1708
att,A749,A1203
att,A749,A553
att,A749,A1031
att,A749,A2487
att,A749,A2028
att,A749,A2636
att,A749,A713
att,A749,A1246
att,A749,A2598
att,A749,A689
att,A749,A2019
att,A750,A392
att,A750,A230
att,A750,A843
att,A750,A348
att,A750,A1117
att,A750,A2447
att,A750,A524
att,A750,A90
att,A750,A2330
att,A750,A2623
att,A751,A2149
att,A751,A196
att,A751,A941
att,A751,A1712
att,A751,A1767
att,A751,A401
att,A751,A1553
att,A751,A1209
att,A751,A2367
att,A751,A2684
att,A751,A383
att,A751,A2044
att,A752,A97
att,A752,A245
att,A752,A1765
att,A752,A2345
att,A752,A840
att,A752,A713
att,A752,A2679
att,A752,A878
att,A752,A1651
att,A752,A2317
att,A752,A1478
att,A752,A1041
att,A752,A625
att,A752,A1636
att,A752,A2244
att,A752,A2145
att,A752,A1718
att,A752,A2558
att,A752,A1575
att,A756,A2571
att,A756,A43
att,A756,A1350
att,A756,A1552
att,A756,A1449
att,A756,A785
att,A756,A755
att,A756,A210
att,A756,A141
att,A756,A795
att,A756,A1246
att,A756,A2503
att,A757,A1714
att,A757,A1603
att,A757,A354
att,A757,A1103
att,A757,A1354
att,A757,A1305
att,A757,A1513
att,A757,A2353
att,A757,A1038
att,A758,A1078
att,A758,A929
att,A758,A2410
att,A758,A1809
att,A758,A1023
att,A758,A632
att,A758,A2512
att,A758,A2487
att,A758,A2438
att,A758,A2162
att,A758,A2673
att,A758,A1516
att,A758,A1602
att,A758,A2392
att,A758,A717
att,A758,A2565
att,A758,A414
att,A758,A1443
att,A758,A1375
att,A758,A166
att,A760,A2040
att,A760,A538
att,A760,A137
att,A762,A1005
att,A762,A817
att,A762,A2123
att,A762,A1684
att,A762,A789
att,A762,A236
att,A762,A65
att,A762,A931
att,A762,A882
att,A762,A2637
att,A762,A978
att,A762,A2651
att,A762,A390
att,A762,A499
att,A762,A1781
att,A762,A122
att,A762,A2241
att,A763,A2269
att,A763,A1924
att,A763,A190
att,A763,A403
att,A763,A1833
att,A763,A2148
att,A763,A484
att,A763,A427
att,A763,A1461
att,A763,A1089
att,A763,A23
att,A763,A1692
att,A763,A1071
att,A763,A1936
att,A763,A1888
att,A764,A863
att,A764,A907
att,A764,A254
att,A764,A1328
att,A764,A899
att,A765,A2048
att,A765,A147
att,A765,A1175
att,A765,A397
att,A765,A2508
att,A765,A1795
att,A765,A2138
att,A765,A714
att,A765,A704
att,A765,A287
att,A766,A1006
att,A766,A747
att,A766,A2615
att,A766,A1843
att,A766,A2003
att,A766,A1072
att,A766,A1140
att,A766,A492
att,A766,A1950
att,A766,A1217
att,A766,A1228
att,A766,A1912
att,A766,A1621
att,A766,A1044
att,A766,A152
att,A766,A265
att,A766,A592
att,A766,A423
att,A767,A1258
att,A767,A708
att,A767,A2099
att,A767,A335
att,A767,A579
att,A768,A2219
att,A768,A1149
att,A768,A1607
att,A768,A2193
att,A768,A2010
att,A768,A2408
att,A768,A2188
att,A768,A2365
att,A768,A1160
att,A768,A1801
att,A768,A1705
att,A768,A299
att,A768,A1573
att,A768,A2362
att,A768,A2192
att,A768,A1046
att,A769,A2413
att,A769,A642
att,A769,A89
att,A769,A681
att,A769,A1749
att,A769,A2322
att,A769,A1356
att,A769,A246
att,A769,A2173
att,A770,A1893
att,A770,A1099
att,A770,A2093
att,A770,A1482
att,A770,A1749
att,A770,A1312
att,A770,A696
att,A770,A2165
att,A771,A2489
att,A771,A2016
att,A771,A2043
att,A771,A1364
att,A771,A2081
att,A771,A2434
att,A771,A236
att,A771,A8
att,A771,A46
att,A771,A1930
att,A771,A1834
att,A771,A245
att,A771,A2314
att,A771,A2531
att,A771,A656
att,A771,A2450
att,A771,A26
att,A771,A1733
att,A777,A219
att,A777,A313
att,A777,A1210
att,A777,A1006
att,A777,A1172
att,A777,A1076
att,A777,A790
att,A777,A462
att,A777,A1115
att,A777,A192
att,A777,A30
att,A777,A1443
att,A777,A893
att,A777,A1118
att,A777,A171
att,A777,A794
att,A777,A2072
att,A777,A2348
att,A777,A1469
att,A777,A916
att,A779,A2428
att,A779,A2646
att,A779,A2412
att,A779,A2197
att,A779,A1764
att,A779,A2235
att,A779,A1302
att,A779,A505
att,A780,A2637
att,A780,A1341
att,A780,A1156
att,A780,A486
att,A780,A2030
att,A780,A701
att,A780,A2225
att,A780,A23
att,A780,A904
att,A781,A728
att,A781,A1633
att,A781,A1686
att,A781,A776
att,A781,A2550
att,A781,A915
att,A781,A911
att,A781,A1616
att,A781,A542
att,A781,A434
att,A781,A913
att,A781,A1628
att,A783,A1120
att,A783,A1757
att,A783,A263
att,A783,A2079
att,A783,A1955
att,A783,A660
att,A783,A2038
att,A783,A894
att,A783,A1081
att,A783,A876
att,A783,A47
att,A783,A1190
att,A783,A820
att,A783,A140
att,A785,A446
att,A785,A1145
att,A785,A668
att,A785,A1777
att,A785,A545
att,A785,A2623
att,A785,A37
att,A785,A2365
att,A785,A317
att,A785,A2452
att,A785,A1132
att,A785,A315
att,A785,A2140
att,A785,A1617
att,A785,A469
att,A794,A2654
att,A794,A1357
att,A794,A1462
att,A796,A705
att,A796,A2077
att,A796,A2469
att,A796,A34
att,A796,A2301
att,A797,A2660
att,A797,A1883
att,A797,A918
att,A797,A1704
att,A797,A324
att,A797,A153
att,A797,A1511
att,A797,A466
att,A797,A113
att,A797,A1548
att,A797,A699
att,A797,A387
att,A797,A2454
att,A797,A1403
att,A797,A2252
att,A797,A1887
att,A797,A126
att,A797,A2366
att,A797,A2520
att,A797,A866
att,A797,A30
att,A797,A193
att,A797,A1689
att,A797,A1495
att,A797,A2117
att,A797,A1047
att,A797,A1872
att,A798,A250
att,A798,A1181
att,A798,A1747
att,A798,A550
att,A798,A366
att,A798,A2641
att,A798,A2034
att,A798,A684
att,A798,A2587
att,A798,A19
att,A798,A1314
att,A798,A1440
att,A798,A2474
att,A798,A807
att,A798,A1760
att,A798,A2623
att,A798,A1399
att,A798,A2495
att,A798,A2583
att,A798,A1213
att,A798,A1450
att,A803,A660
att,A803,A1774
att,A803,A2634
att,A803,A376
att,A803,A344
att,A803,A314
att,A803,A1116
att,A804,A730
att,A804,A1098
att,A805,A1221
att,A805,A2559
att,A805,A2358
att,A805,A1903
att,A805,A1720
att,A805,A219
att,A805,A310
att,A805,A1915
att,A805,A2520
att,A805,A1724
att,A806,A1461
att,A806,A516
att,A806,A242
att,A806,A1580
att,A806,A1028
att,A806,A2239
att,A806,A1239
att,A806,A1014
att,A806,A1034
att,A810,A354
att,A810,A1211
att,A810,A2121
att,A810,A1244
att,A810,A331
att,A810,A1008
att,A810,A2438
att,A810,A1241
att,A810,A2646
att,A810,A2311
att,A812,A1825
att,A812,A1315
att,A812,A1303
att,A812,A2577
att,A812,A2079
att,A812,A740
att,A812,A956
att,A812,A2032
att,A812,A347
att,A812,A1295
att,A812,A485
att,A812,A2647
att,A816,A827
att,A816,A2639
att,A816,A419
att,A816,A2239
att,A816,A1971
att,A816,A2315
att,A816,A1335
att,A816,A1725
att,A816,A1025
att,A816,A2244
att,A816,A365
att,A816,A1140
att,A816,A2225
att,A816,A208
att,A816,A2590
att,A817,A1660
att,A817,A1869
att,A818,A232
att,A818,A935
att,A818,A2209
att,A818,A233
att,A818,A2565
att,A818,A349
att,A818,A855
att,A818,A1753
att,A818,A1121
att,A818,A1342
att,A818,A1929
att,A818,A2196
att,A818,A694
att,A818,A1407
att,A818,A83
att,A818,A2036
att,A818,A784
att,A818,A663
att,A818,A1395
att,A818,A365
att,A818,A2443
att,A818,A2259
att,A818,A292
att,A818,A2092
att,A818,A746
att,A820,A744
att,A820,A347
att,A820,A2383
att,A820,A33
att,A820,A1950
att,A820,A734
att,A820,A2042
att,A820,A1240
att,A820,A822
att,A820,A963
att,A820,A541
att,A820,A2607
att,A820,A1308
att,A820,A1544
att,A820,A1526
att,A820,A2256
att,A820,A92
att,A820,A2472
att,A820,A815
att,A820,A2281
att,A820,A1957
att,A820,A2626
att,A823,A2142
att,A823,A1320
att,A823,A1926
att,A823,A2608
att,A823,A1478
att,A823,A1417
att,A823,A1155
att,A823,A1209
att,A823,A634
att,A823,A1198
att,A823,A230
att,A823,A774
att,A823,A1465
att,A823,A1844
att,A823,A1368
att,A823,A373
att,A823,A1856
att,A823,A1559
att,A823,A1103
att,A823,A697
att,A823,A1737
att,A823,A1243
att,A823,A1942
att,A823,A889
att,A823,A1536
att,A823,A218
att,A823,A2440
att,A823,A1196
att,A823,A997
att,A825,A2460
att,A825,A2007
att,A825,A1734
att,A825,A2365
att,A825,A2457
att,A825,A1344
att,A825,A916
att,A826,A85
att,A826,A165
att,A826,A1353
att,A826,A2001
att,A826,A294
att,A826,A571
att,A826,A1236
att,A826,A1891
att,A826,A1440
att,A826,A811
att,A826,A1650
att,A826,A1597
att,A826,A2460
att,A826,A254
att,A826,A76
att,A826,A111
att,A826,A1262
att,A826,A2200
att,A826,A1528
att,A826,A584
att,A838,A2692
att,A838,A2246
att,A838,A1428
att,A838,A1433
att,A838,A2453
att,A838,A16
att,A838,A542
att,A838,A1699
att,A838,A965
att,A838,A734
att,A838,A1889
att,A839,A1650
att,A839,A1510
att,A839,A2417
att,A839,A734
att,A839,A727
att,A839,A654
att,A839,A2123
att,A839,A379
att,A839,A740
att,A839,A1531
att,A839,A1950
att,A839,A187
att,A839,A1623
att,A839,A1713
att,A839,A117
att,A839,A26
att,A839,A1491
att,A839,A1980
att,A839,A221
att,A839,A823
att,A839,A2254
att,A839,A932
att,A839,A887
att,A839,A1234
att,A839,A812
att,A841,A1255
att,A841,A1884
att,A841,A541
att,A841,A861
att,A841,A890
att,A841,A2650
att,A841,A1475
att,A841,A251
att,A841,A2349
att,A841,A246
att,A841,A2099
att,A841,A1207
att,A841,A1124
att,A841,A2000
att,A841,A68
att,A841,A925
att,A841,A16
att,A841,A2028
att,A841,A1260
att,A841,A826
att,A841,A234
att,A841,A515
att,A841,A376
att,A841,A1233
att,A841,A2419
att,A841,A341
att,A841,A1016
att,A844,A1126
att,A844,A1213
att,A844,A491
att,A844,A1285
att,A844,A2097
att,A844,A924
att,A844,A2659
att,A844,A1812
att,A844,A1292
att,A844,A2495
att,A845,A885
att,A845,A1058
att,A845,A1063
att,A845,A2647
att,A845,A1610
att,A845,A1522
att,A845,A644
att,A845,A853
att,A845,A1695
att,A845,A1253
att,A845,A98
att,A845,A465
att,A845,A2468
att,A845,A1878
att,A845,A95
att,A845,A1900
att,A845,A685
att,A845,A2002
att,A845,A1717
att,A846,A1440
att,A846,A1661
att,A846,A866
att,A846,A73
att,A846,A1071
att,A846,A2593
att,A846,A512
att,A846,A77
att,A846,A1336
att,A846,A1538
att,A846,A1397
att,A846,A2406
att,A846,A116
att,A846,A113
att,A846,A1125
att,A846,A1365
att,A846,A622
att,A849,A1500
att,A849,A1924
att,A849,A1736
att,A849,A1330
att,A849,A1195
att,A849,A2673
att,A849,A864
att,A849,A2362
att,A849,A34
att,A849,A1655
att,A849,A713
att,A849,A2053
att,A849,A2122
att,A849,A236
att,A849,A2111
att,A849,A159
att,A849,A2011
att,A849,A1792
att,A851,A182
att,A851,A278
att,A851,A487
att,A851,A141
att,A851,A555
att,A851,A1184
att,A851,A1764
att,A851,A1324
att,A851,A963
att,A851,A501
att,A851,A1901
att,A851,A1910
att,A851,A1670
att,A851,A2285
att,A851,A1951
att,A851,A397
att,A852,A1605
att,A852,A2227
att,A852,A1011
att,A852,A776
att,A852,A2004
att,A852,A1274
att,A854,A2329
att,A854,A2566
att,A854,A772
att,A854,A1017
att,A854,A58
att,A854,A2682
att,A854,A2428
att,A854,A1027
att,A854,A846
att,A858,A2680
att,A858,A1148
att,A858,A1736
att,A858,A1234
att,A858,A912
att,A858,A2106
att,A858,A964
att,A858,A2649
att,A858,A1171
att,A858,A564
att,A858,A2438
att,A858,A2337
att,A858,A1476
att,A858,A1503
att,A858,A832
att,A858,A743
att,A858,A1441
att,A858,A1550
att,A858,A133
att,A858,A1275
att,A858,A365
att,A858,A1559
att,A858,A2066
att,A858,A2219
att,A861,A302
att,A861,A34
att,A861,A447
att,A861,A100
att,A861,A1391
att,A861,A1891
att,A861,A782
att,A861,A839
att,A861,A2150
att,A861,A80
att,A861,A2673
att,A861,A2015
att,A861,A974
att,A861,A2521
att,A862,A2297
att,A862,A941
att,A862,A2337
att,A862,A703
att,A862,A2546
att,A862,A1722
att,A862,A318
att,A862,A888
att,A862,A1430
att,A862,A44
att,A862,A731
att,A863,A2136
att,A863,A1207
att,A863,A559
att,A863,A1676
att,A863,A153
att,A863,A2672
att,A863,A2352
att,A863,A709
att,A863,A963
att,A863,A1073
att,A863,A487
att,A863,A389
att,A863,A911
att,A865,A1102
att,A865,A936
att,A865,A239
att,A865,A2664
att,A865,A1275
att,A865,A589
att,A865,A1861
att,A865,A1874
att,A865,A2518
att,A865,A885
att,A865,A1432
att,A865,A2577
att,A866,A408
att,A866,A1202
att,A866,A2555
att,A872,A1247
att,A874,A826
att,A874,A1325
att,A874,A612
att,A874,A2673
att,A874,A862
att,A874,A2587
att,A874,A1853
att,A874,A646
att,A874,A1518
att,A874,A300
att,A874,A895
att,A874,A2212
att,A874,A1349
att,A874,A1808
att,A874,A2652
att,A874,A1725
att,A876,A2648
att,A876,A1992
att,A876,A1106
att,A876,A855
att,A876,A2359
att,A876,A1001
att,A876,A656
att,A876,A752
att,A876,A194
att,A876,A2597
att,A876,A946
att,A876,A1624
att,A876,A1360
att,A876,A794
att,A876,A43
att,A876,A529
att,A876,A1868
att,A876,A1984
att,A877,A650
att,A877,A48
att,A877,A1868
att,A877,A1155
att,A877,A1769
att,A877,A570
att,A877,A500
att,A877,A289
att,A877,A308
att,A877,A584
att,A877,A585
att,A877,A184
att,A877,A2639
att,A877,A673
att,A877,A671
att,A877,A1641
att,A877,A551
att,A879,A2419
att,A879,A795
att,A879,A892
att,A879,A2554
att,A879,A1785
att,A879,A1290
att,A879,A2222
att,A879,A339
att,A879,A301
att,A879,A824
att,A879,A1022
att,A879,A567
att,A879,A976
att,A879,A1201
att,A879,A1905
att,A879,A542
att,A881,A1839
att,A881,A603
att,A881,A1135
att,A881,A710
att,A881,A715
att,A881,A1992
att,A881,A2538
att,A881,A856
att,A881,A1159
att,A881,A1754
att,A881,A478
att,A881,A63
att,A881,A2471
att,A881,A2510
att,A881,A1757
att,A881,A21
att,A881,A1223
att,A881,A160
att,A881,A1948
att,A881,A1126
att,A881,A1700
att,A881,A2461
att,A881,A1367
att,A881,A1419
att,A881,A150
att,A881,A1210
att,A881,A1484
att,A881,A2122
att,A881,A1416
att,A882,A1568
att,A882,A2033
att,A882,A932
att,A882,A1563
att,A882,A1794
att,A882,A2354
att,A882,A667
att,A882,A665
att,A882,A1090
att,A882,A693
att,A882,A57
att,A882,A824
att,A882,A909
att,A882,A2165
att,A882,A1513
att,A882,A1909
att,A882,A240
att,A882,A1512
att,A883,A1303
att,A883,A1258
att,A883,A875
att,A883,A156
att,A883,A483
att,A883,A107
att,A884,A2584
att,A884,A722
att,A884,A1444
att,A884,A2407
att,A884,A2484
att,A884,A763
att,A884,A647
att,A884,A1441
att,A884,A1677
att,A884,A1478
att,A884,A896
att,A884,A2007
att,A884,A591
att,A884,A1207
att,A885,A1935
att,A885,A2349
att,A885,A903
att,A885,A1872
att,A885,A393
att,A885,A2347
att,A885,A485
att,A885,A1355
att,A885,A696
att,A885,A975
att,A885,A1673
att,A888,A1032
att,A888,A516
att,A888,A2352
att,A888,A2196
att,A889,A718
att,A889,A63
att,A890,A873
att,A890,A1089
att,A890,A1436
att,A890,A1321
att,A890,A380
att,A890,A1449
att,A890,A526
att,A890,A378
att,A890,A1664
att,A890,A658
att,A890,A2576
att,A890,A1653
att,A890,A2268
att,A890,A962
att,A890,A473
att,A890,A991
att,A890,A585
att,A890,A224
att,A890,A2062
att,A891,A1906
att,A891,A1916
att,A891,A339
att,A891,A676
att,A891,A1676
att,A891,A795
att,A891,A671
att,A891,A1849
att,A891,A1764
att,A891,A2042
att,A891,A1543
att,A892,A1267
att,A892,A1064
att,A892,A635
att,A892,A896
att,A892,A1362
att,A892,A1911
att,A892,A989
att,A892,A2297
att,A892,A453
att,A892,A1651
att,A892,A1847
att,A892,A2399
att,A892,A854
att,A892,A1200
att,A892,A1131
att,A892,A1120
att,A892,A1857
att,A892,A59
att,A892,A1948
att,A892,A2083
att,A892,A1397
att,A892,A1284
att,A892,A2221
att,A893,A1213
att,A893,A2221
att,A893,A989
att,A893,A2408
att,A893,A2144
att,A893,A367
att,A893,A1656
att,A893,A1195
att,A893,A2446
att,A893,A1153
att,A893,A275
att,A893,A98
att,A893,A1129
att,A893,A2427
att,A893,A1630
att,A893,A1412
att,A893,A792
att,A893,A2233
att,A893,A2612
att,A893,A2409
att,A893,A75
att,A893,A1034
att,A893,A2323
att,A893,A1971
att,A893,A976
att,A894,A1244
att,A894,A2294
att,A894,A666
att,A894,A852
att,A894,A2538
att,A894,A983
att,A894,A697
att,A894,A2384
att,A896,A581
att,A896,A1888
att,A896,A229
att,A896,A2145
att,A896,A1999
att,A896,A429
att,A896,A1794
att,A896,A745
att,A896,A1701
att,A896,A1471
att,A896,A2697
att,A896,A876
att,A896,A703
att,A896,A2601
att,A896,A826
att,A896,A1880
att,A896,A1610
att,A896,A2670
att,A896,A1521
att,A896,A2540
att,A896,A1389
att,A896,A1574
att,A896,A1305
att,A896,A1684
att,A896,A2196
att,A896,A1685
att,A896,A1432
att,A896,A1711
att,A896,A860
att,A896,A1138
att,A897,A957
att,A897,A230
att,A897,A1186
att,A897,A1150
att,A898,A760
att,A898,A1674
att,A900,A800
att,A900,A285
att,A900,A328
att,A900,A1870
att,A900,A1798
att,A900,A1703
att,A902,A2022
att,A902,A343
att,A902,A2085
att,A902,A2259
att,A902,A757
att,A902,A1474
att,A902,A416
att,A902,A1392
att,A902,A2261
att,A903,A2118
att,A903,A1508
att,A903,A1204
att,A903,A977
att,A903,A1474
att,A903,A343
att,A903,A1539
att,A903,A801
att,A903,A1664
att,A903,A2384
att,A903,A788
att,A903,A1826
att,A903,A156
att,A903,A381
att,A903,A1607
att,A903,A439
att,A903,A339
att,A903,A2431
att,A903,A318
att,A903,A1709
att,A903,A835
att,A904,A1240
att,A904,A553
att,A904,A2497
att,A904,A264
att,A904,A1458
att,A904,A2351
att,A904,A17
att,A904,A429
att,A904,A2330
att,A904,A687
att,A904,A1800
att,A904,A557
att,A904,A1352
att,A904,A112
att,A904,A1703
att,A904,A2332
att,A904,A1518
att,A904,A1749
att,A904,A1203
att,A904,A97
att,A904,A1063
att,A904,A229
att,A904,A256
att,A905,A1547
att,A905,A777
att,A905,A1832
att,A905,A2456
att,A905,A2051
att,A905,A1736
att,A905,A2473
att,A905,A2266
att,A905,A460
att,A905,A2457
att,A906,A2240
att,A906,A2256
att,A906,A1793
att,A906,A948
att,A906,A1967
att,A906,A1567
att,A906,A2490
att,A906,A2073
att,A906,A747
att,A906,A30
att,A906,A1468
att,A906,A1266
att,A906,A1706
att,A906,A186
att,A906,A380
att,A906,A2024
att,A907,A360
att,A907,A1558
att,A907,A1390
att,A907,A2361
att,A907,A392
att,A908,A1550
att,A908,A1559
att,A908,A1435
att,A908,A1114
att,A908,A1838
att,A908,A981
att,A910,A2163
att,A910,A1651
att,A910,A1979
att,A910,A1497
att,A910,A855
att,A910,A2348
att,A910,A837
att,A910,A2180
att,A910,A264
att,A910,A142
att,A910,A696
att,A910,A13
att,A910,A1830
att,A910,A2453
att,A910,A2695
att,A910,A1125
att,A910,A2148
att,A910,A1377
att,A910,A1665
att,A910,A1647
att,A910,A1524
att,A912,A2598
att,A912,A1079
att,A912,A88
att,A912,A2013
att,A912,A2075
att,A912,A459
att,A912,A1178
att,A912,A944
att,A912,A996
att,A912,A2145
att,A912,A617
att,A912,A497
att,A912,A38
att,A912,A1621
att,A912,A1758
att,A912,A1552
att,A912,A22
att,A913,A1618
att,A913,A1145
att,A913,A712
att,A913,A732
att,A913,A1896
att,A913,A696
att,A913,A1895
att,A913,A2464
att,A913,A851
att,A913,A1778
att,A913,A2075
att,A913,A908
att,A913,A832
att,A913,A1101
att,A913,A735
att,A915,A968
att,A915,A2341
att,A915,A1612
att,A915,A1961
att,A915,A2069
att,A915,A14
att,A915,A1203
att,A915,A949
att,A915,A2548
att,A915,A259
att,A915,A2643
att,A915,A2412
att,A915,A1740
att,A915,A978
att,A915,A1877
att,A915,A433
att,A915,A335
att,A915,A2425
att,A915,A407
att,A915,A468
att,A916,A46
att,A916,A2567
att,A916,A1857
att,A916,A593
att,A916,A10
att,A916,A1509
att,A916,A1289
att,A916,A1832
att,A916,A1178
att,A916,A13
att,A916,A2059
att,A916,A65
att,A916,A2400
att,A916,A2118
att,A916,A1384
att,A916,A2447
att,A916,A2438
att,A916,A1528
att,A916,A2024
att,A916,A1280
att,A916,A1652
att,A916,A1309
att,A917,A911
att,A917,A1844
att,A917,A403
att,A917,A213
att,A917,A2620
att,A917,A787
att,A917,A452
att,A917,A1145
att,A917,A357
att,A917,A1343
att,A917,A1464
att,A917,A2060
att,A917,A2286
att,A917,A2355
att,A917,A199
att,A919,A725
att,A919,A575
att,A919,A1527
att,A919,A2308
att,A919,A1931
att,A919,A2039
att,A919,A2164
att,A919,A618
att,A919,A2208
att,A919,A1424
att,A919,A1544
att,A919,A2378
att,A919,A248
att,A919,A2362
att,A919,A293
att,A919,A1546
att,A920,A2307
att,A920,A253
att,A920,A1619
att,A920,A1881
att,A920,A1821
att,A920,A1912
att,A920,A2305
att,A920,A2202
att,A920,A1261
att,A920,A2076
att,A920,A2013
att,A920,A1971
att,A920,A1070
att,A920,A470
att,A920,A2047
att,A920,A776
att,A920,A1927
att,A920,A1579
att,A920,A2041
att,A921,A1863
att,A921,A1278
att,A921,A1851
att,A921,A2632
att,A921,A2536
att,A921,A281
att,A921,A1431
att,A921,A1372
att,A921,A447
att,A921,A2498
att,A921,A2500
att,A921,A1349
att,A921,A1056
att,A921,A1159
att,A921,A636
att,A921,A2231
att,A923,A882
att,A923,A730
att,A923,A53
att,A923,A805
att,A923,A2418
att,A923,A1593
att,A923,A888
att,A923,A451
att,A923,A1965
att,A923,A274
att,A923,A266
att,A927,A588
att,A927,A1519
att,A927,A2183
att,A927,A2166
att,A927,A1432
att,A927,A201
att,A927,A2091
att,A927,A1952
att,A927,A870
att,A927,A1172
att,A927,A665
att,A927,A2332
att,A927,A2381
att,A927,A2433
att,A927,A1798
att,A927,A1177
att,A927,A2578
att,A927,A265
att,A929,A874
att,A929,A2447
att,A929,A2306
att,A929,A1094
att,A929,A548
att,A929,A772
att,A929,A2304
att,A929,A1759
att,A929,A1263
att,A929,A889
att,A929,A1919
att,A929,A1316
att,A929,A1550
att,A929,A839
att,A929,A2118
att,A929,A2482
att,A929,A1412
att,A929,A1473
att,A930,A2686
att,A934,A1212
att,A934,A1225
att,A934,A398
att,A934,A1817
att,A934,A676
att,A934,A1730
att,A934,A2473
att,A934,A1891
att,A934,A561
att,A934,A113
att,A934,A1215
att,A934,A2244
att,A934,A778
att,A934,A1353
att,A934,A2520
att,A934,A1181
att,A934,A2325
att,A934,A271
att,A936,A2047
att,A936,A2046
att,A936,A2255
att,A936,A780
att,A936,A934
att,A936,A92
att,A936,A2139
att,A936,A2386
att,A936,A32
att,A936,A1181
att,A936,A1076
att,A938,A2496
att,A938,A970
att,A938,A496
att,A938,A2213
att,A938,A1602
att,A938,A2684
att,A938,A1585
att,A938,A1778
att,A938,A646
att,A938,A239
att,A938,A1297
att,A938,A2667
att,A938,A1169
att,A938,A887
att,A938,A2101
att,A938,A855
att,A938,A2328
att,A938,A2653
att,A938,A309
att,A938,A1774
att,A938,A766
att,A938,A2195
att,A939,A1283
att,A939,A2614
att,A939,A504
att,A939,A870
att,A939,A869
att,A939,A292
att,A939,A1979
att,A939,A513
att,A939,A1577
att,A939,A96
att,A939,A873
att,A939,A2589
att,A939,A418
att,A939,A704
att,A939,A1816
att,A939,A2188
att,A939,A1981
att,A939,A2647
att,A939,A335
att,A939,A799
att,A939,A1274
att,A939,A1034
att,A939,A694
att,A939,A2245
att,A939,A2462
att,A939,A655
att,A939,A201
att,A940,A1882
att,A940,A154
att,A941,A967
att,A941,A216
att,A942,A1567
att,A942,A419
att,A942,A1775
att,A942,A1859
att,A942,A887
att,A942,A690
att,A942,A422
att,A942,A175
att,A942,A2578
att,A942,A1869
att,A942,A2126
att,A942,A597
att,A942,A2484
att,A942,A905
att,A942,A90
att,A942,A337
att,A942,A2557
att,A942,A957
att,A942,A1396
att,A949,A1761
att,A949,A845
att,A949,A1336
att,A949,A2522
att,A949,A435
att,A949,A454
att,A949,A1123
att,A949,A1710
att,A949,A509
att,A949,A2219
att,A949,A1400
att,A949,A971
att,A949,A674
att,A949,A1739
att,A949,A1215
att,A949,A1324
att,A949,A744
att,A949,A2112
att,A951,A183
att,A951,A865
att,A951,A403
att,A951,A2619
att,A951,A2552
att,A951,A200
att,A951,A1606
att,A951,A1008
att,A951,A1938
att,A951,A698
att,A951,A1575
att,A951,A215
att,A951,A1119
att,A951,A2503
att,A951,A217
att,A951,A1182
att,A951,A519
att,A951,A453
att,A951,A1503
att,A951,A2668
att,A951,A1098
att,A951,A1446
att,A951,A1972
att,A951,A2530
att,A951,A2342
att,A951,A670
att,A951,A542
att,A951,A1309
att,A951,A1505
att,A952,A1387
att,A952,A1866
att,A952,A2538
att,A952,A1623
att,A952,A1768
att,A952,A1444
att,A952,A1982
att,A952,A249
att,A954,A1481
att,A954,A2022
att,A954,A1328
att,A954,A802
att,A954,A2622
att,A954,A2639
att,A954,A997
att,A954,A58
att,A954,A1925
att,A954,A640
att,A954,A289
att,A954,A45
att,A954,A1773
att,A954,A2051
att,A954,A2553
att,A955,A2575
att,A955,A2603
att,A955,A654
att,A955,A449
att,A955,A2268
att,A955,A397
att,A955,A230
att,A955,A2316
att,A955,A711
att,A955,A1865
att,A955,A537
att,A955,A339
att,A955,A2500
att,A959,A1487
att,A959,A293
att,A959,A1090
att,A959,A430
att,A959,A1769
att,A959,A1841
att,A959,A300
att,A959,A1518
att,A959,A575
att,A959,A1738
att,A959,A1854
att,A959,A334
att,A959,A337
att,A959,A2357
att,A959,A2441
att,A959,A911
att,A959,A907
att,A959,A385
att,A959,A2056
att,A959,A346
att,A959,A446
att,A960,A416
att,A960,A838
att,A960,A2089
att,A960,A60
att,A960,A808
att,A960,A199
att,A960,A1632
att,A960,A299
att,A960,A407
att,A960,A23
att,A960,A943
att,A960,A645
att,A960,A1999
att,A960,A1379
att,A960,A1093
att,A960,A771
att,A960,A1149
att,A960,A2645
att,A960,A1754
att,A960,A1977
att,A960,A675
att,A961,A199
att,A961,A1974
att,A961,A410
att,A961,A2145
att,A961,A1646
att,A961,A407
att,A961,A2250
att,A961,A1730
att,A961,A741
att,A966,A1614
att,A966,A574
att,A966,A1857
att,A966,A781
att,A966,A377
att,A966,A1838
att,A966,A1905
att,A966,A1422
att,A966,A2542
att,A966,A1151
att,A966,A662
att,A966,A1005
att,A966,A1489
att,A966,A1728
att,A966,A195
att,A966,A207
att,A966,A1222
att,A966,A1191
att,A966,A1122
att,A966,A109
att,A966,A1315
att,A966,A1966
att,A966,A1980
att,A966,A547
att,A969,A2638
att,A969,A2312
att,A969,A998
att,A969,A985
att,A969,A2680
att,A969,A2043
att,A969,A1752
att,A969,A2129
att,A969,A1982
att,A969,A972
att,A969,A2692
att,A969,A663
att,A969,A472
att,A969,A2402
att,A969,A943
att,A969,A2452
att,A971,A732
att,A971,A1284
att,A974,A297
att,A974,A1824
att,A974,A1797
att,A974,A2536
att,A974,A2002
att,A974,A1751
att,A974,A2273
att,A974,A2639
att,A974,A2121
att,A974,A1989
att,A974,A1492
att,A974,A1505
att,A974,A1706
att,A974,A2457
att,A974,A1344
att,A974,A728
att,A974,A978
att,A974,A822
att,A974,A792
att,A974,A10
att,A980,A2135
att,A980,A771
att,A980,A337
att,A980,A2397
att,A980,A1173
att,A980,A138
att,A980,A603
att,A980,A226
att,A980,A2070
att,A980,A2201
att,A980,A1271
att,A980,A735
att,A980,A739
att,A980,A247
att,A980,A2001
att,A980,A626
att,A981,A52
att,A981,A1810
att,A981,A2583
att,A981,A2459
att,A981,A2322
att,A981,A2133
att,A981,A1792
att,A981,A1062
att,A981,A2541
att,A981,A785
att,A981,A1202
att,A981,A2029
att,A981,A923
att,A981,A38
att,A981,A1422
att,A983,A2105
att,A983,A103
att,A983,A1838
att,A983,A1522
att,A983,A2397
att,A983,A1214
att,A983,A2386
att,A986,A2041
att,A986,A2576
att,A986,A1971
att,A986,A2680
att,A986,A1969
att,A986,A1373
att,A986,A1058
att,A986,A1052
att,A986,A1084
att,A986,A2350
att,A986,A1324
att,A986,A2271
att,A986,A272
att,A986,A112
att,A986,A13
att,A986,A348
att,A986,A511
att,A986,A1325
att,A986,A147
att,A986,A705
att,A986,A692
att,A986,A1225
att,A986,A661
att,A986,A1689
att,A986,A2154
att,A986,A832
att,A987,A714
att,A987,A1433
att,A987,A704
att,A987,A855
att,A987,A1170
att,A987,A445
att,A987,A438
att,A987,A1415
att,A987,A292
att,A987,A1088
att,A987,A1706
att,A987,A1389
att,A987,A670
att,A987,A1588
att,A987,A1533
att,A987,A1269
att,A987,A122
att,A987,A52
att,A987,A729
att,A989,A1370
att,A989,A2431
att,A989,A2531
att,A989,A1022
att,A989,A2332
att,A989,A2351
att,A989,A117
att,A989,A321
att,A989,A1758
att,A989,A1174
att,A989,A2654
att,A989,A1898
att,A989,A1156
att,A990,A1506
att,A990,A1511
att,A990,A683
att,A990,A1818
att,A990,A908
att,A990,A79
att,A990,A1463
att,A990,A2142
att,A990,A1868
att,A990,A1396
att,A990,A954
att,A990,A1663
att,A990,A590
att,A990,A1680
att,A990,A693
att,A990,A425
att,A990,A625
att,A991,A1916
att,A991,A647
att,A991,A900
att,A991,A1702
att,A991,A2649
att,A991,A436
att,A991,A501
att,A991,A1786
att,A991,A2229
att,A991,A1462
att,A991,A583
att,A991,A1775
att,A991,A2441
att,A991,A125
att,A991,A2645
att,A991,A2680
att,A991,A93
att,A991,A1620
att,A991,A1833
att,A991,A209
att,A991,A1369
att,A992,A2228
att,A993,A651
att,A993,A707
att,A993,A1532
att,A993,A670
att,A993,A873
att,A993,A2490
att,A995,A1690
att,A995,A2164
att,A995,A1308
att,A995,A1360
att,A995,A2298
att,A998,A2266
att,A998,A981
att,A998,A2032
att,A998,A2152
att,A998,A2012
att,A998,A2495
att,A998,A1886
att,A998,A1060
att,A998,A1378
att,A998,A2226
att,A998,A762
att,A998,A545
att,A999,A416
att,A999,A561
att,A999,A2063
att,A999,A120
att,A999,A2675
att,A999,A943
att,A999,A1786
att,A999,A155
att,A999,A1843
att,A999,A2516
att,A999,A2303
att,A1001,A2383
att,A1001,A969
att,A1001,A327
att,A1001,A440
att,A1001,A171
att,A1001,A1766
att,A1001,A356
att,A1001,A1204
att,A1001,A1873
att,A1001,A606
att,A1001,A597
att,A1001,A185
att,A1001,A261
att,A1001,A71
att,A1001,A1894
att,A1001,A2603
att,A1001,A2497
att,A1001,A1541
att,A1001,A1582
att,A1001,A344
att,A1001,A1867
att,A1001,A1805
att,A1001,A980
att,A1001,A616
att,A1001,A1602
att,A1001,A793
att,A1002,A2150
att,A1002,A1880
att,A1002,A1097
att,A1002,A708
att,A1002,A2441
att,A1002,A2689
att,A1002,A2588
att,A1002,A2186
att,A1002,A1543
att,A1002,A1445
att,A1002,A227
att,A1002,A1098
att,A1002,A1667
att,A1002,A1164
att,A1003,A1948
att,A1003,A1494
att,A1003,A1931
att,A1003,A2167
att,A1003,A235
att,A1003,A1909
att,A1003,A1987
att,A1003,A1352
att,A1003,A2665
att,A1003,A830
att,A1003,A1306
att,A1003,A2209
att,A1003,A2555
att,A1003,A2328
att,A1003,A1980
att,A1007,A1443
att,A1007,A1674
att,A1007,A202
att,A1007,A2579
att,A1007,A1778
att,A1007,A2027
att,A1007,A2098
att,A1007,A194
att,A1007,A1459
att,A1007,A177
att,A1008,A1439
att,A1008,A79
att,A1008,A54
att,A1008,A1280
att,A1008,A2015
att,A1008,A307
att,A1008,A1255
att,A1008,A2128
att,A1008,A619
att,A1008,A1119
att,A1008,A2517
att,A1008,A492
att,A1008,A826
att,A1008,A2100
att,A1009,A1404
att,A1009,A2148
att,A1009,A2188
att,A1009,A2352
att,A1009,A1078
att,A1012,A2114
att,A1012,A1881
att,A1012,A508
att,A1012,A1092
att,A1012,A1417
att,A1012,A2433
att,A1012,A2180
att,A1012,A1524
att,A1012,A1637
att,A1012,A814
att,A1012,A2603
att,A1012,A521
att,A1012,A2625
att,A1012,A1797
att,A1012,A2472
att,A1012,A1182
att,A1014,A243
att,A1014,A706
att,A1014,A1581
att,A1014,A1406
att,A1014,A1111
att,A1014,A1754
att,A1014,A2084
att,A1014,A597
att,A1014,A1394
att,A1014,A387
att,A1014,A1139
att,A1019,A2055
att,A1019,A2295
att,A1019,A1943
att,A1019,A1061
att,A1019,A1715
att,A1019,A686
att,A1019,A1994
att,A1019,A2138
att,A1019,A2077
att,A1019,A2353
att,A1019,A346
att,A1019,A1754
att,A1019,A105
att,A1019,A485
att,A1019,A215
att,A1019,A2125
att,A1019,A1127
att,A1019,A968
att,A1019,A487
att,A1019,A2028
att,A1019,A2602
att,A1019,A1605
att,A1024,A700
att,A1024,A1310
att,A1024,A682
att,A1024,A629
att,A1024,A1252
att,A1025,A247
att,A1025,A41
att,A1025,A117
att,A1025,A1332
att,A1025,A2621
att,A1025,A1266
att,A1025,A1360
att,A1025,A1448
att,A1025,A1537
att,A1025,A2543
att,A1025,A2149
att,A1025,A1206
att,A1025,A969
att,A1025,A101
att,A1025,A2315
att,A1025,A1321
att,A1025,A1652
att,A1025,A325
att,A1025,A484
att,A1030,A473
att,A1030,A996
att,A1030,A49
att,A1030,A2136
att,A1033,A2567
att,A1033,A1197
att,A1033,A2117
att,A1033,A43
att,A1033,A2461
att,A1033,A1744
att,A1034,A972
att,A1034,A2116
att,A1034,A1529
att,A1034,A1452
att,A1034,A1236
att,A1034,A2148
att,A1034,A1661
att,A1034,A1362
att,A1034,A2590
att,A1034,A654
att,A1034,A2049
att,A1034,A618
att,A1034,A665
att,A1034,A655
att,A1034,A332
att,A1034,A360
att,A1034,A688
att,A1034,A512
att,A1034,A2591
att,A1034,A1484
att,A1034,A892
att,A1034,A1788
att,A1034,A284
att,A1036,A517
att,A1036,A1380
att,A1036,A958
att,A1037,A2078
att,A1037,A855
att,A1037,A1024
att,A1037,A571
att,A1037,A1099
att,A1037,A1295
att,A1037,A1027
att,A1037,A2334
att,A1037,A2569
att,A1037,A812
att,A1037,A1977
att,A1037,A1997
att,A1037,A1394
att,A1037,A330
att,A1037,A2048
att,A1040,A46
att,A1040,A2339
att,A1040,A238
att,A1040,A1552
att,A1040,A1663
att,A1040,A2485
att,A1040,A704
att,A1040,A1606
att,A1041,A1468
att,A1041,A2391
att,A1041,A298
att,A1041,A1348
att,A1041,A2477
att,A1041,A476
att,A1041,A387
att,A1041,A187
att,A1041,A148
att,A1041,A12
att,A1041,A2116
att,A1041,A92
att,A1041,A360
att,A1041,A474
att,A1041,A567
att,A1041,A389
att,A1041,A381
att,A1041,A2660
att,A1041,A1377
att,A1041,A400
att,A1041,A1651
att,A1041,A1966
att,A1041,A276
att,A1044,A1852
att,A1044,A2502
att,A1044,A173
att,A1044,A2695
att,A1044,A1570
att,A1046,A2532
att,A1046,A1006
att,A1046,A2462
att,A1051,A428
att,A1051,A1141
att,A1051,A668
att,A1051,A341
att,A1051,A939
att,A1051,A85
att,A1051,A1585
att,A1051,A1025
att,A1055,A639
att,A1055,A1882
att,A1055,A1595
att,A1055,A172
att,A1055,A576
att,A1055,A1427
att,A1055,A1975
att,A1055,A223
att,A1055,A832
att,A1055,A2468
att,A1055,A2509
att,A1055,A2211
att,A1055,A2378
att,A1056,A1832
att,A1056,A2640
att,A1056,A1012
att,A1056,A1278
att,A1056,A203
att,A1058,A1733
att,A1058,A42
att,A1058,A2630
att,A1058,A2501
att,A1058,A2121
att,A1058,A2430
att,A1058,A2689
att,A1058,A1409
att,A1058,A2078
att,A1058,A1340
att,A1058,A701
att,A1058,A1799
att,A1058,A101
att,A1058,A1753
att,A1058,A2166
att,A1058,A735
att,A1059,A1300
att,A1059,A653
att,A1059,A2364
att,A1059,A74
att,A1059,A1282
att,A1059,A1092
att,A1059,A2125
att,A1059,A1776
att,A1059,A467
att,A1062,A62
att,A1066,A62
att,A1066,A209
att,A1066,A441
att,A1066,A155
att,A1066,A54
att,A1066,A937
att,A1067,A1018
att,A1067,A1191
att,A1067,A1902
att,A1067,A2388
att,A1067,A423
att,A1067,A1863
att,A1067,A950
att,A1067,A1009
att,A1068,A2070
att,A1069,A1784
att,A1076,A1087
att,A1076,A1828
att,A1076,A2633
att,A1076,A1841
att,A1076,A1373
att,A1076,A2261
att,A1076,A2419
att,A1076,A1299
att,A1077,A2018
att,A1077,A1322
att,A1077,A1601
att,A1077,A2635
att,A1077,A1473
att,A1077,A1076
att,A1077,A2383
att,A1077,A986
att,A1077,A1971
att,A1077,A665
att,A1077,A1675
att,A1077,A245
att,A1077,A3
att,A1077,A1520
att,A1077,A1856
att,A1077,A2056
att,A1077,A68
att,A1077,A1276
att,A1077,A2146
att,A1078,A424
att,A1078,A1743
att,A1078,A2482
att,A1078,A2461
att,A1078,A804
att,A1078,A567
att,A1078,A398
att,A1078,A18
att,A1078,A2260
att,A1078,A2414
att,A1078,A841
att,A1078,A1361
att,A1078,A764
att,A1078,A1012
att,A1078,A563
att,A1078,A310
att,A1078,A1788
att,A1078,A1295
att,A1081,A1911
att,A1081,A1890
att,A1081,A1306
att,A1081,A461
att,A1081,A1149
att,A1081,A1693
att,A1081,A2653
att,A1083,A907
att,A1083,A2297
att,A1083,A1542
att,A1083,A2193
att,A1083,A1330
att,A1083,A1713
att,A1085,A413
att,A1085,A1025
att,A1085,A913
att,A1085,A850
att,A1085,A495
att,A1085,A2554
att,A1087,A97
att,A1087,A129
att,A1091,A1215
att,A1091,A1510
att,A1091,A962
att,A1091,A848
att,A1091,A0
att,A1091,A894
att,A1092,A133
att,A1092,A2292
att,A1092,A1801
att,A1092,A258
att,A1094,A613
att,A1094,A86
att,A1094,A682
att,A1098,A333
att,A1098,A2482
att,A1098,A1056
att,A1098,A1243
att,A1098,A1465
att,A1098,A2098
att,A1098,A2369
att,A1098,A1224
att,A1098,A2616
att,A1098,A1723
att,A1098,A2672
att,A1098,A768
att,A1098,A2352
att,A1098,A1598
att,A1098,A1379
att,A1098,A1348
att,A1098,A348
att,A1098,A1987
att,A1098,A922
att,A1099,A2551
att,A1099,A2312
att,A1099,A373
att,A1099,A2629
att,A1099,A1334
att,A1099,A174
att,A1099,A2555
att,A1099,A1137
att,A1099,A391
att,A1099,A321
att,A1099,A458
att,A1099,A1798
att,A1099,A2021
att,A1099,A417
att,A1099,A457
att,A1099,A1982
att,A1099,A2695
att,A1099,A894
att,A1099,A354
att,A1099,A1380
att,A1099,A1292
att,A1099,A183
att,A1100,A2436
att,A1100,A604
att,A1100,A2298
att,A1100,A651
att,A1100,A944
att,A1100,A1171
att,A1100,A1139
att,A1100,A2542
att,A1100,A89
att,A1100,A1404
att,A1100,A2152
att,A1100,A1804
att,A1101,A219
att,A1101,A759
att,A1101,A2296
att,A1101,A2422
att,A1101,A954
att,A1101,A419
att,A1101,A1844
att,A1101,A1790
att,A1103,A1464
att,A1103,A866
att,A1103,A355
att,A1103,A2112
att,A1103,A1406
att,A1103,A1696
att,A1103,A1770
att,A1103,A513
att,A1103,A331
att,A1103,A1941
att,A1103,A1173
att,A1103,A2351
att,A1103,A1799
att,A1103,A2597
att,A1103,A1715
att,A1103,A2202
att,A1103,A879
att,A1103,A2161
att,A1103,A833
att,A1103,A1847
att,A1103,A1254
att,A1104,A1717
att,A1104,A813
att,A1104,A154
att,A1104,A166
att,A1104,A970
att,A1104,A482
att,A1104,A395
att,A1104,A447
att,A1104,A2177
att,A1104,A1692
att,A1104,A1374
att,A1104,A1380
att,A1104,A1254
att,A1104,A2238
att,A1104,A84
att,A1104,A884
att,A1104,A2561
att,A1104,A2295
att,A1104,A1928
att,A1104,A1522
att,A1104,A2656
att,A1104,A582
att,A1104,A909
att,A1104,A1297
att,A1104,A81
att,A1104,A2325
att,A1109,A2630
att,A1109,A2419
att,A1109,A1210
att,A1109,A1621
att,A1109,A62
att,A1109,A330
att,A1109,A1322
att,A1109,A1107
att,A1109,A1888
att,A1109,A1733
att,A1109,A1869
att,A1109,A2259
att,A1109,A2315
att,A1111,A354
att,A1111,A1149
att,A1111,A2462
att,A1111,A849
att,A1111,A1354
att,A1111,A2340
att,A1113,A517
att,A1113,A862
att,A1113,A435
att,A1113,A366
att,A1113,A2144
att,A1113,A2118
att,A1113,A897
att,A1113,A1245
att,A1113,A1846
att,A1113,A1337
att,A1113,A2369
att,A1113,A1655
att,A1113,A1166
att,A1113,A1554
att,A1113,A588
att,A1113,A1781
att,A1113,A1081
att,A1113,A1533
att,A1113,A356
att,A1113,A411
att,A1113,A1247
att,A1113,A1764
att,A1113,A159
att,A1113,A2292
att,A1113,A1677
att,A1113,A2006
att,A1113,A1019
att,A1113,A1252
att,A1116,A526
att,A1116,A1181
att,A1116,A1846
att,A1116,A1179
att,A1116,A1125
att,A1117,A857
att,A1117,A132
att,A1117,A763
att,A1117,A899
att,A1117,A1585
att,A1117,A119
att,A1117,A1041
att,A1117,A1974
att,A1117,A2031
att,A1117,A617
att,A1118,A2663
att,A1118,A1707
att,A1118,A1544
att,A1118,A1712
att,A1118,A2647
att,A1121,A1158
att,A1121,A2135
att,A1121,A2588
att,A1121,A347
att,A1121,A498
att,A1121,A477
att,A1123,A2137
att,A1123,A23
att,A1125,A2309
att,A1125,A1017
att,A1125,A1503
att,A1125,A1385
att,A1125,A1319
att,A1132,A255
att,A1132,A1361
att,A1132,A1117
att,A1132,A2503
att,A1132,A182
att,A1132,A1127
att,A1132,A1688
att,A1132,A1596
att,A1132,A1106
att,A1132,A2574
att,A1132,A1735
att,A1132,A2518
att,A1132,A2149
att,A1132,A2345
att,A1132,A415
att,A1132,A2557
att,A1132,A1666
att,A1132,A448
att,A1134,A1416
att,A1134,A2696
att,A1134,A494
att,A1134,A592
att,A1134,A2459
att,A1134,A44
att,A1134,A1613
att,A1134,A1448
att,A1134,A1113
att,A1134,A1392
att,A1134,A2022
att,A1134,A1501
att,A1134,A129
att,A1135,A1108
att,A1135,A636
att,A1135,A281
att,A1135,A2580
att,A1135,A1357
att,A1135,A2276
att,A1135,A225
att,A1135,A1592
att,A1135,A1088
att,A1135,A420
att,A1135,A2697
att,A1135,A125
att,A1135,A119
att,A1135,A390
att,A1135,A779
att,A1135,A2113
att,A1135,A334
att,A1135,A188
att,A1135,A2350
att,A1135,A445
att,A1135,A2460
att,A1135,A613
att,A1135,A12
att,A1135,A2478
att,A1135,A1119
att,A1135,A136
att,A1135,A194
att,A1135,A23
att,A1135,A270
att,A1135,A2391
att,A1135,A2314
att,A1137,A2441
att,A1137,A1099
att,A1137,A2425
att,A1137,A43
att,A1137,A95
att,A1137,A2222
att,A1137,A2202
att,A1137,A840
att,A1138,A1709
att,A1138,A297
att,A1138,A344
att,A1138,A1747
att,A1138,A2506
att,A1138,A1831
att,A1138,A103
att,A1138,A1471
att,A1143,A1402
att,A1143,A1057
att,A1143,A202
att,A1143,A236
att,A1143,A756
att,A1143,A1269
att,A1143,A173
att,A1144,A90
att,A1144,A2486
att,A1144,A1793
att,A1144,A1674
att,A1144,A369
att,A1144,A474
att,A1144,A1281
att,A1144,A2647
att,A1145,A1556
att,A1145,A718
att,A1145,A1048
att,A1145,A2629
att,A1145,A851
att,A1145,A1809
att,A1145,A557
att,A1145,A1664
att,A1145,A990
att,A1145,A891
att,A1145,A2646
att,A1145,A2335
att,A1145,A757
att,A1145,A1359
att,A1145,A2399
att,A1145,A2361
att,A1145,A1586
att,A1145,A1734
att,A1145,A1701
att,A1145,A632
att,A1145,A1635
att,A1146,A424
att,A1146,A627
att,A1146,A503
att,A1146,A1958
att,A1146,A42
att,A1146,A924
att,A1146,A1696
att,A1146,A106
att,A1146,A1011
att,A1146,A550
att,A1149,A1575
att,A1149,A1667
att,A1149,A2192
att,A1149,A2410
att,A1149,A2348
att,A1149,A1903
att,A1149,A367
att,A1149,A1479
att,A1149,A1424
att,A1149,A943
att,A1149,A1104
att,A1149,A23
att,A1149,A285
att,A1149,A1256
att,A1149,A1075
att,A1149,A1293
att,A1149,A349
att,A1149,A1773
att,A1149,A745
att,A1149,A132
att,A1151,A2555
att,A1151,A587
att,A1151,A2087
att,A1151,A762
att,A1151,A1824
att,A1151,A723
att,A1151,A1406
att,A1151,A2416
att,A1152,A990
att,A1152,A2581
att,A1152,A2063
att,A1152,A2402
att,A1153,A1136
att,A1153,A2339
att,A1153,A133
att,A1153,A946
att,A1153,A227
att,A1153,A2143
att,A1153,A1129
att,A1153,A1958
att,A1153,A1465
att,A1153,A2181
att,A1153,A875
att,A1153,A1557
att,A1155,A993
att,A1155,A209
att,A1155,A292
att,A1155,A625
att,A1155,A2182
att,A1155,A1577
att,A1155,A1427
att,A1155,A1852
att,A1155,A1889
att,A1155,A2230
att,A1166,A1418
att,A1166,A2255
att,A1166,A618
att,A1166,A326
att,A1168,A275
att,A1168,A2529
att,A1168,A417
att,A1168,A1780
att,A1168,A1571
att,A1168,A2582
att,A1168,A2311
att,A1168,A248
att,A1168,A2096
att,A1168,A24
att,A1168,A2508
att,A1169,A1551
att,A1169,A2152
att,A1169,A1853
att,A1169,A1438
att,A1169,A86
att,A1169,A230
att,A1169,A1380
att,A1169,A1523
att,A1169,A1697
att,A1169,A868
att,A1169,A2218
att,A1169,A1734
att,A1170,A1700
att,A1170,A483
att,A1170,A1578
att,A1170,A9
att,A1170,A820
att,A1170,A107
att,A1170,A2112
att,A1170,A1753
att,A1170,A397
att,A1170,A1500
att,A1170,A1624
att,A1170,A510
att,A1170,A2083
att,A1170,A2094
att,A1170,A1270
att,A1170,A1684
att,A1170,A1977
att,A1170,A2432
att,A1170,A794
att,A1170,A1468
att,A1170,A1227
att,A1172,A837
att,A1172,A138
att,A1172,A180
att,A1172,A1927
att,A1172,A706
att,A1172,A1907
att,A1172,A2578
att,A1172,A823
att,A1172,A58
att,A1174,A1272
att,A1174,A986
att,A1174,A1815
att,A1174,A481
att,A1174,A937
att,A1176,A1727
att,A1176,A2353
att,A1176,A2616
att,A1176,A2144
att,A1176,A168
att,A1176,A1376
att,A1176,A246
att,A1176,A1112
att,A1176,A1994
att,A1176,A2159
att,A1176,A2675
att,A1176,A620
att,A1176,A119
att,A1178,A475
att,A1178,A1063
att,A1178,A2185
att,A1178,A2330
att,A1183,A1058
att,A1183,A2333
att,A1183,A2492
att,A1183,A2467
att,A1183,A127
att,A1183,A133
att,A1183,A1418
att,A1183,A2688
att,A1183,A1705
att,A1183,A2247
att,A1183,A1407
att,A1183,A4
att,A1183,A1503
att,A1183,A1449
att,A1183,A2113
att,A1183,A1021
att,A1183,A431
att,A1183,A731
att,A1183,A2127
att,A1183,A1359
att,A1183,A2115
att,A1184,A1433
att,A1184,A902
att,A1184,A837
att,A1184,A1888
att,A1184,A197
att,A1184,A1455
att,A1184,A220
att,A1184,A2275
att,A1184,A1346
att,A1184,A1311
att,A1186,A1593
att,A1186,A701
att,A1186,A2475
att,A1186,A732
att,A1186,A1880
att,A1186,A2346
att,A1186,A361
att,A1186,A2274
att,A1186,A457
att,A1186,A1719
att,A1186,A292
att,A1186,A1847
att,A1186,A2003
att,A1186,A2628
att,A1186,A20
att,A1186,A2171
att,A1187,A2637
att,A1187,A2136
att,A1187,A253
att,A1187,A1924
att,A1187,A1020
att,A1188,A2338
att,A1188,A389
att,A1189,A2331
att,A1189,A806
att,A1189,A1388
att,A1189,A2093
att,A1189,A2224
att,A1189,A668
att,A1189,A648
att,A1189,A2570
att,A1189,A2537
att,A1189,A2571
att,A1189,A1500
att,A1189,A2386
att,A1189,A1299
att,A1189,A1510
att,A1189,A1199
att,A1189,A1099
att,A1189,A993
att,A1189,A1478
att,A1191,A2453
att,A1191,A2541
att,A1191,A549
att,A1191,A1140
att,A1191,A45
att,A1191,A1529
att,A1191,A16
att,A1191,A532
att,A1191,A540
att,A1191,A44
att,A1191,A553
att,A1191,A2530
att,A1192,A1849
att,A1192,A1880
att,A1192,A1891
att,A1192,A1165
att,A1192,A537
att,A1192,A2168
att,A1192,A371
att,A1192,A1952
att,A1192,A1456
att,A1192,A414
att,A1192,A1192
att,A1192,A2204
att,A1192,A253
att,A1192,A565
att,A1192,A1652
att,A1193,A1532
att,A1193,A275
att,A1193,A604
att,A1193,A731
att,A1193,A121
att,A1193,A972
att,A1193,A1874
att,A1193,A1171
att,A1193,A1399
att,A1193,A1319
att,A1193,A1895
att,A1193,A1485
att,A1193,A930
att,A1193,A989
att,A1193,A79
att,A1193,A498
att,A1193,A2017
att,A1194,A1680
att,A1194,A217
att,A1194,A559
att,A1194,A425
att,A1194,A1130
att,A1194,A329
att,A1194,A2006
att,A1194,A134
att,A1194,A1787
att,A1194,A114
att,A1194,A355
att,A1194,A2084
att,A1194,A1204
att,A1194,A841
att,A1194,A743
att,A1194,A1012
att,A1194,A1227
att,A1194,A2544
att,A1194,A2206
att,A1194,A2612
att,A1194,A2334
att,A1194,A1189
att,A1194,A216
att,A1194,A2186
att,A1194,A2487
att,A1194,A1508
att,A1196,A176
att,A1196,A2284
att,A1196,A1524
att,A1196,A1490
att,A1196,A1559
att,A1196,A2286
att,A1196,A1917
att,A1196,A1928
att,A1198,A1706
att,A1198,A1634
att,A1198,A1315
att,A1198,A772
att,A1198,A973
att,A1198,A801
att,A1198,A219
att,A1199,A2453
att,A1199,A1362
att,A1199,A166
att,A1199,A1342
att,A1199,A461
att,A1199,A115
att,A1199,A1260
att,A1199,A1168
att,A1199,A501
att,A1201,A706
att,A1201,A2458
att,A1201,A2497
att,A1201,A506
att,A1204,A1403
att,A1204,A1798
att,A1204,A49
att,A1204,A1132
att,A1204,A1720
att,A1204,A1746
att,A1204,A987
att,A1204,A736
att,A1204,A1411
att,A1204,A355
att,A1204,A789
att,A1204,A1729
att,A1204,A2321
att,A1204,A2095
att,A1204,A502
att,A1204,A1386
att,A1204,A2600
att,A1204,A2116
att,A1204,A2401
att,A1207,A2071
att,A1207,A1120
att,A1207,A247
att,A1207,A2047
att,A1207,A523
att,A1207,A2069
att,A1207,A2274
att,A1207,A2332
att,A1207,A2266
att,A1207,A84
att,A1207,A2394
att,A1207,A1577
att,A1207,A1762
att,A1207,A873
att,A1207,A2129
att,A1207,A10
att,A1207,A1501
att,A1207,A1423
att,A1207,A641
att,A1207,A1629
att,A1207,A2677
att,A1207,A400
att,A1207,A1909
att,A1207,A1146
att,A1208,A80
att,A1208,A1676
att,A1208,A1001
att,A1208,A521
att,A1208,A1318
att,A1208,A988
att,A1208,A833
att,A1208,A508
att,A1208,A300
att,A1208,A65
att,A1208,A2313
att,A1208,A2392
att,A1208,A340
att,A1208,A458
att,A1208,A413
att,A1208,A1624
att,A1208,A848
att,A1208,A1123
att,A1208,A180
att,A1208,A668
att,A1209,A1069
att,A1209,A1917
att,A1209,A614
att,A1209,A1470
att,A1209,A338
att,A1209,A1897
att,A1209,A1107
att,A1209,A2415
att,A1209,A1427
att,A1209,A803
att,A1209,A773
att,A1209,A465
att,A1209,A1847
att,A1209,A1762
att,A1209,A2007
att,A1209,A2479
att,A1209,A770
att,A1209,A819
att,A1209,A2010
att,A1210,A2084
att,A1210,A708
att,A1210,A656
att,A1210,A878
att,A1210,A1269
att,A1210,A837
att,A1210,A2251
att,A1210,A371
att,A1212,A1855
att,A1212,A1276
att,A1212,A2005
att,A1212,A1332
att,A1212,A2168
att,A1212,A209
att,A1212,A524
att,A1212,A1352
att,A1212,A650
att,A1212,A328
att,A1214,A723
att,A1214,A428
att,A1214,A90
att,A1214,A527
att,A1214,A2273
att,A1214,A648
att,A1214,A2587
att,A1214,A2089
att,A1214,A2045
att,A1214,A1124
att,A1214,A1702
att,A1214,A1223
att,A1214,A2600
att,A1214,A2560
att,A1214,A1535
att,A1214,A2262
att,A1215,A865
att,A1215,A1859
att,A1216,A2043
att,A1216,A1189
att,A1216,A28
att,A1216,A1292
att,A1216,A1284
att,A1216,A2135
att,A1216,A643
att,A1218,A2347
att,A1218,A1905
att,A1218,A1899
att,A1218,A2602
att,A1219,A645
att,A1219,A2318
att,A1219,A1071
att,A1219,A707
att,A1219,A491
att,A1219,A1490
att,A1219,A853
att,A1219,A2287
att,A1220,A1733
att,A1220,A1757
att,A1220,A475
att,A1220,A49
att,A1220,A1375
att,A1220,A2157
att,A1220,A959
att,A1220,A1662
att,A1220,A1479
att,A1220,A2505
att,A1220,A1907
att,A1220,A2671
att,A1220,A2441
att,A1220,A2555
att,A1220,A2695
att,A1220,A814
att,A1220,A2413
att,A1221,A764
att,A1221,A877
att,A1221,A2141
att,A1223,A207
att,A1223,A2600
att,A1223,A913
att,A1223,A1907
att,A1223,A8
att,A1223,A2552
att,A1223,A1340
att,A1223,A1512
att,A1223,A2203
att,A1223,A1700
att,A1223,A583
att,A1223,A379
att,A1223,A2653
att,A1224,A1931
att,A1224,A1317
att,A1224,A622
att,A1224,A1578
att,A1224,A1288
att,A1224,A1824
att,A1224,A2524
att,A1224,A1665
att,A1224,A480
att,A1224,A1165
att,A1224,A2496
att,A1224,A1075
att,A1224,A520
att,A1224,A2385
att,A1224,A827
att,A1224,A156
att,A1224,A2288
att,A1224,A50
att,A1224,A103
att,A1225,A1009
att,A1225,A2198
att,A1225,A2521
att,A1225,A84
att,A1225,A814
att,A1225,A182
att,A1225,A1551
att,A1225,A1074
att,A1225,A1977
att,A1225,A1282
att,A1225,A1348
att,A1225,A1583
att,A1225,A221
att,A1225,A1077
att,A1227,A1219
att,A1227,A898
att,A1227,A1693
att,A1227,A2264
att,A1227,A1718
att,A1228,A2677
att,A1228,A1558
att,A1228,A272
att,A1228,A359
att,A1228,A2616
att,A1228,A2496
att,A1228,A678
att,A1228,A1233
att,A1228,A2630
att,A1228,A475
att,A1228,A180
att,A1228,A1012
att,A1228,A940
att,A1228,A1834
att,A1228,A324
att,A1228,A1918
att,A1228,A2537
att,A1228,A929
att,A1228,A119
att,A1228,A1241
att,A1228,A2012
att,A1231,A522
att,A1231,A818
att,A1231,A354
att,A1231,A660
att,A1231,A584
att,A1231,A2463
att,A1231,A160
att,A1231,A1407
att,A1231,A2366
att,A1231,A1674
att,A1231,A2694
att,A1231,A1295
att,A1231,A1504
att,A1231,A1255
att,A1231,A1180
att,A1232,A2243
att,A1232,A2555
att,A1232,A2028
att,A1232,A2144
att,A1232,A2255
att,A1232,A2586
att,A1232,A1141
att,A1232,A266
att,A1232,A1634
att,A1232,A1881
att,A1234,A2300
att,A1234,A2271
att,A1236,A60
att,A1236,A2617
att,A1236,A65
att,A1236,A284
att,A1236,A2514
att,A1236,A79
att,A1236,A1
att,A1236,A2364
att,A1236,A1137
att,A1236,A433
att,A1236,A108
att,A1236,A1190
att,A1236,A1308
att,A1236,A2326
att,A1236,A265
att,A1236,A2330
att,A1236,A1512
att,A1236,A290
att,A1236,A1135
att,A1238,A1329
att,A1238,A744
att,A1238,A422
att,A1238,A535
att,A1238,A2191
att,A1238,A2095
att,A1238,A1684
att,A1238,A678
att,A1238,A1960
att,A1238,A421
att,A1238,A404
att,A1238,A282
att,A1238,A307
att,A1238,A1692
att,A1238,A324
att,A1238,A1493
att,A1238,A2365
att,A1238,A1838
att,A1238,A1511
att,A1238,A1026
att,A1239,A2685
att,A1239,A2401
att,A1239,A2332
att,A1239,A70
att,A1239,A2292
att,A1239,A1518
att,A1239,A2192
att,A1239,A661
att,A1239,A1180
att,A1239,A475
att,A1239,A2071
att,A1239,A841
att,A1239,A624
att,A1239,A1685
att,A1239,A2442
att,A1239,A601
att,A1239,A2157
att,A1239,A763
att,A1239,A342
att,A1239,A362
att,A1239,A823
att,A1239,A2665
att,A1239,A1325
att,A1239,A1492
att,A1239,A794
att,A1239,A504
att,A1240,A1620
att,A1240,A1121
att,A1240,A835
att,A1240,A1182
att,A1240,A286
att,A1240,A1354
att,A1240,A2407
att,A1240,A530
att,A1240,A1502
att,A1240,A469
att,A1240,A1153
att,A1240,A1756
att,A1240,A598
att,A1240,A1998
att,A1240,A1712
att,A1240,A520
att,A1243,A515
att,A1243,A1123
att,A1243,A771
att,A1243,A2467
att,A1243,A198
att,A1243,A2035
att,A1243,A875
att,A1243,A1004
att,A1243,A1176
att,A1243,A1094
att,A1243,A1447
att,A1243,A2624
att,A1243,A590
att,A1244,A956
att,A1244,A394
att,A1244,A953
att,A1244,A456
att,A1244,A2179
att,A1244,A2296
att,A1244,A1704
att,A1244,A434
att,A1244,A1380
att,A1244,A1055
att,A1244,A137
att,A1244,A237
att,A1244,A1044
att,A1244,A484
att,A1244,A764
att,A1244,A31
att,A1244,A613
att,A1244,A775
att,A1244,A2006
att,A1244,A2137
att,A1244,A129
att,A1244,A1791
att,A1248,A1830
att,A1248,A1851
att,A1248,A544
att,A1248,A1407
att,A1248,A2390
att,A1248,A2238
att,A1248,A1641
att,A1248,A867
att,A1248,A331
att,A1248,A1290
att,A1248,A887
att,A1248,A1463
att,A1248,A1877
att,A1248,A624
att,A1248,A685
att,A1248,A60
att,A1248,A194
att,A1248,A245
att,A1248,A762
att,A1248,A1529
att,A1248,A2240
att,A1248,A28
att,A1248,A143
att,A1248,A636
att,A1248,A1959
att,A1248,A1746
att,A1252,A473
att,A1252,A1940
att,A1252,A912
att,A1252,A2120
att,A1252,A1549
att,A1252,A1166
att,A1252,A998
att,A1252,A1974
att,A1252,A472
att,A1252,A2466
att,A1252,A482
att,A1252,A1282
att,A1252,A2113
att,A1252,A2544
att,A1252,A1852
att,A1252,A25
att,A1252,A2652
att,A1252,A2534
att,A1252,A2041
att,A1252,A284
att,A1252,A710
att,A1252,A2618
att,A1252,A1338
att,A1252,A1663
att,A1252,A2200
att,A1252,A1438
att,A1252,A1857
att,A1254,A535
att,A1254,A1446
att,A1258,A1195
att,A1258,A504
att,A1258,A329
att,A1258,A739
att,A1258,A1148
att,A1258,A909
att,A1258,A1964
att,A1258,A1640
att,A1258,A2235
att,A1258,A273
att,A1258,A2422
att,A1258,A2316
att,A1258,A2410
att,A1258,A561
att,A1258,A1900
att,A1258,A2478
att,A1258,A2127
att,A1258,A2087
att,A1261,A2367
att,A1261,A1597
att,A1261,A2590
att,A1261,A746
att,A1262,A527
att,A1262,A1828
att,A1262,A2679
att,A1262,A643
att,A1262,A1291
att,A1262,A729
att,A1262,A1650
att,A1262,A1361
att,A1262,A271
att,A1262,A760
att,A1262,A1661
att,A1262,A2223
att,A1262,A1432
att,A1262,A2547
att,A1262,A166
att,A1262,A589
att,A1262,A2493
att,A1262,A949
att,A1262,A2527
att,A1262,A373
att,A1262,A2695
att,A1262,A2061
att,A1262,A2486
att,A1262,A411
att,A1264,A1585
att,A1264,A821
att,A1264,A1313
att,A1264,A1506
att,A1265,A1783
att,A1265,A2476
att,A1265,A23
att,A1265,A2324
att,A1265,A1598
att,A1265,A1827
att,A1265,A2034
att,A1265,A2350
att,A1265,A1850
att,A1265,A2189
att,A1265,A1868
att,A1265,A467
att,A1265,A1813
att,A1265,A2242
att,A1265,A2290
att,A1265,A872
att,A1265,A795
att,A1265,A1093
att,A1265,A1105
att,A1265,A2108
att,A1265,A1166
att,A1265,A2643
att,A1265,A859
att,A1265,A2570
att,A1265,A1470
att,A1265,A107
att,A1268,A769
att,A1268,A1226
att,A1268,A1799
att,A1268,A1417
att,A1268,A876
att,A1268,A2288
att,A1269,A460
att,A1269,A2455
att,A1269,A2355
att,A1269,A684
att,A1269,A2081
att,A1269,A2377
att,A1269,A2117
att,A1269,A821
att,A1269,A786
att,A1269,A18
att,A1269,A1400
att,A1269,A663
att,A1269,A1024
att,A1269,A2507
att,A1269,A2653
att,A1269,A1584
att,A1269,A1635
att,A1269,A1746
att,A1269,A211
att,A1269,A1820
att,A1269,A1506
att,A1269,A2600
att,A1269,A1966
att,A1271,A915
att,A1271,A2657
att,A1271,A1583
att,A1271,A292
att,A1271,A1524
att,A1271,A413
att,A1271,A2189
att,A1271,A641
att,A1271,A1070
att,A1272,A130
att,A1272,A1441
att,A1272,A617
att,A1272,A2663
att,A1272,A1990
att,A1272,A1134
att,A1272,A1468
att,A1272,A211
att,A1272,A2208
att,A1272,A2605
att,A1272,A44
att,A1273,A1650
att,A1274,A1494
att,A1274,A1734
att,A1274,A67
att,A1274,A2167
att,A1274,A1270
att,A1277,A877
att,A1277,A1402
att,A1277,A1969
att,A1277,A1715
att,A1277,A584
att,A1277,A153
att,A1277,A2396
att,A1277,A1241
att,A1277,A262
att,A1277,A1857
att,A1277,A2456
att,A1277,A53
att,A1277,A2158
att,A1277,A678
att,A1277,A4
att,A1277,A2309
att,A1277,A2083
att,A1277,A305
att,A1277,A600
att,A1277,A1181
att,A1277,A750
att,A1277,A2399
att,A1280,A680
att,A1280,A160
att,A1280,A2688
att,A1280,A1170
att,A1280,A2431
att,A1280,A2262
att,A1280,A2589
att,A1280,A1012
att,A1280,A711
att,A1280,A473
att,A1280,A2323
att,A1280,A1156
att,A1280,A2517
att,A1280,A242
att,A1280,A2550
att,A1280,A1829
att,A1282,A1673
att,A1282,A2251
att,A1282,A329
att,A1282,A1645
att,A1282,A2068
att,A1282,A1777
att,A1282,A2029
att,A1282,A1675
att,A1282,A135
att,A1282,A1129
att,A1282,A557
att,A1282,A1676
att,A1282,A633
att,A1282,A1465
att,A1282,A1405
att,A1282,A1262
att,A1282,A1791
att,A1282,A102
att,A1282,A1054
att,A1282,A2354
att,A1282,A2019
att,A1284,A845
att,A1284,A1887
att,A1284,A2490
att,A1284,A2485
att,A1284,A281
att,A1284,A378
att,A1284,A1283
att,A1284,A2339
att,A1284,A2140
att,A1284,A526
att,A1284,A1542
att,A1284,A2178
att,A1284,A1862
att,A1284,A561
att,A1284,A1784
att,A1284,A2077
att,A1284,A2565
att,A1284,A1973
att,A1286,A402
att,A1286,A1420
att,A1286,A2552
att,A1287,A1581
att,A1287,A1602
att,A1287,A484
att,A1287,A62
att,A1292,A1081
att,A1292,A1945
att,A1292,A2334
att,A1292,A1770
att,A1292,A628
att,A1292,A1734
att,A1292,A1710
att,A1292,A2284
att,A1292,A164
att,A1292,A1453
att,A1292,A2202
att,A1292,A2626
att,A1292,A916
att,A1292,A1788
att,A1292,A1445
att,A1292,A2075
att,A1292,A2025
att,A1292,A1125
att,A1292,A2065
att,A1292,A1628
att,A1292,A2633
att,A1292,A1429
att,A1292,A1193
att,A1292,A2575
att,A1292,A707
att,A1294,A1910
att,A1294,A2328
att,A1294,A549
att,A1294,A2172
att,A1294,A40
att,A1294,A1022
att,A1294,A1205
att,A1294,A2257
att,A1294,A950
att,A1294,A1907
att,A1294,A742
att,A1294,A2008
att,A1294,A1213
att,A1295,A2383
att,A1295,A2554
att,A1295,A2549
att,A1295,A348
att,A1296,A1258
att,A1296,A582
att,A1296,A1067
att,A1296,A1970
att,A1296,A2250
att,A1296,A1722
att,A1296,A1953
att,A1296,A315
att,A1297,A344
att,A1297,A2380
att,A1297,A1724
att,A1297,A843
att,A1297,A2426
att,A1297,A1684
att,A1297,A2140
att,A1298,A459
att,A1298,A2002
att,A1298,A1879
att,A1298,A596
att,A1298,A2643
att,A1298,A950
att,A1298,A2693
att,A1298,A1907
att,A1298,A1276
att,A1298,A144
att,A1298,A1913
att,A1298,A1410
att,A1300,A2389
att,A1300,A160
att,A1300,A2607
att,A1300,A1133
att,A1300,A2306
att,A1300,A1502
att,A1301,A1213
att,A1301,A1788
att,A1301,A1016
att,A1301,A520
att,A1301,A2674
att,A1301,A1765
att,A1301,A1594
att,A1301,A1863
att,A1301,A1730
att,A1301,A1818
att,A1301,A183
att,A1301,A1630
att,A1301,A2572
att,A1301,A0
att,A1301,A1292
att,A1301,A1940
att,A1301,A1149
att,A1301,A2327
att,A1301,A2419
att,A1301,A514
att,A1301,A385
att,A1301,A225
att,A1301,A1523
att,A1301,A467
att,A1301,A2508
att,A1304,A1913
att,A1304,A971
att,A1304,A929
att,A1304,A2685
att,A1304,A306
att,A1304,A435
att,A1304,A695
att,A1304,A1849
att,A1307,A940
att,A1307,A1515
att,A1307,A304
att,A1307,A2602
att,A1307,A968
att,A1307,A500
att,A1307,A1756
att,A1307,A461
att,A1307,A1500
att,A1307,A1753
att,A1307,A2551
att,A1307,A308
att,A1307,A2673
att,A1307,A1867
att,A1307,A2254
att,A1307,A1286
att,A1307,A1936
att,A1310,A252
att,A1310,A165
att,A1310,A298
att,A1310,A2247
att,A1310,A464
att,A1310,A1932
att,A1310,A2142
att,A1310,A1061
att,A1311,A45
att,A1311,A2284
att,A1311,A936
att,A1311,A1844
att,A1311,A2431
att,A1311,A804
att,A1311,A1852
att,A1311,A1485
att,A1311,A2302
att,A1311,A320
att,A1311,A939
att,A1313,A2243
att,A1313,A798
att,A1313,A1512
att,A1313,A409
att,A1313,A191
att,A1313,A2546
att,A1313,A2383
att,A1313,A2480
att,A1313,A1108
att,A1313,A594
att,A1313,A2592
att,A1313,A350
att,A1313,A1514
att,A1313,A1450
att,A1313,A2658
att,A1313,A2345
att,A1313,A2213
att,A1313,A1476
att,A1313,A1631
att,A1313,A2275
att,A1313,A2450
att,A1313,A1466
att,A1313,A1756
att,A1313,A402
att,A1313,A776
att,A1313,A14
att,A1313,A527
att,A1314,A1145
att,A1314,A1960
att,A1314,A1640
att,A1314,A2230
att,A1314,A1705
att,A1314,A2645
att,A1314,A659
att,A1314,A435
att,A1314,A1958
att,A1314,A1502
att,A1316,A1995
att,A1316,A1998
att,A1316,A19
att,A1316,A2088
att,A1316,A361
att,A1316,A2013
att,A1316,A882
att,A1316,A927
att,A1316,A2652
att,A1316,A2439
att,A1316,A2300
att,A1316,A1186
att,A1316,A1313
att,A1316,A1988
att,A1316,A1768
att,A1316,A761
att,A1316,A920
att,A1316,A2430
att,A1316,A1470
att,A1317,A865
att,A1317,A2585
att,A1317,A1636
att,A1317,A1459
att,A1317,A2130
att,A1317,A1839
att,A1317,A2276
att,A1317,A1746
att,A1317,A2666
att,A1320,A327
att,A1320,A2263
att,A1320,A2559
att,A1320,A514
att,A1324,A101
att,A1324,A858
att,A1324,A761
att,A1324,A687
att,A1324,A1375
att,A1324,A48
att,A1324,A652
att,A1324,A1810
att,A1324,A1302
att,A1325,A633
att,A1325,A121
att,A1325,A129
att,A1325,A614
att,A1326,A1904
att,A1326,A2106
att,A1326,A768
att,A1326,A458
att,A1326,A384
att,A1326,A2492
att,A1326,A1671
att,A1326,A1643
att,A1326,A953
att,A1326,A2313
att,A1326,A1551
att,A1326,A2159
att,A1326,A261
att,A1326,A33
att,A1326,A1353
att,A1326,A1825
att,A1326,A32
att,A1326,A1552
att,A1326,A1419
att,A1326,A1839
att,A1326,A1672
att,A1327,A1623
att,A1327,A2402
att,A1327,A1040
att,A1327,A2150
att,A1327,A1500
att,A1327,A749
att,A1327,A860
att,A1328,A2505
att,A1328,A2463
att,A1328,A201
att,A1328,A1249
att,A1328,A2421
att,A1328,A2642
att,A1328,A829
att,A1328,A398
att,A1328,A720
att,A1328,A1668
att,A1328,A256
att,A1328,A1987
att,A1328,A2508
att,A1328,A992
att,A1328,A2614
att,A1328,A1750
att,A1328,A2143
att,A1328,A842
att,A1328,A1622
att,A1328,A1939
att,A1331,A395
att,A1331,A2161
att,A1331,A1444
att,A1331,A1621
att,A1333,A909
att,A1333,A21
att,A1334,A2454
att,A1334,A1229
att,A1334,A2345
att,A1334,A418
att,A1334,A1764
att,A1334,A2256
att,A1334,A676
att,A1334,A2043
att,A1334,A1945
att,A1334,A106
att,A1334,A1962
att,A1334,A1806
att,A1334,A26
att,A1334,A735
att,A1334,A2542
att,A1334,A1608
att,A1334,A1072
att,A1334,A1393
att,A1334,A293
att,A1334,A1712
att,A1334,A2564
att,A1334,A1127
att,A1334,A1516
att,A1334,A2389
att,A1334,A1656
att,A1334,A939
att,A1334,A2207
att,A1334,A1062
att,A1334,A401
att,A1336,A310
att,A1336,A2337
att,A1336,A1161
att,A1336,A2562
att,A1336,A1514
att,A1336,A1257
att,A1336,A2115
att,A1336,A1401
att,A1340,A2655
att,A1340,A411
att,A1340,A1316
att,A1340,A1668
att,A1340,A680
att,A1340,A2611
att,A1340,A883
att,A1340,A2016
att,A1340,A853
att,A1340,A779
att,A1347,A1372
att,A1347,A2152
att,A1347,A2449
att,A1347,A659
att,A1347,A305
att,A1347,A599
att,A1347,A138
att,A1347,A949
att,A1347,A1064
att,A1347,A2011
att,A1347,A2103
att,A1347,A2640
att,A1347,A1739
att,A1347,A2521
att,A1347,A253
att,A1349,A2579
att,A1349,A1665
att,A1349,A135
att,A1349,A1160
att,A1349,A165
att,A1349,A2479
att,A1349,A783
att,A1349,A2582
att,A1349,A402
att,A1349,A963
att,A1349,A677
att,A1349,A956
att,A1349,A2665
att,A1349,A2506
att,A1349,A159
att,A1349,A1715
att,A1349,A2063
att,A1349,A1952
att,A1352,A1741
att,A1352,A1613
att,A1352,A1489
att,A1352,A1708
att,A1352,A2455
att,A1352,A1166
att,A1352,A2025
att,A1352,A1324
att,A1352,A2565
att,A1352,A2478
att,A1352,A1788
att,A1352,A2018
att,A1352,A357
att,A1352,A2586
att,A1352,A290
att,A1352,A2474
att,A1352,A898
att,A1352,A119
att,A1353,A183
att,A1353,A1965
att,A1353,A1614
att,A1353,A441
att,A1353,A1887
att,A1353,A1957
att,A1353,A1620
att,A1353,A2402
att,A1353,A1082
att,A1353,A2229
att,A1353,A2277
att,A1353,A2371
att,A1353,A2615
att,A1353,A2648
att,A1353,A239
att,A1353,A2662
att,A1353,A127
att,A1353,A312
att,A1353,A251
att,A1353,A778
att,A1353,A1750
att,A1353,A479
att,A1353,A1097
att,A1353,A1823
att,A1353,A2644
att,A1353,A458
att,A1353,A128
att,A1353,A1967
att,A1354,A1244
att,A1354,A1975
att,A1354,A1038
att,A1354,A2507
att,A1354,A1873
att,A1354,A2334
att,A1354,A1724
att,A1354,A1234
att,A1354,A1830
att,A1354,A912
att,A1354,A1643
att,A1354,A1624
att,A1354,A417
att,A1355,A848
att,A1355,A258
att,A1355,A965
att,A1355,A298
att,A1355,A2368
att,A1355,A1633
att,A1355,A811
att,A1355,A360
att,A1355,A2590
att,A1355,A1268
att,A1355,A2045
att,A1355,A694
att,A1355,A1672
att,A1355,A2575
att,A1355,A1039
att,A1355,A946
att,A1358,A1980
att,A1358,A327
att,A1358,A1634
att,A1358,A335
att,A1358,A2248
att,A1358,A1729
att,A1358,A1270
att,A1358,A2590
att,A1358,A1348
att,A1358,A2104
att,A1358,A1745
att,A1358,A108
att,A1358,A1481
att,A1358,A1034
att,A1358,A2486
att,A1359,A2084
att,A1359,A776
att,A1359,A1587
att,A1359,A304
att,A1359,A372
att,A1359,A657
att,A1359,A1752
att,A1359,A1377
att,A1359,A1191
att,A1359,A503
att,A1359,A822
att,A1359,A1493
att,A1359,A1387
att,A1361,A20
att,A1361,A2538
att,A1361,A1177
att,A1361,A1178
att,A1361,A603
att,A1361,A1110
att,A1361,A1068
att,A1361,A420
att,A1363,A754
att,A1363,A190
att,A1363,A1706
att,A1363,A954
att,A1363,A141
att,A1363,A906
att,A1363,A2084
att,A1363,A1267
att,A1363,A2434
att,A1363,A1519
att,A1363,A1513
att,A1363,A75
att,A1363,A1388
att,A1363,A559
att,A1363,A383
att,A1363,A1888
att,A1363,A994
att,A1363,A2050
att,A1363,A2234
att,A1363,A1302
att,A1363,A2644
att,A1363,A2291
att,A1363,A375
att,A1363,A1520
att,A1363,A2293
att,A1363,A21
att,A1364,A1122
att,A1364,A2096
att,A1364,A139
att,A1364,A13
att,A1364,A1264
att,A1364,A2428
att,A1364,A1401
att,A1364,A1987
att,A1364,A1787
att,A1364,A1615
att,A1364,A582
att,A1364,A1891
att,A1364,A390
att,A1364,A1507
att,A1364,A194
att,A1364,A2180
att,A1364,A1757
att,A1364,A2485
att,A1365,A1730
att,A1365,A1469
att,A1365,A1122
att,A1365,A1965
att,A1365,A1053
att,A1365,A2304
att,A1365,A1762
att,A1365,A270
att,A1365,A32
att,A1365,A703
att,A1365,A472
att,A1365,A304
att,A1365,A2114
att,A1365,A2186
att,A1365,A2449
att,A1365,A1447
att,A1369,A1618
att,A1369,A2109
att,A1369,A1639
att,A1369,A2071
att,A1369,A2685
att,A1369,A21
att,A1369,A1587
att,A1369,A140
att,A1369,A1678
att,A1369,A1870
att,A1369,A427
att,A1369,A1685
att,A1369,A1357
att,A1369,A1139
att,A1369,A2217
att,A1369,A2439
att,A1369,A2264
att,A1369,A2056
att,A1369,A1064
att,A1369,A347
att,A1369,A1186
att,A1369,A73
att,A1369,A938
att,A1370,A257
att,A1370,A2570
att,A1370,A1777
att,A1370,A579
att,A1370,A2497
att,A1370,A2416
att,A1370,A1547
att,A1370,A868
att,A1370,A1548
att,A1370,A2310
att,A1370,A1306
att,A1371,A964
att,A1371,A2030
att,A1373,A1519
att,A1373,A152
att,A1374,A1160
att,A1374,A2343
att,A1374,A2162
att,A1374,A1318
att,A1374,A1864
att,A1374,A1467
att,A1374,A1406
att,A1374,A1027
att,A1374,A779
att,A1374,A1658
att,A1376,A1542
att,A1376,A1339
att,A1376,A598
att,A1376,A1290
att,A1376,A430
att,A1376,A1437
att,A1376,A1605
att,A1376,A827
att,A1376,A1394
att,A1376,A1553
att,A1376,A402
att,A1376,A298
att,A1376,A2650
att,A1376,A823
att,A1376,A2051
att,A1376,A774
att,A1377,A1557
att,A1377,A1609
att,A1377,A383
att,A1377,A1981
att,A1377,A2437
att,A1377,A1930
att,A1377,A1555
att,A1377,A2679
att,A1377,A2689
att,A1377,A226
att,A1377,A874
att,A1377,A2168
att,A1377,A335
att,A1377,A1920
att,A1377,A333
att,A1377,A491
att,A1377,A1779
att,A1377,A1137
att,A1377,A440
att,A1377,A1153
att,A1379,A1858
att,A1379,A599
att,A1379,A1368
att,A1379,A821
att,A1379,A1825
att,A1379,A1293
att,A1383,A1659
att,A1383,A2199
att,A1383,A1422
att,A1383,A404
att,A1383,A2458
att,A1383,A665
att,A1383,A1671
att,A1383,A2202
att,A1383,A869
att,A1383,A556
att,A1383,A182
att,A1383,A2161
att,A1383,A1164
att,A1383,A646
att,A1383,A675
att,A1383,A1686
att,A1383,A1173
att,A1383,A2541
att,A1383,A2553
att,A1383,A2467
att,A1383,A1974
att,A1385,A754
att,A1385,A2635
att,A1385,A481
att,A1385,A786
att,A1385,A1564
att,A1385,A1068
att,A1385,A532
att,A1385,A217
att,A1385,A1349
att,A1385,A215
att,A1385,A563
att,A1385,A31
att,A1385,A792
att,A1385,A2034
att,A1388,A2469
att,A1388,A2330
att,A1388,A30
att,A1388,A2519
att,A1388,A1441
att,A1388,A676
att,A1388,A1697
att,A1393,A1426
att,A1393,A1324
att,A1393,A589
att,A1393,A935
att,A1395,A756
att,A1395,A1588
att,A1395,A328
att,A1395,A485
att,A1395,A1952
att,A1395,A1871
att,A1395,A1091
att,A1395,A1073
att,A1395,A982
att,A1395,A134
att,A1395,A768
att,A1395,A1832
att,A1395,A276
att,A1395,A1003
att,A1395,A213
att,A1395,A2665
att,A1396,A2140
att,A1396,A1647
att,A1396,A479
att,A1396,A1521
att,A1396,A596
att,A1396,A2580
att,A1396,A2284
att,A1399,A505
att,A1399,A807
att,A1399,A879
att,A1399,A507
att,A1399,A2190
att,A1399,A2365
att,A1399,A2007
att,A1399,A1973
att,A1399,A2638
att,A1399,A2116
att,A1399,A2660
att,A1399,A1520
att,A1399,A1633
att,A1399,A841
att,A1399,A270
att,A1399,A1319
att,A1399,A1694
att,A1399,A271
att,A1399,A172
att,A1399,A1873
att,A1401,A1413
att,A1401,A83
att,A1406,A1913
att,A1406,A1103
att,A1406,A2223
att,A1406,A956
att,A1406,A581
att,A1407,A437
att,A1407,A2628
att,A1407,A2027
att,A1407,A341
att,A1407,A1803
att,A1407,A1896
att,A1407,A2198
att,A1407,A1128
att,A1407,A1936
att,A1407,A1700
att,A1407,A2367
att,A1407,A2135
att,A1408,A822
att,A1408,A1324
att,A1408,A577
att,A1408,A1478
att,A1408,A369
att,A1408,A583
att,A1408,A1704
att,A1408,A1301
att,A1408,A390
att,A1408,A1115
att,A1408,A920
att,A1408,A11
att,A1408,A2009
att,A1408,A382
att,A1409,A510
att,A1414,A1109
att,A1414,A2374
att,A1414,A1272
att,A1414,A1489
att,A1414,A136
att,A1414,A1578
att,A1414,A2532
att,A1414,A1658
att,A1414,A1108
att,A1414,A187
att,A1414,A2414
att,A1414,A1991
att,A1414,A452
att,A1414,A2262
att,A1414,A171
att,A1414,A65
att,A1414,A2321
att,A1414,A2631
att,A1414,A192
att,A1414,A2623
att,A1414,A1431
att,A1414,A1197
att,A1414,A1554
att,A1414,A2208
att,A1414,A536
att,A1414,A2168
att,A1414,A1512
att,A1414,A1237
att,A1414,A2672
att,A1414,A239
att,A1415,A2294
att,A1415,A1753
att,A1415,A1326
att,A1415,A1711
att,A1415,A2638
att,A1415,A2440
att,A1415,A2545
att,A1415,A2685
att,A1415,A1974
att,A1415,A1552
att,A1415,A2313
att,A1415,A1724
att,A1416,A1467
att,A1416,A340
att,A1416,A2554
att,A1416,A1185
att,A1416,A2516
att,A1416,A710
att,A1416,A2245
att,A1416,A2478
att,A1416,A139
att,A1416,A2389
att,A1416,A533
att,A1416,A918
att,A1416,A1007
att,A1416,A2086
att,A1416,A732
att,A1416,A2319
att,A1416,A2419
att,A1416,A1210
att,A1416,A2132
att,A1416,A966
att,A1418,A1773
att,A1418,A1178
att,A1418,A2575
att,A1418,A490
att,A1418,A1274
att,A1418,A1614
att,A1418,A2037
att,A1418,A1610
att,A1418,A415
att,A1418,A2174
att,A1418,A1994
att,A1418,A1326
att,A1420,A1350
att,A1420,A1923
att,A1420,A1165
att,A1420,A1584
att,A1420,A1852
att,A1420,A1624
att,A1420,A780
att,A1420,A252
att,A1420,A92
att,A1420,A1457
att,A1420,A250
att,A1420,A564
att,A1420,A1687
att,A1420,A1386
att,A1420,A2232
att,A1420,A699
att,A1420,A839
att,A1420,A194
att,A1420,A1726
att,A1420,A973
att,A1420,A1216
att,A1420,A2136
att,A1420,A352
att,A1420,A546
att,A1421,A1433
att,A1421,A1086
att,A1421,A2482
att,A1421,A2150
att,A1421,A226
att,A1421,A1704
att,A1421,A1008
att,A1421,A1258
att,A1421,A223
att,A1421,A652
att,A1421,A2440
att,A1421,A2546
att,A1421,A1564
att,A1421,A375
att,A1421,A1382
att,A1421,A1497
att,A1421,A189
att,A1422,A1213
att,A1422,A240
att,A1422,A2171
att,A1422,A1285
att,A1422,A2062
att,A1422,A1119
att,A1422,A505
att,A1422,A2587
att,A1422,A1738
att,A1422,A2457
att,A1422,A1011
att,A1422,A269
att,A1422,A2268
att,A1422,A539
att,A1422,A2167
att,A1422,A560
att,A1422,A2539
att,A1422,A916
att,A1423,A1860
att,A1423,A743
att,A1423,A1456
att,A1423,A1820
att,A1423,A458
att,A1423,A568
att,A1423,A326
att,A1423,A207
att,A1426,A53
att,A1426,A2643
att,A1426,A1829
att,A1426,A841
att,A1426,A1323
att,A1426,A2457
att,A1426,A2172
att,A1426,A2661
att,A1426,A996
att,A1426,A371
att,A1426,A2100
att,A1426,A1875
att,A1426,A740
att,A1426,A2516
att,A1426,A1043
att,A1426,A626
att,A1426,A1145
att,A1426,A1326
att,A1426,A2178
att,A1426,A2259
att,A1426,A724
att,A1426,A1119
att,A1427,A1905
att,A1427,A314
att,A1427,A1278
att,A1427,A2213
att,A1427,A1887
att,A1427,A1276
att,A1427,A129
att,A1427,A2204
att,A1427,A1374
att,A1427,A1706
att,A1427,A1041
att,A1427,A975
att,A1427,A1526
att,A1427,A2095
att,A1427,A1849
att,A1427,A1432
att,A1427,A1742
att,A1427,A1822
att,A1427,A1090
att,A1427,A2082
att,A1427,A1280
att,A1427,A351
att,A1427,A1527
att,A1427,A1258
att,A1427,A44
att,A1427,A2648
att,A1427,A763
att,A1427,A1611
att,A1427,A836
att,A1427,A2274
att,A1428,A201
att,A1428,A1112
att,A1428,A2392
att,A1428,A1605
att,A1428,A1746
att,A1429,A1502
att,A1429,A1335
att,A1429,A1688
att,A1429,A399
att,A1429,A59
att,A1429,A1138
att,A1429,A1877
att,A1429,A2617
att,A1429,A2081
att,A1429,A2109
att,A1429,A53
att,A1429,A2591
att,A1429,A2557
att,A1429,A1673
att,A1429,A1737
att,A1429,A2177
att,A1429,A1380
att,A1429,A1218
att,A1429,A1945
att,A1429,A1302
att,A1433,A1161
att,A1433,A497
att,A1433,A836
att,A1433,A913
att,A1433,A1488
att,A1433,A44
att,A1433,A1731
att,A1433,A1184
att,A1433,A1324
att,A1433,A1303
att,A1433,A1853
att,A1433,A1384
att,A1433,A2519
att,A1433,A2302
att,A1433,A584
att,A1433,A55
att,A1433,A1299
att,A1433,A398
att,A1433,A2551
att,A1433,A952
att,A1433,A2070
att,A1433,A222
att,A1433,A1983
att,A1435,A304
att,A1435,A1279
att,A1435,A2358
att,A1435,A1416
att,A1435,A2353
att,A1435,A1695
att,A1435,A413
att,A1435,A382
att,A1435,A1708
att,A1435,A2307
att,A1435,A776
att,A1435,A1560
att,A1436,A2354
att,A1436,A2403
att,A1436,A594
att,A1436,A2103
att,A1436,A900
att,A1436,A1065
att,A1436,A2671
att,A1436,A1894
att,A1436,A574
att,A1437,A2396
att,A1437,A1449
att,A1437,A2683
att,A1437,A2376
att,A1437,A2154
att,A1437,A2326
att,A1437,A2631
att,A1437,A1662
att,A1437,A739
att,A1437,A1753
att,A1437,A17
att,A1437,A620
att,A1437,A2126
att,A1437,A1767
att,A1437,A1215
att,A1438,A612
att,A1438,A640
att,A1438,A1069
att,A1438,A936
att,A1438,A512
att,A1438,A1368
att,A1438,A1429
att,A1438,A2638
att,A1438,A290
att,A1438,A1528
att,A1438,A1707
att,A1438,A539
att,A1438,A1140
att,A1438,A2576
att,A1438,A655
att,A1438,A2691
att,A1440,A1742
att,A1440,A739
att,A1440,A438
att,A1440,A915
att,A1440,A1032
att,A1440,A773
att,A1440,A2248
att,A1440,A113
att,A1440,A1979
att,A1440,A2404
att,A1440,A664
att,A1440,A392
att,A1440,A1644
att,A1440,A1941
att,A1440,A1592
att,A1440,A2231
att,A1440,A1479
att,A1443,A1070
att,A1443,A453
att,A1443,A2313
att,A1443,A375
att,A1443,A707
att,A1443,A1106
att,A1443,A1055
att,A1443,A981
att,A1443,A793
att,A1443,A348
att,A1443,A1097
att,A1443,A2046
att,A1443,A2598
att,A1443,A106
att,A1443,A2669
att,A1443,A1365
att,A1443,A2409
att,A1443,A2405
att,A1452,A533
att,A1452,A995
att,A1452,A1262
att,A1452,A2383
att,A1452,A884
att,A1452,A217
att,A1452,A689
att,A1452,A1759
att,A1452,A1431
att,A1452,A1770
att,A1452,A505
att,A1452,A2188
att,A1453,A1216
att,A1453,A934
att,A1453,A364
att,A1453,A1652
att,A1453,A67
att,A1453,A2582
att,A1453,A653
att,A1453,A1204
att,A1455,A2167
att,A1455,A712
att,A1455,A1525
att,A1455,A2260
att,A1455,A273
att,A1455,A1886
att,A1455,A1564
att,A1455,A84
att,A1455,A748
att,A1455,A824
att,A1457,A320
att,A1457,A103
att,A1457,A1081
att,A1457,A1508
att,A1457,A1592
att,A1457,A35
att,A1457,A1675
att,A1457,A2428
att,A1461,A2662
att,A1461,A866
att,A1461,A1892
att,A1461,A5
att,A1461,A2171
att,A1461,A1994
att,A1461,A663
att,A1461,A2588
att,A1461,A474
att,A1461,A1514
att,A1461,A2317
att,A1461,A2356
att,A1461,A2074
att,A1461,A1299
att,A1461,A505
att,A1461,A210
att,A1461,A2692
att,A1461,A834
att,A1461,A756
att,A1461,A1389
att,A1461,A492
att,A1461,A1095
att,A1461,A765
att,A1461,A2622
att,A1461,A1382
att,A1461,A345
att,A1461,A690
att,A1462,A412
att,A1464,A2615
att,A1464,A463
att,A1464,A2086
att,A1464,A1489
att,A1464,A1270
att,A1464,A481
att,A1464,A1324
att,A1464,A774
att,A1464,A314
att,A1464,A1938
att,A1464,A2506
att,A1464,A1943
att,A1464,A1437
att,A1464,A58
att,A1464,A2540
att,A1464,A2360
att,A1464,A1124
att,A1464,A160
att,A1464,A1449
att,A1464,A1093
att,A1464,A780
att,A1464,A2458
att,A1464,A2512
att,A1464,A325
att,A1465,A1095
att,A1465,A1885
att,A1465,A2485
att,A1465,A2502
att,A1465,A12
att,A1465,A2554
att,A1465,A2004
att,A1465,A1428
att,A1465,A1610
att,A1465,A93
att,A1465,A1356
att,A1465,A403
att,A1465,A1315
att,A1465,A9
att,A1465,A1030
att,A1465,A1225
att,A1465,A148
att,A1465,A287
att,A1468,A2320
att,A1468,A350
att,A1468,A288
att,A1468,A1157
att,A1468,A1207
att,A1468,A2224
att,A1468,A2307
att,A1468,A2146
att,A1468,A130
att,A1468,A236
att,A1468,A1949
att,A1468,A600
att,A1468,A441
att,A1468,A2160
att,A1468,A1506
att,A1468,A1497
att,A1468,A513
att,A1468,A248
att,A1468,A1092
att,A1468,A1563
att,A1468,A2115
att,A1469,A482
att,A1469,A2183
att,A1469,A523
att,A1469,A2178
att,A1469,A1589
att,A1469,A1065
att,A1469,A57
att,A1469,A232
att,A1469,A51
att,A1469,A1018
att,A1469,A1615
att,A1471,A596
att,A1471,A656
att,A1471,A612
att,A1471,A1131
att,A1471,A1025
att,A1471,A2447
att,A1471,A854
att,A1471,A2398
att,A1472,A2396
att,A1472,A2216
att,A1472,A64
att,A1472,A1840
att,A1472,A1733
att,A1473,A2203
att,A1473,A924
att,A1473,A1756
att,A1473,A1278
att,A1473,A1594
att,A1473,A909
att,A1473,A2359
att,A1473,A1824
att,A1473,A2440
att,A1473,A231
att,A1473,A2077
att,A1473,A661
att,A1473,A1812
att,A1473,A2073
att,A1473,A2472
att,A1473,A390
att,A1474,A1120
att,A1474,A1578
att,A1474,A1167
att,A1474,A1008
att,A1474,A1987
att,A1474,A1745
att,A1474,A792
att,A1474,A2446
att,A1474,A616
att,A1474,A2693
att,A1474,A2061
att,A1474,A1641
att,A1474,A532
att,A1474,A1846
att,A1474,A1593
att,A1474,A2100
att,A1474,A672
att,A1474,A2452
att,A1475,A2350
att,A1475,A1250
att,A1475,A962
att,A1475,A279
att,A1475,A411
att,A1475,A2515
att,A1475,A2075
att,A1475,A2224
att,A1476,A459
att,A1476,A2246
att,A1476,A491
att,A1476,A1105
att,A1476,A1122
att,A1476,A2367
att,A1476,A66
att,A1476,A1561
att,A1476,A2675
att,A1476,A1360
att,A1476,A1319
att,A1476,A686
att,A1476,A1075
att,A1476,A2417
att,A1476,A1338
att,A1476,A1778
att,A1476,A155
att,A1476,A1444
att,A1476,A576
att,A1476,A642
att,A1483,A2250
att,A1483,A2681
att,A1483,A1464
att,A1483,A2558
att,A1483,A1491
att,A1486,A947
att,A1486,A2599
att,A1486,A1432
att,A1486,A803
att,A1486,A2119
att,A1486,A721
att,A1486,A1327
att,A1486,A2459
att,A1486,A900
att,A1486,A1915
att,A1486,A734
att,A1486,A715
att,A1486,A693
att,A1486,A1101
att,A1486,A2304
att,A1486,A108
att,A1486,A122
att,A1486,A207
att,A1486,A1252
att,A1486,A1815
att,A1486,A2296
att,A1486,A118
att,A1486,A1573
att,A1486,A193
att,A1486,A1763
att,A1486,A2267
att,A1486,A2057
att,A1486,A1448
att,A1486,A2268
att,A1488,A478
att,A1488,A2376
att,A1488,A970
att,A1488,A403
att,A1488,A154
att,A1488,A99
att,A1488,A1309
att,A1488,A2450
att,A1488,A706
att,A1488,A2667
att,A1488,A1153
att,A1488,A2130
att,A1488,A1404
att,A1488,A2375
att,A1488,A1271
att,A1488,A1772
att,A1488,A2025
att,A1488,A1123
att,A1488,A1434
att,A1490,A745
att,A1490,A677
att,A1490,A1667
att,A1490,A1911
att,A1490,A1419
att,A1490,A1362
att,A1492,A448
att,A1492,A493
att,A1492,A2187
att,A1492,A2491
att,A1492,A21
att,A1492,A1247
att,A1492,A880
att,A1492,A2135
att,A1492,A2065
att,A1493,A853
att,A1493,A1040
att,A1493,A2193
att,A1493,A216
att,A1493,A37
att,A1493,A2172
att,A1493,A1735
att,A1493,A2253
att,A1493,A2466
att,A1493,A748
att,A1493,A171
att,A1493,A736
att,A1493,A440
att,A1493,A958
att,A1493,A161
att,A1493,A1062
att,A1493,A1226
att,A1493,A487
att,A1493,A1180
att,A1493,A2051
att,A1493,A172
att,A1493,A1520
att,A1496,A2489
att,A1496,A970
att,A1496,A996
att,A1498,A1750
att,A1498,A2158
att,A1504,A2617
att,A1504,A1400
att,A1504,A2628
att,A1504,A1066
att,A1504,A848
att,A1504,A493
att,A1504,A2198
att,A1504,A609
att,A1509,A1976
att,A1509,A412
att,A1509,A1629
att,A1509,A2153
att,A1509,A2015
att,A1509,A2684
att,A1509,A312
att,A1517,A2349
att,A1517,A2216
att,A1517,A1606
att,A1517,A1608
att,A1517,A2600
att,A1517,A2573
att,A1517,A209
att,A1518,A1518
att,A1518,A612
att,A1518,A255
att,A1518,A89
att,A1518,A240
att,A1521,A1168
att,A1521,A1249
att,A1521,A92
att,A1521,A2690
att,A1521,A469
att,A1521,A962
att,A1521,A2221
att,A1521,A858
att,A1521,A918
att,A1521,A480
att,A1521,A1848
att,A1521,A546
att,A1524,A928
att,A1524,A2171
att,A1524,A1482
att,A1524,A1348
att,A1524,A144
att,A1524,A2558
att,A1524,A172
att,A1524,A1689
att,A1524,A118
att,A1524,A1904
att,A1524,A2608
att,A1524,A1590
att,A1524,A2123
att,A1524,A2681
att,A1524,A2292
att,A1524,A668
att,A1524,A43
att,A1527,A2027
att,A1527,A1538
att,A1527,A1319
att,A1527,A2168
att,A1527,A455
att,A1527,A2091
att,A1528,A1018
att,A1528,A468
att,A1528,A1064
att,A1528,A1939
att,A1528,A1950
att,A1528,A1841
att,A1528,A641
att,A1528,A2006
att,A1528,A1142
att,A1528,A2308
att,A1528,A2260
att,A1528,A480
att,A1528,A143
att,A1528,A757
att,A1528,A2451
att,A1528,A1588
att,A1528,A2285
att,A1528,A242
att,A1530,A1878
att,A1530,A306
att,A1530,A2150
att,A1530,A408
att,A1530,A662
att,A1530,A591
att,A1530,A2558
att,A1530,A2059
att,A1530,A612
att,A1530,A2689
att,A1530,A1075
att,A1530,A1461
att,A1530,A2230
att,A1530,A2004
att,A1530,A1
att,A1530,A1714
att,A1530,A1746
att,A1530,A1116
att,A1530,A722
att,A1530,A1672
att,A1530,A1537
att,A1532,A2423
att,A1532,A1086
att,A1532,A1826
att,A1532,A188
att,A1532,A1697
att,A1534,A933
att,A1534,A1886
att,A1534,A2319
att,A1534,A78
att,A1534,A405
att,A1534,A1640
att,A1534,A2059
att,A1534,A63
att,A1534,A2176
att,A1534,A1265
att,A1534,A2656
att,A1534,A2481
att,A1534,A1705
att,A1534,A1552
att,A1534,A1830
att,A1534,A767
att,A1534,A17
att,A1534,A2629
att,A1534,A760
att,A1535,A1834
att,A1535,A1452
att,A1535,A2549
att,A1535,A2295
att,A1535,A2521
att,A1535,A1480
att,A1535,A1828
att,A1535,A122
att,A1535,A2285
att,A1535,A2506
att,A1535,A803
att,A1535,A1624
att,A1535,A38
att,A1535,A979
att,A1535,A1035
att,A1535,A16
att,A1535,A1843
att,A1535,A153
att,A1535,A198
att,A1535,A360
att,A1535,A1601
att,A1537,A1185
att,A1537,A2414
att,A1537,A2486
att,A1537,A604
att,A1537,A612
att,A1537,A1789
att,A1537,A6
att,A1537,A1080
att,A1537,A1071
att,A1537,A1370
att,A1537,A2155
att,A1537,A2209
att,A1539,A1537
att,A1539,A627
att,A1539,A830
att,A1539,A1628
att,A1539,A1815
att,A1539,A1037
att,A1539,A1987
att,A1539,A990
att,A1539,A1304
att,A1539,A2380
att,A1539,A2581
att,A1539,A2058
att,A1539,A2285
att,A1539,A1435
att,A1539,A1550
att,A1539,A971
att,A1539,A510
att,A1539,A1219
att,A1539,A373
att,A1539,A2464
att,A1539,A558
att,A1539,A773
att,A1539,A1084
att,A1540,A1462
att,A1540,A639
att,A1540,A175
att,A1540,A439
att,A1540,A1517
att,A1540,A1506
att,A1541,A625
att,A1541,A1645
att,A1542,A380
att,A1542,A1725
att,A1542,A520
att,A1542,A2399
att,A1542,A2529
att,A1542,A786
att,A1542,A2575
att,A1542,A2181
att,A1542,A394
att,A1542,A2514
att,A1543,A2452
att,A1543,A1698
att,A1543,A2297
att,A1543,A360
att,A1543,A1696
att,A1543,A591
att,A1543,A771
att,A1543,A2217
att,A1543,A1900
att,A1543,A1810
att,A1543,A2570
att,A1543,A1160
att,A1543,A792
att,A1543,A241
att,A1543,A2362
att,A1543,A1009
att,A1543,A614
att,A1543,A190
att,A1544,A252
att,A1544,A1105
att,A1544,A1568
att,A1544,A818
att,A1544,A620
att,A1544,A2322
att,A1544,A2082
att,A1544,A408
att,A1544,A824
att,A1544,A1004
att,A1544,A1986
att,A1544,A1336
att,A1544,A2680
att,A1544,A662
att,A1544,A754
att,A1544,A422
att,A1544,A1220
att,A1545,A1530
att,A1545,A1468
att,A1545,A968
att,A1545,A92
att,A1545,A661
att,A1545,A1439
att,A1545,A1079
att,A1545,A2088
att,A1545,A374
att,A1546,A1081
att,A1546,A890
att,A1546,A799
att,A1546,A2269
att,A1546,A1614
att,A1546,A1371
att,A1546,A1779
att,A1546,A561
att,A1546,A2399
att,A1546,A2314
att,A1546,A1178
att,A1546,A789
att,A1546,A12
att,A1546,A586
att,A1546,A2561
att,A1546,A1499
att,A1546,A1642
att,A1546,A597
att,A1546,A1248
att,A1546,A654
att,A1546,A249
att,A1546,A2206
att,A1547,A1046
att,A1547,A2013
att,A1547,A2582
att,A1547,A744
att,A1547,A2637
att,A1547,A498
att,A1547,A425
att,A1547,A1477
att,A1547,A464
att,A1547,A2384
att,A1547,A1252
att,A1547,A862
att,A1547,A289
att,A1547,A2012
att,A1547,A282
att,A1547,A1818
att,A1547,A186
att,A1547,A1778
att,A1547,A2151
att,A1547,A865
att,A1547,A2243
att,A1547,A2453
att,A1547,A2416
att,A1547,A34
att,A1547,A1087
att,A1548,A852
att,A1548,A225
att,A1548,A2394
att,A1548,A1273
att,A1548,A1675
att,A1548,A998
att,A1548,A1230
att,A1548,A1932
att,A1548,A573
att,A1548,A1756
att,A1548,A2190
att,A1548,A2650
att,A1548,A337
att,A1549,A1194
att,A1549,A2025
att,A1554,A1216
att,A1554,A743
att,A1554,A1835
att,A1554,A2562
att,A1554,A1747
att,A1554,A713
att,A1554,A1088
att,A1554,A261
att,A1554,A730
att,A1556,A115
att,A1556,A1960
att,A1556,A278
att,A1556,A603
att,A1556,A2248
att,A1556,A1024
att,A1556,A2167
att,A1556,A52
att,A1556,A4
att,A1556,A1448
att,A1556,A226
att,A1556,A1695
att,A1556,A1076
att,A1556,A1282
att,A1556,A548
att,A1556,A164
att,A1556,A1799
att,A1556,A432
att,A1556,A1748
att,A1556,A54
att,A1556,A2039
att,A1556,A1929
att,A1556,A225
att,A1556,A1276
att,A1556,A896
att,A1559,A1257
att,A1559,A2375
att,A1559,A2123
att,A1559,A2421
att,A1559,A2577
att,A1559,A1731
att,A1559,A2641
att,A1559,A2006
att,A1559,A2547
att,A1559,A1799
att,A1559,A2431
att,A1559,A1056
att,A1559,A797
att,A1561,A1479
att,A1561,A2698
att,A1561,A1080
att,A1561,A1635
att,A1561,A206
att,A1561,A1203
att,A1561,A2342
att,A1561,A2246
att,A1564,A2361
att,A1564,A1767
att,A1564,A2354
att,A1564,A1086
att,A1564,A1822
att,A1564,A737
att,A1564,A2472
att,A1564,A1752
att,A1564,A1210
att,A1564,A1887
att,A1564,A1874
att,A1564,A260
att,A1564,A2029
att,A1564,A452
att,A1564,A2617
att,A1564,A601
att,A1564,A2318
att,A1565,A2628
att,A1565,A1170
att,A1565,A2000
att,A1565,A1089
att,A1565,A1025
att,A1565,A2487
att,A1565,A514
att,A1565,A1296
att,A1565,A238
att,A1567,A1486
att,A1567,A1333
att,A1567,A1749
att,A1567,A2436
att,A1567,A1441
att,A1567,A319
att,A1567,A596
att,A1567,A13
att,A1567,A2684
att,A1567,A1555
att,A1567,A1497
att,A1567,A1661
att,A1567,A1741
att,A1567,A2478
att,A1567,A2543
att,A1567,A8
att,A1567,A637
att,A1568,A41
att,A1568,A174
att,A1568,A1893
att,A1568,A2091
att,A1568,A944
att,A1568,A400
att,A1568,A270
att,A1568,A2686
att,A1568,A2573
att,A1568,A715
att,A1568,A25
att,A1568,A2154
att,A1568,A829
att,A1568,A2469
att,A1568,A1671
att,A1568,A1903
att,A1568,A2389
att,A1568,A2566
att,A1568,A1260
att,A1569,A2200
att,A1569,A1209
att,A1569,A1140
att,A1569,A102
att,A1569,A2079
att,A1569,A1917
att,A1569,A2342
att,A1569,A204
att,A1569,A1652
att,A1569,A162
att,A1569,A2199
att,A1569,A375
att,A1569,A1044
att,A1569,A418
att,A1569,A2083
att,A1569,A1133
att,A1569,A2567
att,A1569,A1367
att,A1569,A2485
att,A1569,A54
att,A1569,A1580
att,A1569,A2111
att,A1571,A1921
att,A1571,A654
att,A1571,A1427
att,A1571,A1616
att,A1571,A461
att,A1571,A966
att,A1571,A875
att,A1571,A2265
att,A1574,A1896
att,A1574,A326
att,A1574,A111
att,A1574,A1684
att,A1574,A506
att,A1574,A1504
att,A1574,A145
att,A1574,A2225
att,A1574,A1489
att,A1574,A2233
att,A1574,A1478
att,A1574,A1623
att,A1574,A1525
att,A1574,A170
att,A1574,A1079
att,A1574,A2637
att,A1574,A211
att,A1574,A1205
att,A1574,A2446
att,A1574,A1818
att,A1574,A273
att,A1574,A1523
att,A1574,A547
att,A1574,A304
att,A1574,A476
att,A1574,A713
att,A1574,A1289
att,A1580,A1439
att,A1580,A203
att,A1580,A504
att,A1580,A1461
att,A1580,A1744
att,A1580,A1398
att,A1580,A1485
att,A1580,A890
att,A1580,A120
att,A1580,A348
att,A1580,A1828
att,A1580,A2306
att,A1580,A760
att,A1580,A1358
att,A1580,A1897
att,A1580,A2345
att,A1580,A654
att,A1580,A979
att,A1580,A1718
att,A1580,A1772
att,A1580,A916
att,A1580,A452
att,A1580,A1337
att,A1580,A2602
att,A1581,A638
att,A1581,A2107
att,A1581,A190
att,A1581,A1110
att,A1581,A2527
att,A1581,A1723
att,A1581,A1623
att,A1581,A517
att,A1581,A2091
att,A1581,A1828
att,A1581,A252
att,A1584,A2080
att,A1584,A1227
att,A1584,A729
att,A1584,A1050
att,A1584,A1698
att,A1584,A1048
att,A1584,A2346
att,A1584,A2043
att,A1584,A2522
att,A1584,A1080
att,A1584,A2400
att,A1584,A2097
att,A1584,A797
att,A1584,A2450
att,A1584,A803
att,A1585,A2226
att,A1585,A135
att,A1585,A1762
att,A1585,A2351
att,A1585,A2255
att,A1585,A2039
att,A1585,A409
att,A1585,A1363
att,A1585,A1202
att,A1585,A1865
att,A1585,A1058
att,A1585,A1254
att,A1585,A1730
att,A1585,A866
att,A1585,A1689
att,A1585,A2245
att,A1586,A198
att,A1586,A2533
att,A1586,A2273
att,A1586,A2644
att,A1586,A1632
att,A1586,A1524
att,A1586,A1473
att,A1588,A88
att,A1588,A1348
att,A1588,A687
att,A1589,A1653
att,A1589,A2090
att,A1589,A2650
att,A1589,A2394
att,A1589,A2005
att,A1589,A99
att,A1589,A98
att,A1589,A591
att,A1589,A1881
att,A1589,A1038
att,A1589,A2008
att,A1589,A2356
att,A1589,A2688
att,A1589,A1002
att,A1589,A843
att,A1589,A1496
att,A1589,A2279
att,A1589,A997
att,A1589,A692
att,A1589,A1421
att,A1589,A2254
att,A1591,A567
att,A1591,A659
att,A1591,A1825
att,A1591,A2149
att,A1591,A2061
att,A1594,A1449
att,A1594,A2
att,A1594,A441
att,A1594,A459
att,A1594,A1635
att,A1594,A262
att,A1594,A1468
att,A1596,A2538
att,A1599,A120
att,A1599,A1395
att,A1599,A1820
att,A1599,A1418
att,A1599,A22
att,A1599,A854
att,A1599,A2480
att,A1605,A913
att,A1605,A567
att,A1605,A2453
att,A1605,A1371
att,A1605,A565
att,A1605,A826
att,A1605,A1808
att,A1605,A2403
att,A1605,A958
att,A1605,A2406
att,A1605,A1956
att,A1605,A726
att,A1605,A1034
att,A1605,A1800
att,A1605,A1994
att,A1605,A788
att,A1605,A2279
att,A1605,A2277
att,A1607,A2320
att,A1607,A1303
att,A1607,A234
att,A1607,A2675
att,A1607,A1377
att,A1607,A1630
att,A1607,A2472
att,A1607,A733
att,A1607,A1810
att,A1607,A1561
att,A1609,A1240
att,A1609,A755
att,A1609,A1502
att,A1609,A1156
att,A1609,A2602
att,A1609,A442
att,A1609,A285
att,A1609,A187
att,A1609,A1993
att,A1609,A1370
att,A1609,A1604
att,A1609,A305
att,A1609,A897
att,A1610,A1943
att,A1610,A2168
att,A1610,A1489
att,A1610,A1164
att,A1610,A760
att,A1613,A1077
att,A1613,A2338
att,A1613,A2365
att,A1613,A227
att,A1613,A1138
att,A1613,A813
att,A1613,A1743
att,A1613,A2618
att,A1613,A1313
att,A1613,A410
att,A1613,A1550
att,A1613,A1599
att,A1613,A1963
att,A1613,A721
att,A1613,A400
att,A1613,A1274
att,A1613,A2072
att,A1613,A1641
att,A1613,A1733
att,A1613,A416
att,A1617,A1816
att,A1617,A1851
att,A1617,A2032
att,A1617,A627
att,A1617,A775
att,A1617,A2071
att,A1617,A452
att,A1617,A1603
att,A1617,A138
att,A1617,A6
att,A1617,A2437
att,A1617,A965
att,A1617,A2085
att,A1617,A1184
att,A1617,A1943
att,A1617,A1563
att,A1617,A1078
att,A1617,A1303
att,A1617,A2039
att,A1617,A1049
att,A1617,A2224
att,A1617,A1344
att,A1617,A2594
att,A1617,A501
att,A1617,A160
att,A1617,A510
att,A1617,A465
att,A1617,A1755
att,A1617,A1128
att,A1617,A2615
att,A1617,A753
att,A1624,A2601
att,A1624,A759
att,A1624,A2293
att,A1624,A360
att,A1624,A2253
att,A1624,A2228
att,A1624,A2217
att,A1624,A1921
att,A1624,A2390
att,A1624,A102
att,A1625,A1026
att,A1627,A221
att,A1627,A1781
att,A1627,A1007
att,A1627,A561
att,A1627,A1445
att,A1627,A861
att,A1627,A1109
att,A1630,A2379
att,A1630,A2241
att,A1630,A559
att,A1630,A442
att,A1630,A1545
att,A1630,A1277
att,A1630,A1732
att,A1630,A1404
att,A1630,A1146
att,A1630,A2194
att,A1630,A371
att,A1630,A297
att,A1630,A2183
att,A1630,A787
att,A1630,A2334
att,A1630,A811
att,A1630,A2332
att,A1630,A2512
att,A1630,A1414
att,A1630,A1649
att,A1630,A360
att,A1630,A1941
att,A1632,A608
att,A1632,A2343
att,A1632,A731
att,A1632,A529
att,A1632,A1850
att,A1632,A1654
att,A1632,A1442
att,A1632,A1840
att,A1632,A1243
att,A1632,A1119
att,A1632,A627
att,A1632,A2503
att,A1632,A1874
att,A1632,A1409
att,A1632,A1467
att,A1632,A2085
att,A1632,A2245
att,A1632,A1513
att,A1632,A2070
att,A1632,A905
att,A1632,A394
att,A1632,A1280
att,A1632,A1762
att,A1632,A2674
att,A1635,A1058
att,A1635,A155
att,A1635,A1264
att,A1635,A1251
att,A1635,A464
att,A1635,A496
att,A1635,A1674
att,A1635,A1616
att,A1635,A345
att,A1635,A2087
att,A1635,A1754
att,A1636,A1148
att,A1636,A2199
att,A1636,A977
att,A1636,A1131
att,A1636,A2658
att,A1636,A2102
att,A1636,A808
att,A1636,A1335
att,A1636,A2141
att,A1636,A526
att,A1636,A2196
att,A1636,A1983
att,A1636,A2333
att,A1636,A2188
att,A1636,A855
att,A1636,A937
att,A1636,A904
att,A1636,A2668
att,A1636,A1811
att,A1636,A161
att,A1636,A1711
att,A1638,A1236
att,A1638,A2588
att,A1638,A1324
att,A1638,A871
att,A1638,A1159
att,A1638,A1580
att,A1638,A1702
att,A1638,A1339
att,A1638,A130
att,A1638,A1606
att,A1638,A1402
att,A1638,A1498
att,A1638,A1871
att,A1638,A1647
att,A1640,A2203
att,A1640,A1493
att,A1640,A17
att,A1640,A2692
att,A1640,A1731
att,A1640,A2290
att,A1640,A728
att,A1640,A1879
att,A1640,A512
att,A1640,A953
att,A1640,A2389
att,A1640,A2142
att,A1640,A894
att,A1640,A2428
att,A1640,A1998
att,A1641,A1451
att,A1641,A599
att,A1641,A181
att,A1641,A1536
att,A1641,A2075
att,A1641,A1969
att,A1641,A1188
att,A1641,A552
att,A1641,A2630
att,A1641,A770
att,A1641,A1335
att,A1641,A1404
att,A1641,A809
att,A1643,A1972
att,A1643,A1217
att,A1643,A996
att,A1643,A1872
att,A1643,A1611
att,A1643,A89
att,A1643,A2439
att,A1643,A2109
att,A1643,A488
att,A1643,A252
att,A1643,A412
att,A1643,A1392
att,A1643,A2470
att,A1643,A1078
att,A1643,A987
att,A1643,A1369
att,A1643,A16
att,A1643,A627
att,A1643,A1112
att,A1643,A1531
att,A1643,A716
att,A1643,A1952
att,A1643,A2581
att,A1643,A392
att,A1643,A582
att,A1643,A1496
att,A1643,A1173
att,A1643,A1697
att,A1646,A1662
att,A1646,A1956
att,A1646,A2404
att,A1646,A2484
att,A1646,A1236
att,A1646,A216
att,A1646,A2412
att,A1646,A1064
att,A1646,A2652
att,A1646,A1980
att,A1646,A966
att,A1646,A1648
att,A1646,A1738
att,A1646,A383
att,A1646,A1762
att,A1646,A2322
att,A1646,A734
att,A1646,A1707
att,A1646,A1204
att,A1646,A1485
att,A1646,A1965
att,A1646,A1003
att,A1646,A1190
att,A1646,A1787
att,A1646,A1867
att,A1646,A1582
att,A1646,A2182
att,A1646,A637
att,A1646,A850
att,A1646,A99
att,A1648,A2697
att,A1648,A610
att,A1648,A2504
att,A1648,A2232
att,A1648,A1982
att,A1648,A475
att,A1648,A1256
att,A1648,A831
att,A1648,A991
att,A1648,A268
att,A1648,A1907
att,A1648,A133
att,A1648,A168
att,A1648,A521
att,A1648,A359
att,A1648,A976
att,A1648,A1745
att,A1648,A2304
att,A1648,A2556
att,A1648,A1676
att,A1648,A2010
att,A1650,A1021
att,A1650,A98
att,A1650,A112
att,A1650,A267
att,A1650,A2053
att,A1650,A1905
att,A1652,A389
att,A1652,A1228
att,A1652,A2415
att,A1652,A2357
att,A1652,A262
att,A1652,A1758
att,A1652,A1062
att,A1652,A322
att,A1652,A105
att,A1652,A899
att,A1652,A1835
att,A1652,A170
att,A1652,A1463
att,A1653,A335
att,A1653,A1593
att,A1653,A444
att,A1653,A783
att,A1656,A197
att,A1656,A961
att,A1656,A2159
att,A1656,A1215
att,A1656,A1315
att,A1656,A101
att,A1656,A1365
att,A1656,A1488
att,A1656,A1576
att,A1656,A1321
att,A1656,A1043
att,A1656,A2697
att,A1656,A1700
att,A1657,A2197
att,A1657,A934
att,A1657,A2638
att,A1657,A1211
att,A1657,A0
att,A1657,A556
att,A1657,A1484
att,A1657,A1866
att,A1657,A360
att,A1657,A557
att,A1657,A71
att,A1657,A568
att,A1657,A1565
att,A1657,A114
att,A1657,A2404
att,A1657,A1957
att,A1657,A2111
att,A1657,A768
att,A1657,A1694
att,A1657,A975
att,A1657,A167
att,A1657,A1884
att,A1657,A2417
att,A1657,A761
att,A1657,A162
att,A1657,A399
att,A1657,A1892
att,A1657,A1276
att,A1661,A826
att,A1661,A1044
att,A1661,A1371
att,A1661,A2200
att,A1661,A2697
att,A1661,A1797
att,A1661,A195
att,A1661,A416
att,A1661,A582
att,A1661,A1810
att,A1661,A1105
att,A1661,A1957
att,A1661,A712
att,A1661,A836
att,A1661,A152
att,A1662,A217
att,A1662,A1942
att,A1662,A397
att,A1662,A1049
att,A1662,A1325
att,A1662,A74
att,A1662,A272
att,A1662,A2118
att,A1664,A679
att,A1664,A2679
att,A1664,A1285
att,A1664,A1121
att,A1664,A690
att,A1664,A253
att,A1664,A1851
att,A1664,A2515
att,A1664,A41
att,A1664,A1950
att,A1664,A57
att,A1664,A61
att,A1664,A1943
att,A1664,A936
att,A1664,A1800
att,A1664,A2475
att,A1664,A2208
att,A1664,A2018
att,A1667,A187
att,A1667,A2469
att,A1667,A2140
att,A1667,A1658
att,A1667,A2171
att,A1667,A2154
att,A1667,A1779
att,A1667,A2014
att,A1667,A933
att,A1667,A2547
att,A1667,A468
att,A1667,A1286
att,A1667,A1282
att,A1667,A2202
att,A1667,A1809
att,A1667,A2399
att,A1667,A1891
att,A1667,A1361
att,A1668,A1093
att,A1668,A2411
att,A1668,A1103
att,A1668,A2179
att,A1668,A2231
att,A1668,A2034
att,A1668,A2629
att,A1668,A1721
att,A1673,A637
att,A1673,A1954
att,A1673,A2554
att,A1673,A1033
att,A1673,A640
att,A1673,A1718
att,A1673,A924
att,A1673,A1167
att,A1673,A449
att,A1674,A611
att,A1674,A1413
att,A1674,A1459
att,A1674,A452
att,A1674,A2408
att,A1674,A1733
att,A1674,A1457
att,A1674,A408
att,A1674,A690
att,A1674,A2612
att,A1674,A2371
att,A1674,A1680
att,A1674,A94
att,A1674,A2094
att,A1674,A2684
att,A1674,A2384
att,A1674,A220
att,A1674,A1262
att,A1675,A1937
att,A1675,A380
att,A1675,A636
att,A1675,A874
att,A1675,A2442
att,A1677,A1470
att,A1677,A1955
att,A1677,A1706
att,A1678,A1552
att,A1678,A873
att,A1678,A2574
att,A1678,A2223
att,A1678,A422
att,A1678,A1211
att,A1678,A2604
att,A1678,A2395
att,A1678,A140
att,A1678,A1387
att,A1678,A623
att,A1678,A1898
att,A1678,A1420
att,A1678,A1024
att,A1678,A1603
att,A1678,A1224
att,A1678,A2159
att,A1678,A2104
att,A1678,A571
att,A1678,A1349
att,A1678,A525
att,A1681,A1914
att,A1681,A1428
att,A1682,A2059
att,A1682,A1857
att,A1682,A122
att,A1682,A340
att,A1682,A683
att,A1682,A453
att,A1682,A1667
att,A1682,A1567
att,A1682,A1624
att,A1682,A576
att,A1682,A2055
att,A1682,A1853
att,A1682,A1859
att,A1683,A560
att,A1683,A653
att,A1683,A887
att,A1683,A2205
att,A1683,A2239
att,A1683,A1853
att,A1683,A2522
att,A1683,A1106
att,A1683,A1515
att,A1683,A1008
att,A1683,A1421
att,A1683,A2292
att,A1683,A784
att,A1683,A2182
att,A1683,A1464
att,A1684,A307
att,A1684,A1612
att,A1684,A1805
att,A1684,A1939
att,A1684,A1513
att,A1684,A401
att,A1684,A504
att,A1684,A1472
att,A1684,A2461
att,A1684,A1817
att,A1686,A789
att,A1686,A2394
att,A1686,A1718
att,A1686,A2670
att,A1686,A1251
att,A1686,A2517
att,A1686,A695
att,A1686,A415
att,A1686,A1810
att,A1686,A1149
att,A1686,A2160
att,A1686,A981
att,A1686,A2479
att,A1686,A653
att,A1686,A1086
att,A1686,A1272
att,A1686,A989
att,A1686,A1182
att,A1686,A972
att,A1686,A77
att,A1686,A1324
att,A1686,A1515
att,A1686,A2080
att,A1686,A1007
att,A1686,A1528
att,A1686,A1857
att,A1686,A599
att,A1686,A539
att,A1686,A2644
att,A1687,A1578
att,A1687,A625
att,A1687,A891
att,A1687,A2367
att,A1688,A2579
att,A1688,A5
att,A1688,A802
att,A1688,A517
att,A1688,A1165
att,A1688,A1170
att,A1688,A1266
att,A1688,A308
att,A1688,A4
att,A1688,A530
att,A1688,A1772
att,A1688,A475
att,A1688,A478
att,A1688,A292
att,A1688,A2383
att,A1688,A244
att,A1688,A1061
att,A1688,A2186
att,A1688,A1617
att,A1688,A1548
att,A1689,A2247
att,A1689,A1351
att,A1689,A1186
att,A1689,A750
att,A1689,A966
att,A1689,A1426
att,A1689,A1873
att,A1690,A2601
att,A1690,A2099
att,A1690,A668
att,A1690,A932
att,A1690,A1540
att,A1690,A2112
att,A1690,A2478
att,A1691,A473
att,A1691,A1679
att,A1691,A2211
att,A1691,A2570
att,A1691,A90
att,A1691,A1728
att,A1691,A1477
att,A1691,A94
att,A1691,A1897
att,A1691,A1476
att,A1691,A1554
att,A1691,A2697
att,A1691,A2096
att,A1691,A1262
att,A1691,A1216
att,A1691,A2637
att,A1691,A672
att,A1691,A1463
att,A1692,A1924
att,A1692,A1677
att,A1692,A709
att,A1692,A2089
att,A1692,A1005
att,A1692,A529
att,A1692,A2299
att,A1692,A554
att,A1692,A131
att,A1692,A1315
att,A1692,A1412
att,A1692,A1836
att,A1692,A1910
att,A1692,A1191
att,A1692,A625
att,A1694,A2620
att,A1694,A161
att,A1694,A2068
att,A1694,A2362
att,A1694,A920
att,A1694,A1467
att,A1694,A1460
att,A1694,A1405
att,A1694,A1948
att,A1694,A2273
att,A1694,A282
att,A1694,A83
att,A1694,A2503
att,A1694,A2510
att,A1694,A2103
att,A1696,A59
att,A1696,A1685
att,A1696,A2273
att,A1696,A1329
att,A1696,A368
att,A1696,A294
att,A1696,A1837
att,A1696,A17
att,A1704,A706
att,A1704,A2409
att,A1704,A510
att,A1704,A532
att,A1704,A1477
att,A1704,A1729
att,A1704,A2088
att,A1704,A2292
att,A1704,A2432
att,A1704,A778
att,A1704,A1915
att,A1704,A2532
att,A1704,A308
att,A1705,A997
att,A1705,A2250
att,A1706,A2617
att,A1706,A803
att,A1706,A2242
att,A1706,A1540
att,A1707,A2442
att,A1707,A108
att,A1707,A636
att,A1707,A2582
att,A1707,A2094
att,A1707,A203
att,A1708,A1398
att,A1708,A775
att,A1708,A1358
att,A1708,A2230
att,A1708,A2262
att,A1708,A1221
att,A1708,A618
att,A1708,A938
att,A1708,A2355
att,A1708,A559
att,A1708,A1517
att,A1708,A1223
att,A1708,A1886
att,A1708,A1713
att,A1708,A1237
att,A1708,A1506
att,A1708,A457
att,A1708,A1768
att,A1708,A376
att,A1708,A2597
att,A1708,A1663
att,A1709,A1547
att,A1709,A2001
att,A1709,A1380
att,A1709,A1908
att,A1709,A1958
att,A1709,A253
att,A1709,A2683
att,A1709,A1376
att,A1709,A2450
att,A1709,A1655
att,A1709,A1012
att,A1709,A386
att,A1709,A2517
att,A1709,A2454
att,A1709,A672
att,A1709,A1738
att,A1710,A1194
att,A1710,A1006
att,A1710,A1121
att,A1710,A812
att,A1710,A2658
att,A1710,A905
att,A1710,A1364
att,A1710,A2638
att,A1710,A1534
att,A1710,A342
att,A1710,A90
att,A1710,A649
att,A1710,A409
att,A1710,A2019
att,A1710,A1028
att,A1710,A1271
att,A1710,A2254
att,A1710,A1252
att,A1710,A699
att,A1710,A1855
att,A1712,A232
att,A1712,A2188
att,A1712,A798
att,A1712,A2512
att,A1712,A1734
att,A1712,A2323
att,A1712,A1008
att,A1712,A777
att,A1712,A1904
att,A1712,A679
att,A1712,A1566
att,A1712,A2241
att,A1712,A1387
att,A1712,A1889
att,A1712,A2061
att,A1712,A1082
att,A1712,A1507
att,A1712,A1348
att,A1713,A1375
att,A1713,A158
att,A1713,A531
att,A1713,A812
att,A1713,A938
att,A1713,A1408
att,A1713,A1732
att,A1713,A2476
att,A1713,A375
att,A1713,A2085
att,A1713,A735
att,A1713,A1823
att,A1713,A2364
att,A1713,A215
att,A1713,A606
att,A1713,A572
att,A1713,A68
att,A1713,A2198
att,A1713,A1213
att,A1713,A108
att,A1713,A1967
att,A1713,A380
att,A1713,A324
att,A1713,A638
att,A1713,A2562
att,A1713,A218
att,A1713,A744
att,A1713,A1552
att,A1714,A24
att,A1714,A2535
att,A1714,A333
att,A1718,A280
att,A1718,A171
att,A1718,A918
att,A1718,A1475
att,A1718,A1795
att,A1718,A1240
att,A1718,A361
att,A1718,A1822
att,A1718,A148
att,A1718,A945
att,A1718,A1330
att,A1718,A1677
att,A1718,A279
att,A1718,A872
att,A1719,A333
att,A1719,A408
att,A1719,A944
att,A1719,A1173
att,A1719,A1181
att,A1719,A474
att,A1719,A2002
att,A1719,A1499
att,A1719,A1939
att,A1719,A229
att,A1719,A403
att,A1719,A487
att,A1719,A1856
att,A1719,A2642
att,A1719,A310
att,A1719,A1969
att,A1719,A250
att,A1719,A2356
att,A1720,A1301
att,A1720,A1925
att,A1720,A1283
att,A1720,A158
att,A1720,A1758
att,A1720,A2045
att,A1720,A1558
att,A1720,A1544
att,A1720,A1696
att,A1720,A1499
att,A1720,A2503
att,A1720,A1144
att,A1720,A431
att,A1720,A1693
att,A1720,A319
att,A1720,A931
att,A1720,A2490
att,A1720,A1547
att,A1720,A826
att,A1720,A1439
att,A1720,A1845
att,A1720,A938
att,A1721,A519
att,A1721,A2420
att,A1721,A2358
att,A1721,A2262
att,A1721,A2653
att,A1721,A1516
att,A1721,A17
att,A1721,A2350
att,A1721,A1631
att,A1721,A342
att,A1721,A2257
att,A1721,A1079
att,A1721,A1621
att,A1721,A2341
att,A1721,A1166
att,A1721,A877
att,A1721,A1919
att,A1721,A863
att,A1722,A1960
att,A1722,A1043
att,A1722,A2029
att,A1722,A1027
att,A1722,A1637
att,A1722,A794
att,A1722,A1068
att,A1722,A1445
att,A1723,A2363
att,A1723,A2352
att,A1723,A1905
att,A1724,A1457
att,A1724,A2386
att,A1724,A1465
att,A1724,A2118
att,A1726,A561
att,A1726,A2346
att,A1726,A1635
att,A1726,A1956
att,A1726,A2340
att,A1726,A1886
att,A1726,A1131
att,A1726,A740
att,A1726,A2364
att,A1726,A123
att,A1726,A578
att,A1726,A797
att,A1726,A79
att,A1726,A1568
att,A1726,A1303
att,A1726,A844
att,A1726,A2058
att,A1726,A724
att,A1726,A712
att,A1726,A774
att,A1726,A2491
att,A1726,A930
att,A1726,A2546
att,A1726,A2353
att,A1728,A1116
att,A1728,A2085
att,A1728,A1051
att,A1728,A1453
att,A1728,A697
att,A1728,A386
att,A1728,A1454
att,A1728,A968
att,A1728,A851
att,A1728,A252
att,A1730,A1461
att,A1730,A960
att,A1730,A1363
att,A1730,A1177
att,A1730,A315
att,A1730,A1566
att,A1730,A1999
att,A1730,A2572
att,A1730,A920
att,A1730,A1583
att,A1730,A1479
att,A1730,A1195
att,A1730,A928
att,A1730,A562
att,A1730,A2035
att,A1730,A1051
att,A1730,A2162
att,A1730,A21
att,A1730,A2315
att,A1730,A1889
att,A1730,A1981
att,A1730,A1565
att,A1730,A1459
att,A1730,A2241
att,A1730,A115
att,A1730,A865
att,A1730,A2690
att,A1732,A2394
att,A1732,A497
att,A1732,A1967
att,A1732,A1221
att,A1732,A1975
att,A1732,A2673
att,A1735,A2197
att,A1735,A39
att,A1735,A798
att,A1735,A1893
att,A1735,A1960
att,A1735,A2590
att,A1735,A1198
att,A1735,A1087
att,A1735,A926
att,A1735,A2363
att,A1735,A414
att,A1735,A2172
att,A1735,A460
att,A1735,A546
att,A1735,A2554
att,A1738,A2655
att,A1738,A350
att,A1738,A1647
att,A1738,A2653
att,A1738,A2422
att,A1738,A1032
att,A1738,A138
att,A1739,A1037
att,A1739,A2011
att,A1739,A1427
att,A1739,A2303
att,A1739,A1414
att,A1739,A220
att,A1739,A2518
att,A1739,A1416
att,A1739,A1279
att,A1739,A2688
att,A1739,A1464
att,A1739,A1116
att,A1740,A2411
att,A1740,A1724
att,A1740,A1482
att,A1740,A1326
att,A1740,A1444
att,A1740,A181
att,A1740,A1988
att,A1740,A2213
att,A1740,A354
att,A1740,A1685
att,A1740,A2266
att,A1740,A114
att,A1740,A2080
att,A1740,A1611
att,A1740,A1209
att,A1740,A418
att,A1740,A858
att,A1740,A743
att,A1741,A28
att,A1741,A489
att,A1741,A1870
att,A1741,A1521
att,A1741,A2089
att,A1741,A2340
att,A1741,A887
att,A1741,A2457
att,A1741,A2647
att,A1741,A2117
att,A1741,A1382
att,A1741,A2003
att,A1741,A328
att,A1741,A2288
att,A1741,A1761
att,A1741,A2123
att,A1741,A410
att,A1741,A2127
att,A1741,A2610
att,A1741,A425
att,A1741,A32
att,A1741,A905
att,A1741,A334
att,A1747,A1646
att,A1747,A164
att,A1747,A669
att,A1747,A395
att,A1747,A4
att,A1747,A754
att,A1747,A445
att,A1747,A1308
att,A1747,A962
att,A1747,A2184
att,A1747,A277
att,A1747,A685
att,A1747,A1019
att,A1747,A433
att,A1747,A1996
att,A1747,A1711
att,A1748,A2563
att,A1748,A707
att,A1749,A1822
att,A1749,A1188
att,A1749,A1229
att,A1749,A627
att,A1749,A15
att,A1749,A194
att,A1749,A1109
att,A1749,A2377
att,A1749,A649
att,A1749,A2385
att,A1749,A673
att,A1749,A890
att,A1749,A1704
att,A1749,A1422
att,A1755,A2467
att,A1755,A499
att,A1758,A2413
att,A1758,A2338
att,A1758,A204
att,A1758,A754
att,A1758,A421
att,A1758,A2429
att,A1758,A1070
att,A1758,A2684
att,A1758,A17
att,A1758,A1757
att,A1758,A1787
att,A1758,A779
att,A1758,A1388
att,A1758,A400
att,A1758,A1983
att,A1758,A1337
att,A1758,A2101
att,A1758,A2094
att,A1758,A1423
att,A1758,A2528
att,A1758,A2618
att,A1758,A1129
att,A1758,A1253
att,A1763,A2297
att,A1763,A1110
att,A1763,A1379
att,A1763,A1030
att,A1763,A2057
att,A1763,A23
att,A1763,A1313
att,A1763,A2379
att,A1763,A1901
att,A1763,A2637
att,A1764,A2689
att,A1764,A858
att,A1764,A395
att,A1764,A1474
att,A1764,A1511
att,A1764,A2064
att,A1764,A1486
att,A1764,A2441
att,A1765,A778
att,A1765,A1699
att,A1765,A569
att,A1765,A1315
att,A1765,A969
att,A1765,A2148
att,A1766,A623
att,A1766,A2392
att,A1766,A706
att,A1766,A708
att,A1766,A100
att,A1766,A1613
att,A1766,A892
att,A1766,A2148
att,A1766,A2652
att,A1766,A1906
att,A1766,A621
att,A1766,A92
att,A1766,A944
att,A1766,A2322
att,A1766,A1598
att,A1766,A1920
att,A1766,A1152
att,A1766,A739
att,A1766,A804
att,A1766,A690
att,A1766,A872
att,A1768,A1611
att,A1768,A1392
att,A1768,A1803
att,A1768,A1259
att,A1768,A1732
att,A1768,A706
att,A1768,A2594
att,A1768,A2448
att,A1768,A1856
att,A1768,A2659
att,A1768,A1680
att,A1768,A1544
att,A1768,A2306
att,A1768,A1040
att,A1768,A994
att,A1768,A2016
att,A1768,A2458
att,A1768,A1469
att,A1768,A1848
att,A1768,A1427
att,A1769,A911
att,A1769,A2373
att,A1770,A1561
att,A1770,A1704
att,A1770,A1688
att,A1770,A704
att,A1770,A2162
att,A1770,A637
att,A1770,A1313
att,A1770,A379
att,A1770,A1605
att,A1770,A2557
att,A1770,A2662
att,A1770,A1803
att,A1770,A2468
att,A1770,A1489
att,A1770,A2338
att,A1770,A1333
att,A1770,A55
att,A1770,A836
att,A1770,A1121
att,A1770,A1983
att,A1770,A433
att,A1770,A2258
att,A1772,A2130
att,A1772,A67
att,A1772,A865
att,A1772,A2355
att,A1772,A1998
att,A1772,A1903
att,A1772,A2340
att,A1772,A1096
att,A1772,A1464
att,A1772,A623
att,A1772,A2579
att,A1772,A1581
att,A1772,A1383
att,A1772,A2182
att,A1772,A1423
att,A1772,A986
att,A1772,A706
att,A1776,A2638
att,A1776,A1963
att,A1776,A1985
att,A1776,A2545
att,A1776,A2488
att,A1777,A635
att,A1777,A2203
att,A1777,A1218
att,A1777,A205
att,A1778,A477
att,A1778,A1747
att,A1778,A350
att,A1778,A237
att,A1778,A2146
att,A1778,A2334
att,A1778,A116
att,A1778,A1841
att,A1778,A147
att,A1778,A709
att,A1778,A2434
att,A1778,A405
att,A1778,A2592
att,A1778,A1442
att,A1778,A1262
att,A1778,A284
att,A1778,A905
att,A1778,A643
att,A1778,A1931
att,A1778,A418
att,A1778,A2049
att,A1778,A2604
att,A1778,A2371
att,A1778,A194
att,A1778,A2010
att,A1778,A216
att,A1779,A2119
att,A1779,A2112
att,A1779,A2158
att,A1779,A2118
att,A1779,A2332
att,A1779,A2530
att,A1779,A1177
att,A1779,A1578
att,A1779,A1831
att,A1779,A870
att,A1779,A1456
att,A1784,A1088
att,A1784,A2121
att,A1784,A35
att,A1784,A1401
att,A1784,A2441
att,A1784,A1402
att,A1784,A867
att,A1784,A2679
att,A1784,A1860
att,A1784,A353
att,A1786,A512
att,A1786,A2292
att,A1786,A2089
att,A1787,A2505
att,A1787,A1455
att,A1787,A1463
att,A1787,A1312
att,A1787,A794
att,A1787,A2654
att,A1787,A1430
att,A1787,A2365
att,A1787,A584
att,A1787,A1697
att,A1787,A1669
att,A1787,A968
att,A1787,A1065
att,A1787,A1207
att,A1787,A20
att,A1787,A275
att,A1787,A1487
att,A1797,A2349
att,A1797,A2329
att,A1797,A1916
att,A1797,A643
att,A1797,A2201
att,A1797,A1805
att,A1798,A1492
att,A1798,A147
att,A1798,A1051
att,A1798,A858
att,A1798,A1595
att,A1798,A1390
att,A1798,A198
att,A1798,A2655
att,A1798,A877
att,A1798,A757
att,A1798,A2615
att,A1798,A2019
att,A1798,A1640
att,A1798,A1603
att,A1798,A2130
att,A1798,A63
att,A1798,A1237
att,A1798,A2379
att,A1798,A1389
att,A1798,A662
att,A1798,A1907
att,A1799,A489
att,A1799,A1716
att,A1799,A543
att,A1799,A598
att,A1799,A1432
att,A1799,A291
att,A1801,A490
att,A1801,A1472
att,A1801,A1769
att,A1801,A907
att,A1801,A2565
att,A1806,A776
att,A1806,A872
att,A1806,A325
att,A1806,A357
att,A1806,A1692
att,A1808,A896
att,A1808,A456
att,A1808,A165
att,A1808,A1028
att,A1808,A265
att,A1808,A1710
att,A1811,A682
att,A1811,A2559
att,A1811,A58
att,A1811,A2330
att,A1811,A2625
att,A1811,A1186
att,A1813,A1905
att,A1813,A2603
att,A1813,A2607
att,A1813,A2694
att,A1813,A1855
att,A1813,A2629
att,A1813,A2335
att,A1813,A504
att,A1813,A710
att,A1813,A1161
att,A1813,A969
att,A1814,A1717
att,A1814,A716
att,A1814,A1666
att,A1814,A463
att,A1814,A1888
att,A1814,A374
att,A1815,A2039
att,A1815,A1190
att,A1815,A2160
att,A1815,A2534
att,A1815,A1314
att,A1815,A1741
att,A1815,A2404
att,A1815,A1046
att,A1815,A103
att,A1815,A1048
att,A1815,A1097
att,A1815,A1743
att,A1815,A718
att,A1815,A2683
att,A1815,A2402
att,A1815,A1703
att,A1815,A2634
att,A1815,A934
att,A1815,A1501
att,A1819,A2288
att,A1819,A1637
att,A1819,A1134
att,A1819,A1270
att,A1819,A192
att,A1819,A989
att,A1819,A2532
att,A1819,A2576
att,A1819,A1575
att,A1819,A1028
att,A1819,A433
att,A1819,A2202
att,A1819,A1508
att,A1819,A1295
att,A1823,A1112
att,A1823,A1021
att,A1823,A27
att,A1823,A2085
att,A1823,A2129
att,A1823,A167
att,A1823,A223
att,A1823,A2614
att,A1823,A2541
att,A1823,A1738
att,A1823,A1086
att,A1823,A385
att,A1823,A2107
att,A1823,A1312
att,A1823,A1118
att,A1823,A331
att,A1823,A1983
att,A1823,A523
att,A1823,A1542
att,A1823,A2382
att,A1823,A622
att,A1824,A1349
att,A1824,A2561
att,A1824,A2666
att,A1824,A2131
att,A1824,A49
att,A1824,A1387
att,A1829,A689
att,A1829,A467
att,A1829,A1144
att,A1829,A2165
att,A1829,A2058
att,A1829,A2568
att,A1829,A1354
att,A1829,A103
att,A1829,A913
att,A1829,A505
att,A1829,A1950
att,A1829,A1371
att,A1829,A2580
att,A1829,A20
att,A1829,A1338
att,A1829,A334
att,A1829,A1323
att,A1829,A2197
att,A1830,A2332
att,A1830,A2682
att,A1830,A2625
att,A1830,A786
att,A1830,A2678
att,A1830,A419
att,A1830,A126
att,A1830,A1358
att,A1830,A2441
att,A1830,A48
att,A1830,A1109
att,A1830,A1609
att,A1830,A178
att,A1830,A2502
att,A1830,A1529
att,A1830,A2653
att,A1830,A180
att,A1830,A690
att,A1830,A299
att,A1830,A1598
att,A1830,A1429
att,A1830,A20
att,A1830,A1274
att,A1830,A1330
att,A1830,A1953
att,A1830,A1827
att,A1830,A1906
att,A1830,A174
att,A1834,A1830
att,A1834,A1502
att,A1834,A2623
att,A1834,A890
att,A1834,A1040
att,A1834,A2678
att,A1834,A626
att,A1834,A2657
att,A1834,A115
att,A1834,A1414
att,A1834,A879
att,A1834,A872
att,A1834,A1904
att,A1834,A2197
att,A1834,A1822
att,A1834,A265
att,A1834,A273
att,A1834,A1374
att,A1834,A1214
att,A1834,A442
att,A1834,A2408
att,A1834,A2296
att,A1834,A43
att,A1836,A1515
att,A1836,A2241
att,A1836,A1416
att,A1836,A107
att,A1836,A155
att,A1837,A469
att,A1837,A1508
att,A1837,A2094
att,A1837,A179
att,A1837,A122
att,A1837,A477
att,A1837,A2059
att,A1837,A2047
att,A1837,A1061
att,A1837,A1392
att,A1837,A345
att,A1837,A1851
att,A1837,A1996
att,A1837,A2151
att,A1839,A1342
att,A1839,A1311
att,A1839,A1035
att,A1839,A2561
att,A1839,A926
att,A1839,A402
att,A1839,A1878
att,A1839,A1797
att,A1839,A739
att,A1839,A593
att,A1839,A264
att,A1839,A2230
att,A1839,A287
att,A1839,A1186
att,A1839,A2086
att,A1839,A208
att,A1839,A1620
att,A1839,A2340
att,A1839,A450
att,A1839,A759
att,A1842,A1640
att,A1842,A856
att,A1842,A757
att,A1842,A1696
att,A1842,A1798
att,A1842,A592
att,A1842,A936
att,A1845,A1661
att,A1845,A1689
att,A1845,A1935
att,A1845,A2391
att,A1845,A2381
att,A1845,A31
att,A1845,A1540
att,A1845,A225
att,A1845,A956
att,A1845,A1893
att,A1845,A41
att,A1845,A2225
att,A1845,A1503
att,A1845,A2009
att,A1848,A1204
att,A1848,A1101
att,A1848,A1464
att,A1848,A251
att,A1848,A1470
att,A1848,A196
att,A1848,A1287
att,A1848,A2015
att,A1848,A2507
att,A1848,A1990
att,A1848,A68
att,A1848,A2193
att,A1848,A2194
att,A1848,A2348
att,A1848,A1768
att,A1848,A2629
att,A1848,A516
att,A1848,A2292
att,A1848,A1031
att,A1848,A1602
att,A1848,A745
att,A1848,A1434
att,A1848,A1268
att,A1848,A1403
att,A1848,A679
att,A1848,A763
att,A1849,A833
att,A1849,A120
att,A1849,A628
att,A1849,A2519
att,A1849,A765
att,A1849,A1350
att,A1849,A335
att,A1849,A1192
att,A1849,A1425
att,A1849,A1478
att,A1849,A1179
att,A1849,A2408
att,A1849,A2477
att,A1849,A107
att,A1851,A1229
att,A1851,A2213
att,A1851,A633
att,A1851,A2311
att,A1851,A1492
att,A1851,A647
att,A1851,A1012
att,A1851,A270
att,A1851,A1718
att,A1851,A786
att,A1851,A1210
att,A1851,A2422
att,A1851,A961
att,A1851,A1602
att,A1851,A762
att,A1851,A1026
att,A1853,A2402
att,A1853,A1267
att,A1853,A2662
att,A1854,A2679
att,A1854,A1391
att,A1854,A993
att,A1854,A551
att,A1854,A2075
att,A1854,A524
att,A1854,A2697
att,A1854,A2057
att,A1854,A2688
att,A1854,A1488
att,A1854,A2284
att,A1854,A2106
att,A1854,A2245
att,A1854,A1211
att,A1854,A1524
att,A1854,A2467
att,A1854,A507
att,A1855,A1131
att,A1855,A491
att,A1855,A700
att,A1855,A1403
att,A1855,A437
att,A1855,A1967
att,A1855,A2399
att,A1855,A2385
att,A1855,A2695
att,A1855,A155
att,A1855,A1087
att,A1855,A608
att,A1855,A2289
att,A1855,A30
att,A1855,A2148
att,A1855,A234
att,A1855,A1946
att,A1855,A1843
att,A1855,A1009
att,A1855,A12
att,A1855,A204
att,A1857,A1071
att,A1857,A2507
att,A1857,A754
att,A1857,A306
att,A1857,A2173
att,A1857,A2145
att,A1857,A1834
att,A1857,A589
att,A1857,A474
att,A1857,A847
att,A1857,A1692
att,A1857,A1294
att,A1857,A1712
att,A1857,A2163
att,A1857,A2272
att,A1857,A716
att,A1857,A2454
att,A1857,A1771
att,A1857,A234
att,A1857,A2040
att,A1857,A133
att,A1857,A832
att,A1857,A1043
att,A1857,A2534
att,A1857,A240
att,A1857,A1455
att,A1857,A1243
att,A1857,A1333
att,A1857,A1931
att,A1858,A164
att,A1858,A498
att,A1858,A1617
att,A1858,A413
att,A1858,A1522
att,A1858,A605
att,A1858,A676
att,A1858,A2186
att,A1858,A1187
att,A1858,A1004
att,A1858,A2091
att,A1858,A274
att,A1858,A861
att,A1858,A1108
att,A1858,A2466
att,A1858,A719
att,A1858,A777
att,A1858,A360
att,A1862,A2685
att,A1862,A775
att,A1862,A2130
att,A1862,A1144
att,A1862,A1181
att,A1862,A2392
att,A1862,A2520
att,A1862,A1145
att,A1862,A1108
att,A1862,A1819
att,A1862,A821
att,A1862,A1648
att,A1862,A408
att,A1862,A791
att,A1862,A1314
att,A1865,A626
att,A1865,A156
att,A1865,A1527
att,A1865,A1565
att,A1865,A734
att,A1865,A653
att,A1865,A406
att,A1865,A1993
att,A1865,A1208
att,A1865,A481
att,A1865,A1202
att,A1865,A2082
att,A1865,A1279
att,A1865,A1109
att,A1865,A1695
att,A1865,A2599
att,A1865,A2054
att,A1865,A974
att,A1865,A343
att,A1865,A174
att,A1865,A1538
att,A1866,A1217
att,A1866,A1522
att,A1866,A547
att,A1866,A1038
att,A1866,A1561
att,A1866,A2155
att,A1866,A71
att,A1866,A1332
att,A1866,A689
att,A1866,A19
att,A1866,A2085
att,A1866,A272
att,A1866,A1630
att,A1866,A2327
att,A1866,A2004
att,A1866,A1695
att,A1866,A654
att,A1866,A2433
att,A1866,A1670
att,A1866,A1537
att,A1866,A600
att,A1866,A132
att,A1866,A2007
att,A1866,A2031
att,A1866,A747
att,A1866,A1719
att,A1866,A2079
att,A1866,A2420
att,A1866,A2006
att,A1866,A1326
att,A1866,A54
att,A1866,A2271
att,A1868,A720
att,A1868,A407
att,A1868,A1884
att,A1868,A1242
att,A1868,A1822
att,A1868,A2624
att,A1868,A2233
att,A1868,A1973
att,A1869,A254
att,A1869,A2391
att,A1869,A1561
att,A1869,A635
att,A1869,A468
att,A1870,A1112
att,A1870,A42
att,A1870,A1028
att,A1870,A2130
att,A1870,A2589
att,A1870,A2064
att,A1870,A1193
att,A1870,A1390
att,A1870,A2253
att,A1870,A1572
att,A1870,A1330
att,A1870,A373
att,A1870,A2053
att,A1870,A217
att,A1870,A1254
att,A1871,A263
att,A1871,A1135
att,A1872,A2514
att,A1872,A368
att,A1872,A633
att,A1872,A1289
att,A1872,A1825
att,A1872,A333
att,A1873,A147
att,A1873,A897
att,A1873,A2079
att,A1873,A35
att,A1873,A2349
att,A1873,A1624
att,A1876,A949
att,A1876,A2363
att,A1876,A2221
att,A1876,A1338
att,A1876,A2215
att,A1876,A2011
att,A1878,A2072
att,A1878,A2571
att,A1878,A2506
att,A1878,A1966
att,A1878,A908
att,A1878,A2275
att,A1878,A73
att,A1878,A1099
att,A1878,A2052
att,A1878,A109
att,A1881,A2608
att,A1881,A2035
att,A1881,A1970
att,A1881,A2379
att,A1881,A1292
att,A1881,A1934
att,A1881,A1606
att,A1881,A959
att,A1881,A1757
att,A1881,A1810
att,A1881,A1623
att,A1881,A2368
att,A1881,A1219
att,A1881,A1703
att,A1882,A1371
att,A1882,A351
att,A1882,A2002
att,A1882,A294
att,A1882,A1462
att,A1882,A2176
att,A1882,A605
att,A1882,A1706
att,A1882,A1634
att,A1882,A1313
att,A1882,A749
att,A1882,A2196
att,A1882,A1627
att,A1882,A1639
att,A1882,A1338
att,A1882,A1447
att,A1882,A805
att,A1882,A1730
att,A1882,A1164
att,A1882,A2020
att,A1882,A1534
att,A1884,A1470
att,A1884,A939
att,A1884,A226
att,A1884,A1221
att,A1884,A2626
att,A1884,A1859
att,A1884,A2412
att,A1884,A961
att,A1885,A1702
att,A1885,A1280
att,A1885,A2661
att,A1885,A1340
att,A1885,A2170
att,A1885,A519
att,A1885,A1532
att,A1887,A121
att,A1887,A1195
att,A1887,A2121
att,A1887,A1379
att,A1889,A2554
att,A1889,A77
att,A1889,A482
att,A1889,A136
att,A1889,A995
att,A1889,A207
att,A1889,A1317
att,A1889,A500
att,A1889,A800
att,A1889,A1013
att,A1891,A481
att,A1891,A1821
att,A1891,A227
att,A1891,A147
att,A1891,A550
att,A1891,A1407
att,A1891,A1798
att,A1891,A2190
att,A1891,A999
att,A1891,A2646
att,A1891,A487
att,A1891,A21
att,A1891,A1356
att,A1892,A304
att,A1892,A1157
att,A1892,A1336
att,A1892,A2488
att,A1892,A2116
att,A1892,A1095
att,A1892,A1054
att,A1892,A2367
att,A1892,A2259
att,A1892,A1251
att,A1895,A1735
att,A1895,A30
att,A1895,A1580
att,A1895,A2180
att,A1895,A1974
att,A1895,A2232
att,A1897,A1832
att,A1897,A512
att,A1897,A148
att,A1897,A1539
att,A1897,A1255
att,A1897,A2249
att,A1897,A1839
att,A1897,A2635
att,A1897,A113
att,A1897,A1345
att,A1897,A2149
att,A1898,A2359
att,A1898,A2656
att,A1898,A136
att,A1898,A406
att,A1898,A1438
att,A1898,A636
att,A1898,A734
att,A1898,A562
att,A1898,A487
att,A1898,A2395
att,A1901,A1782
att,A1901,A132
att,A1901,A2409
att,A1901,A1205
att,A1901,A2492
att,A1901,A2524
att,A1901,A422
att,A1901,A1654
att,A1904,A1071
att,A1904,A243
att,A1904,A1093
att,A1904,A474
att,A1904,A1520
att,A1904,A196
att,A1904,A842
att,A1904,A2463
att,A1904,A587
att,A1904,A1976
att,A1904,A1046
att,A1904,A1890
att,A1904,A2231
att,A1904,A77
att,A1904,A2621
att,A1907,A248
att,A1907,A1390
att,A1907,A1356
att,A1907,A1461
att,A1907,A1661
att,A1907,A2380
att,A1907,A1043
att,A1907,A572
att,A1907,A2159
att,A1907,A1076
att,A1907,A1750
att,A1907,A54
att,A1907,A313
att,A1907,A2368
att,A1907,A2392
att,A1907,A2165
att,A1907,A2248
att,A1907,A1696
att,A1907,A387
att,A1907,A504
att,A1907,A77
att,A1907,A1950
att,A1907,A1262
att,A1907,A2214
att,A1907,A2484
att,A1908,A673
att,A1908,A0
att,A1908,A1493
att,A1908,A1516
att,A1908,A990
att,A1908,A2688
att,A1908,A519
att,A1909,A755
att,A1909,A2374
att,A1909,A2231
att,A1909,A1319
att,A1909,A183
att,A1909,A1079
att,A1909,A1600
att,A1909,A1134
att,A1909,A2529
att,A1909,A78
att,A1910,A993
att,A1910,A95
att,A1910,A790
att,A1910,A2229
att,A1910,A1987
att,A1910,A1322
att,A1910,A1581
att,A1910,A2133
att,A1910,A2281
att,A1910,A1051
att,A1910,A1128
att,A1910,A1496
att,A1910,A2612
att,A1915,A2306
att,A1915,A2064
att,A1915,A926
att,A1915,A35
att,A1915,A1839
att,A1915,A1618
att,A1915,A558
att,A1915,A1172
att,A1915,A1459
att,A1915,A1788
att,A1915,A1714
att,A1915,A1405
att,A1915,A1496
att,A1915,A1269
att,A1916,A30
att,A1916,A1020
att,A1916,A1558
att,A1916,A166
att,A1916,A2517
att,A1916,A422
att,A1916,A114
att,A1916,A2324
att,A1916,A2680
att,A1916,A1449
att,A1916,A1567
att,A1916,A1560
att,A1916,A417
att,A1916,A70
att,A1916,A2291
att,A1916,A348
att,A1916,A1633
att,A1916,A849
att,A1916,A967
att,A1916,A2208
att,A1916,A461
att,A1916,A2456
att,A1916,A602
att,A1917,A875
att,A1917,A296
att,A1917,A2110
att,A1917,A1041
att,A1917,A2299
att,A1917,A1219
att,A1917,A2604
att,A1917,A2417
att,A1917,A2523
att,A1917,A2118
att,A1917,A686
att,A1917,A1037
att,A1917,A273
att,A1917,A1128
att,A1917,A930
att,A1917,A2286
att,A1918,A715
att,A1918,A505
att,A1918,A945
att,A1918,A1572
att,A1918,A1501
att,A1918,A1753
att,A1918,A1001
att,A1918,A1360
att,A1918,A1911
att,A1918,A1954
att,A1918,A1957
att,A1918,A1119
att,A1918,A602
att,A1918,A1238
att,A1918,A1690
att,A1918,A2623
att,A1918,A1504
att,A1918,A703
att,A1918,A2196
att,A1918,A1362
att,A1920,A2639
att,A1920,A2072
att,A1920,A1648
att,A1920,A2496
att,A1920,A481
att,A1920,A2543
att,A1920,A480
att,A1920,A940
att,A1920,A212
att,A1920,A1944
att,A1920,A131
att,A1920,A547
att,A1920,A1788
att,A1920,A1718
att,A1920,A2550
att,A1922,A1364
att,A1922,A603
att,A1922,A1650
att,A1922,A1123
att,A1922,A19
att,A1922,A543
att,A1922,A734
att,A1922,A364
att,A1922,A1386
att,A1922,A1791
att,A1922,A1851
att,A1923,A2297
att,A1923,A393
att,A1923,A772
att,A1923,A894
att,A1925,A2504
att,A1925,A106
att,A1925,A1062
att,A1925,A1054
att,A1925,A1790
att,A1925,A794
att,A1925,A1839
att,A1925,A1864
att,A1925,A2532
att,A1925,A352
att,A1925,A1801
att,A1925,A796
att,A1925,A358
att,A1925,A2031
att,A1925,A524
att,A1925,A900
att,A1925,A2146
att,A1925,A1997
att,A1925,A2223
att,A1925,A2555
att,A1925,A678
att,A1925,A2693
att,A1929,A908
att,A1929,A1832
att,A1929,A1600
att,A1929,A1711
att,A1929,A1792
att,A1929,A1465
att,A1929,A243
att,A1929,A910
att,A1929,A840
att,A1931,A1004
att,A1931,A2510
att,A1931,A2443
att,A1931,A423
att,A1931,A1871
att,A1931,A1474
att,A1931,A818
att,A1931,A756
att,A1931,A1297
att,A1931,A2169
att,A1931,A2463
att,A1931,A212
att,A1931,A2184
att,A1931,A2156
att,A1931,A632
att,A1931,A1828
att,A1931,A2428
att,A1931,A2016
att,A1931,A179
att,A1931,A1053
att,A1931,A2117
att,A1931,A2297
att,A1931,A2693
att,A1931,A2063
att,A1931,A2680
att,A1931,A872
att,A1931,A1469
att,A1931,A413
att,A1931,A44
att,A1933,A1684
att,A1933,A1242
att,A1933,A115
att,A1933,A413
att,A1933,A561
att,A1933,A1309
att,A1933,A2088
att,A1933,A2626
att,A1933,A495
att,A1933,A202
att,A1933,A180
att,A1934,A1538
att,A1934,A747
att,A1934,A839
att,A1934,A437
att,A1934,A647
att,A1934,A971
att,A1934,A1474
att,A1934,A1400
att,A1934,A1444
att,A1934,A929
att,A1934,A2191
att,A1934,A2642
att,A1934,A1322
att,A1934,A1546
att,A1935,A2180
att,A1935,A1242
att,A1935,A2173
att,A1935,A1962
att,A1935,A552
att,A1935,A1032
att,A1935,A1908
att,A1935,A1850
att,A1935,A1775
att,A1935,A482
att,A1935,A2310
att,A1935,A708
att,A1935,A431
att,A1935,A1931
att,A1935,A380
att,A1935,A873
att,A1935,A1010
att,A1935,A626
att,A1936,A1326
att,A1936,A1160
att,A1936,A754
att,A1936,A0
att,A1936,A1309
att,A1936,A230
att,A1936,A1102
att,A1936,A2009
att,A1936,A2625
att,A1936,A786
att,A1936,A404
att,A1936,A1298
att,A1936,A2535
att,A1936,A408
att,A1936,A1718
att,A1936,A547
att,A1936,A2452
att,A1936,A204
att,A1936,A752
att,A1936,A2422
att,A1936,A1023
att,A1936,A874
att,A1938,A2300
att,A1938,A762
att,A1938,A2534
att,A1938,A74
att,A1938,A2005
att,A1938,A2389
att,A1938,A635
att,A1938,A128
att,A1938,A1143
att,A1938,A2200
att,A1938,A2288
att,A1938,A1123
att,A1938,A1108
att,A1938,A1118
att,A1938,A2651
att,A1938,A1629
att,A1938,A1963
att,A1938,A1177
att,A1938,A508
att,A1938,A332
att,A1938,A639
att,A1938,A803
att,A1938,A1964
att,A1938,A1347
att,A1938,A663
att,A1938,A2693
att,A1938,A90
att,A1938,A408
att,A1940,A578
att,A1940,A1648
att,A1940,A1931
att,A1940,A1136
att,A1940,A1837
att,A1940,A1329
att,A1940,A644
att,A1940,A37
att,A1940,A1758
att,A1940,A1262
att,A1940,A2459
att,A1940,A1297
att,A1940,A2316
att,A1940,A2184
att,A1940,A2093
att,A1940,A1133
att,A1940,A25
att,A1940,A817
att,A1940,A2169
att,A1940,A952
att,A1940,A2501
att,A1940,A2175
att,A1940,A1040
att,A1940,A524
att,A1940,A309
att,A1940,A1961
att,A1943,A546
att,A1943,A743
att,A1943,A109
att,A1943,A2212
att,A1943,A54
att,A1943,A460
att,A1943,A1414
att,A1943,A1464
att,A1943,A799
att,A1943,A29
att,A1943,A72
att,A1943,A2353
att,A1943,A2529
att,A1943,A1169
att,A1943,A994
att,A1943,A603
att,A1943,A331
att,A1943,A2540
att,A1946,A1194
att,A1946,A402
att,A1946,A407
att,A1946,A1905
att,A1946,A1321
att,A1946,A1506
att,A1946,A1260
att,A1946,A840
att,A1946,A697
att,A1946,A387
att,A1946,A872
att,A1949,A756
att,A1949,A813
att,A1949,A1967
att,A1949,A1529
att,A1949,A1237
att,A1949,A1426
att,A1949,A1392
att,A1949,A41
att,A1949,A1917
att,A1949,A688
att,A1949,A1366
att,A1949,A1821
att,A1949,A1957
att,A1949,A2226
att,A1949,A2309
att,A1949,A1166
att,A1952,A2502
att,A1952,A666
att,A1952,A2406
att,A1952,A128
att,A1952,A1261
att,A1952,A2520
att,A1952,A1728
att,A1953,A2360
att,A1953,A783
att,A1953,A1669
att,A1953,A227
att,A1953,A2504
att,A1953,A1715
att,A1953,A1091
att,A1953,A190
att,A1953,A2624
att,A1953,A2152
att,A1953,A1123
att,A1953,A1309
att,A1953,A1804
att,A1953,A220
att,A1953,A2577
att,A1955,A1784
att,A1955,A681
att,A1957,A1083
att,A1957,A2560
att,A1959,A1390
att,A1959,A2137
att,A1959,A1730
att,A1959,A434
att,A1959,A915
att,A1959,A1071
att,A1959,A1579
att,A1959,A479
att,A1959,A2119
att,A1959,A26
att,A1959,A966
att,A1959,A594
att,A1959,A853
att,A1959,A2317
att,A1959,A2110
att,A1959,A1687
att,A1959,A502
att,A1959,A171
att,A1959,A1766
att,A1959,A1329
att,A1964,A1851
att,A1964,A112
att,A1964,A643
att,A1964,A355
att,A1964,A2069
att,A1967,A367
att,A1967,A2600
att,A1967,A42
att,A1968,A1900
att,A1968,A453
att,A1968,A1434
att,A1968,A1340
att,A1968,A538
att,A1968,A2594
att,A1968,A2681
att,A1968,A897
att,A1968,A1033
att,A1969,A1290
att,A1969,A1605
att,A1969,A105
att,A1969,A140
att,A1969,A2066
att,A1969,A363
att,A1969,A312
att,A1969,A709
att,A1969,A1347
att,A1969,A2202
att,A1969,A1899
att,A1969,A191
att,A1969,A826
att,A1969,A2265
att,A1971,A1440
att,A1971,A1966
att,A1971,A162
att,A1971,A2472
att,A1971,A1865
att,A1971,A516
att,A1971,A484
att,A1971,A743
att,A1971,A2039
att,A1971,A416
att,A1971,A750
att,A1973,A1076
att,A1973,A2634
att,A1973,A500
att,A1973,A262
att,A1973,A282
att,A1973,A503
att,A1973,A2423
att,A1973,A1223
att,A1973,A2558
att,A1973,A2520
att,A1973,A2088
att,A1973,A1889
att,A1974,A779
att,A1974,A1694
att,A1974,A777
att,A1974,A1706
att,A1974,A529
att,A1974,A1345
att,A1974,A495
att,A1974,A1567
att,A1974,A41
att,A1974,A250
att,A1974,A1360
att,A1974,A2608
att,A1974,A217
att,A1974,A1583
att,A1974,A1236
att,A1974,A57
att,A1974,A2674
att,A1974,A2646
att,A1974,A566
att,A1974,A1888
att,A1974,A1231
att,A1976,A1872
att,A1976,A1019
att,A1976,A557
att,A1976,A2062
att,A1977,A729
att,A1977,A358
att,A1977,A825
att,A1977,A1909
att,A1977,A1696
att,A1977,A554
att,A1977,A2015
att,A1977,A280
att,A1977,A2397
att,A1977,A1708
att,A1977,A487
att,A1977,A2631
att,A1977,A1178
att,A1977,A943
att,A1977,A104
att,A1977,A580
att,A1977,A1920
att,A1977,A1872
att,A1977,A1743
att,A1977,A1945
att,A1977,A2071
att,A1977,A1710
att,A1977,A1728
att,A1977,A262
att,A1977,A1306
att,A1977,A265
att,A1977,A1896
att,A1978,A1493
att,A1978,A2537
att,A1978,A376
att,A1979,A1628
att,A1979,A1635
att,A1979,A1971
att,A1979,A2693
att,A1979,A1506
att,A1979,A1989
att,A1979,A1933
att,A1979,A2166
att,A1979,A1736
att,A1979,A2263
att,A1979,A586
att,A1979,A422
att,A1979,A2099
att,A1979,A2332
att,A1979,A2433
att,A1979,A13
att,A1979,A1666
att,A1979,A2258
att,A1979,A551
att,A1979,A2152
att,A1979,A99
att,A1979,A2583
att,A1981,A350
att,A1981,A460
att,A1981,A1547
att,A1981,A1968
att,A1981,A565
att,A1981,A1990
att,A1981,A233
att,A1981,A454
att,A1981,A1277
att,A1981,A21
att,A1981,A471
att,A1981,A546
att,A1981,A2002
att,A1981,A2262
att,A1981,A1630
att,A1981,A696
att,A1982,A247
att,A1982,A2515
att,A1982,A264
att,A1982,A115
att,A1983,A1085
att,A1983,A2451
att,A1983,A2125
att,A1983,A2140
att,A1983,A1825
att,A1983,A2344
att,A1983,A1239
att,A1983,A2094
att,A1983,A1933
att,A1983,A176
att,A1983,A1189
att,A1983,A1245
att,A1983,A718
att,A1984,A1644
att,A1984,A1808
att,A1984,A71
att,A1984,A2006
att,A1984,A237
att,A1984,A1805
att,A1984,A704
att,A1984,A935
att,A1984,A188
att,A1984,A1601
att,A1984,A786
att,A1984,A1296
att,A1984,A1265
att,A1984,A845
att,A1984,A2353
att,A1984,A330
att,A1984,A1891
att,A1984,A396
att,A1984,A422
att,A1984,A2660
att,A1987,A1000
att,A1987,A2535
att,A1987,A240
att,A1987,A1398
att,A1987,A1554
att,A1987,A2413
att,A1989,A2095
att,A1989,A1089
att,A1989,A1199
att,A1989,A2636
att,A1989,A1221
att,A1989,A1971
att,A1989,A1836
att,A1989,A1754
att,A1989,A178
att,A1989,A1651
att,A1989,A918
att,A1989,A2116
att,A1989,A897
att,A1989,A453
att,A1989,A1424
att,A1989,A1578
att,A1989,A582
att,A1989,A1114
att,A1989,A2395
att,A1989,A2101
att,A1989,A2368
att,A1989,A833
att,A1990,A156
att,A1990,A844
att,A1990,A2633
att,A1990,A1425
att,A1990,A2181
att,A1990,A336
att,A1990,A493
att,A1990,A1243
att,A1990,A1005
att,A1990,A348
att,A1990,A1224
att,A1990,A60
att,A1990,A2557
att,A1990,A1483
att,A1990,A1705
att,A1990,A818
att,A1991,A547
att,A1991,A328
att,A1991,A2563
att,A1991,A2493
att,A1991,A974
att,A1991,A549
att,A1991,A467
att,A1991,A2212
att,A1991,A1484
att,A1991,A1368
att,A1991,A1246
att,A1991,A833
att,A1991,A2057
att,A1991,A184
att,A1991,A2187
att,A1991,A1730
att,A1991,A2575
att,A1991,A2323
att,A1991,A2301
att,A1991,A210
att,A1991,A962
att,A1991,A2137
att,A1991,A1761
att,A1991,A1804
att,A1991,A2419
att,A1991,A182
att,A1993,A791
att,A1993,A2638
att,A1993,A143
att,A1993,A2640
att,A1994,A917
att,A1994,A2002
att,A1994,A1551
att,A1994,A1815
att,A1994,A2480
att,A1994,A2654
att,A1994,A1796
att,A1994,A2014
att,A1994,A516
att,A1994,A2112
att,A1994,A2578
att,A1994,A1693
att,A1994,A1539
att,A1994,A2392
att,A1994,A2015
att,A1994,A473
att,A1994,A790
att,A1994,A958
att,A1994,A832
att,A1994,A1330
att,A1994,A2158
att,A1994,A1146
att,A1998,A2271
att,A1998,A1242
att,A1998,A1421
att,A1998,A1078
att,A1998,A480
att,A2000,A2503
att,A2000,A2580
att,A2000,A2014
att,A2000,A978
att,A2001,A522
att,A2001,A1184
att,A2001,A2618
att,A2001,A1592
att,A2001,A2635
att,A2001,A1535
att,A2001,A2253
att,A2001,A823
att,A2001,A1651
att,A2001,A1255
att,A2001,A2366
att,A2001,A1807
att,A2001,A1084
att,A2001,A267
att,A2001,A248
att,A2001,A1020
att,A2001,A247
att,A2001,A2204
att,A2001,A2544
att,A2001,A821
att,A2001,A548
att,A2001,A56
att,A2001,A1629
att,A2001,A1955
att,A2001,A501
att,A2003,A1198
att,A2003,A2409
att,A2003,A561
att,A2003,A1392
att,A2003,A2567
att,A2003,A2162
att,A2003,A2446
att,A2003,A286
att,A2003,A2213
att,A2008,A1045
att,A2008,A396
att,A2008,A1663
att,A2008,A1880
att,A2008,A1924
att,A2008,A175
att,A2008,A102
att,A2008,A2552
att,A2008,A296
att,A2008,A645
att,A2008,A2037
att,A2008,A670
att,A2008,A220
att,A2008,A319
att,A2008,A1556
att,A2008,A526
att,A2008,A96
att,A2008,A1424
att,A2008,A910
att,A2013,A1889
att,A2013,A231
att,A2013,A687
att,A2013,A1887
att,A2013,A1757
att,A2013,A1674
att,A2013,A51
att,A2013,A1782
att,A2013,A1235
att,A2013,A1795
att,A2013,A712
att,A2013,A1640
att,A2013,A467
att,A2013,A1071
att,A2013,A454
att,A2013,A2000
att,A2013,A497
att,A2013,A260
att,A2013,A1804
att,A2013,A550
att,A2013,A2124
att,A2015,A1438
att,A2015,A92
att,A2015,A723
att,A2015,A634
att,A2015,A2187
att,A2015,A1974
att,A2015,A1794
att,A2015,A2686
att,A2015,A344
att,A2015,A2487
att,A2015,A872
att,A2015,A939
att,A2015,A564
att,A2015,A2196
att,A2015,A541
att,A2015,A1114
att,A2015,A395
att,A2015,A1217
att,A2015,A1777
att,A2019,A674
att,A2019,A1257
att,A2019,A689
att,A2019,A81
att,A2019,A38
att,A2019,A1319
att,A2019,A1170
att,A2019,A1630
att,A2019,A1764
att,A2019,A138
att,A2019,A470
att,A2019,A1885
att,A2019,A441
att,A2019,A1815
att,A2019,A2254
att,A2019,A1184
att,A2019,A966
att,A2019,A2571
att,A2019,A1508
att,A2019,A1521
att,A2019,A848
att,A2019,A56
att,A2019,A1113
att,A2019,A440
att,A2019,A2500
att,A2019,A98
att,A2019,A434
att,A2019,A741
att,A2027,A356
att,A2027,A2256
att,A2027,A24
att,A2027,A650
att,A2027,A1274
att,A2027,A441
att,A2027,A787
att,A2027,A1103
att,A2027,A2360
att,A2027,A298
att,A2027,A2169
att,A2027,A1999
att,A2027,A1309
att,A2027,A2479
att,A2027,A2393
att,A2027,A813
att,A2027,A593
att,A2027,A205
att,A2027,A468
att,A2027,A1466
att,A2027,A849
att,A2027,A1872
att,A2028,A2230
att,A2028,A1429
att,A2028,A998
att,A2028,A1019
att,A2028,A1093
att,A2028,A1119
att,A2028,A2062
att,A2028,A782
att,A2028,A995
att,A2028,A1227
att,A2028,A480
att,A2028,A364
att,A2028,A590
att,A2028,A2158
att,A2028,A1550
att,A2028,A442
att,A2028,A1481
att,A2028,A766
att,A2028,A2449
att,A2028,A2492
att,A2029,A814
att,A2029,A1763
att,A2029,A2453
att,A2029,A1285
att,A2029,A1128
att,A2029,A1702
att,A2029,A2588
att,A2029,A1380
att,A2029,A960
att,A2029,A61
att,A2029,A1197
att,A2029,A1116
att,A2029,A1465
att,A2029,A1758
att,A2031,A437
att,A2031,A1994
att,A2031,A236
att,A2031,A2029
att,A2031,A1716
att,A2031,A1471
att,A2031,A21
att,A2031,A2482
att,A2031,A1240
att,A2031,A2682
att,A2031,A441
att,A2031,A57
att,A2031,A67
att,A2031,A532
att,A2031,A2048
att,A2031,A1456
att,A2031,A910
att,A2031,A2502
att,A2031,A1505
att,A2031,A273
att,A2031,A1735
att,A2031,A707
att,A2031,A82
att,A2031,A1008
att,A2031,A548
att,A2031,A1250
att,A2031,A385
att,A2035,A1404
att,A2035,A1855
att,A2035,A441
att,A2035,A870
att,A2035,A834
att,A2035,A1709
att,A2035,A1403
att,A2035,A1957
att,A2035,A2354
att,A2035,A1595
att,A2035,A2624
att,A2035,A1382
att,A2035,A1278
att,A2035,A1554
att,A2035,A1317
att,A2035,A1074
att,A2035,A123
att,A2035,A2543
att,A2035,A770
att,A2038,A140
att,A2038,A1196
att,A2038,A1910
att,A2038,A46
att,A2038,A1111
att,A2038,A1313
att,A2038,A2062
att,A2038,A856
att,A2038,A1181
att,A2038,A873
att,A2038,A1610
att,A2038,A1729
att,A2038,A2344
att,A2038,A2220
att,A2038,A2358
att,A2038,A1586
att,A2038,A202
att,A2038,A787
att,A2039,A458
att,A2039,A436
att,A2039,A849
att,A2039,A268
att,A2039,A880
att,A2039,A1817
att,A2039,A2297
att,A2039,A1477
att,A2039,A256
att,A2039,A1222
att,A2041,A994
att,A2041,A1915
att,A2041,A1701
att,A2041,A853
att,A2041,A1454
att,A2041,A2518
att,A2041,A356
att,A2041,A1492
att,A2041,A1309
att,A2041,A2565
att,A2041,A872
att,A2041,A179
att,A2044,A1465
att,A2044,A882
att,A2045,A2135
att,A2045,A1259
att,A2045,A2002
att,A2045,A502
att,A2045,A2677
att,A2045,A583
att,A2045,A1931
att,A2045,A1737
att,A2045,A2
att,A2045,A2469
att,A2045,A1939
att,A2045,A1989
att,A2045,A606
att,A2045,A791
att,A2046,A1390
att,A2046,A568
att,A2046,A11
att,A2047,A1315
att,A2047,A2274
att,A2047,A2224
att,A2047,A837
att,A2047,A270
att,A2047,A2042
att,A2047,A2093
att,A2048,A1275
att,A2048,A2537
att,A2048,A1702
att,A2048,A521
att,A2048,A2079
att,A2048,A2228
att,A2048,A2275
att,A2048,A25
att,A2048,A1697
att,A2048,A2106
att,A2048,A2668
att,A2048,A1938
att,A2048,A1011
att,A2049,A2023
att,A2049,A2661
att,A2049,A835
att,A2049,A1043
att,A2049,A1071
att,A2051,A1034
att,A2051,A406
att,A2051,A940
att,A2051,A834
att,A2051,A436
att,A2051,A305
att,A2051,A1061
att,A2051,A599
att,A2054,A1795
att,A2054,A679
att,A2054,A1363
att,A2054,A1474
att,A2054,A503
att,A2054,A2408
att,A2054,A2185
att,A2054,A1307
att,A2054,A1721
att,A2054,A2671
att,A2054,A444
att,A2054,A2101
att,A2054,A2610
att,A2054,A2026
att,A2054,A1134
att,A2059,A1772
att,A2059,A1531
att,A2059,A880
att,A2059,A1552
att,A2059,A2367
att,A2059,A2252
att,A2059,A338
att,A2059,A462
att,A2059,A1095
att,A2059,A1622
att,A2059,A226
att,A2059,A2157
att,A2059,A2186
att,A2059,A1504
att,A2059,A2171
att,A2059,A110
att,A2059,A1921
att,A2059,A702
att,A2059,A602
att,A2059,A248
att,A2063,A1966
att,A2063,A112
att,A2063,A2043
att,A2063,A97
att,A2063,A1627
att,A2063,A991
att,A2063,A1055
att,A2063,A2681
att,A2063,A1410
att,A2063,A61
att,A2063,A1689
att,A2063,A280
att,A2065,A2250
att,A2065,A675
att,A2065,A139
att,A2065,A605
att,A2065,A1010
att,A2065,A795
att,A2065,A501
att,A2065,A1629
att,A2065,A167
att,A2065,A142
att,A2065,A461
att,A2065,A1450
att,A2065,A1517
att,A2065,A1383
att,A2065,A2384
att,A2065,A1211
att,A2065,A1683
att,A2065,A1198
att,A2065,A2283
att,A2065,A1677
att,A2065,A1929
att,A2067,A1477
att,A2067,A815
att,A2067,A109
att,A2067,A1405
att,A2067,A429
att,A2067,A653
att,A2067,A772
att,A2067,A1712
att,A2067,A921
att,A2067,A1137
att,A2069,A1367
att,A2069,A1665
att,A2069,A1023
att,A2069,A566
att,A2069,A736
att,A2069,A1649
att,A2069,A1297
att,A2069,A2432
att,A2069,A2193
att,A2069,A1338
att,A2069,A2562
att,A2069,A345
att,A2069,A1988
att,A2072,A101
att,A2072,A964
att,A2072,A305
att,A2072,A2345
att,A2072,A1213
att,A2072,A1852
att,A2072,A979
att,A2072,A2513
att,A2072,A629
att,A2072,A2674
att,A2072,A1507
att,A2072,A1445
att,A2072,A1072
att,A2072,A661
att,A2072,A2619
att,A2072,A204
att,A2072,A639
att,A2072,A1826
att,A2072,A797
att,A2072,A1708
att,A2072,A2144
att,A2072,A2109
att,A2072,A1880
att,A2073,A463
att,A2073,A856
att,A2073,A2295
att,A2074,A516
att,A2074,A180
att,A2074,A263
att,A2074,A2154
att,A2074,A451
att,A2074,A671
att,A2074,A445
att,A2074,A1431
att,A2074,A1708
att,A2074,A1679
att,A2074,A2161
att,A2074,A1873
att,A2074,A2036
att,A2074,A539
att,A2074,A2696
att,A2074,A493
att,A2074,A22
att,A2074,A2056
att,A2074,A1904
att,A2074,A2176
att,A2074,A2545
att,A2074,A1325
att,A2074,A991
att,A2074,A1001
att,A2074,A614
att,A2074,A1934
att,A2074,A779
att,A2075,A951
att,A2075,A947
att,A2075,A1781
att,A2075,A1206
att,A2075,A1586
att,A2075,A2230
att,A2075,A1397
att,A2075,A1559
att,A2075,A1642
att,A2075,A1224
att,A2075,A1552
att,A2075,A1326
att,A2075,A1510
att,A2075,A121
att,A2081,A1431
att,A2081,A190
att,A2081,A1248
att,A2081,A2274
att,A2081,A1816
att,A2081,A563
att,A2081,A1054
att,A2081,A2428
att,A2081,A1886
att,A2081,A1738
att,A2081,A879
att,A2081,A1516
att,A2081,A224
att,A2081,A2182
att,A2081,A2361
att,A2081,A814
att,A2081,A329
att,A2081,A693
att,A2081,A754
att,A2082,A2490
att,A2082,A398
att,A2082,A643
att,A2082,A1238
att,A2082,A1645
att,A2082,A523
att,A2082,A1328
att,A2082,A2591
att,A2085,A1895
att,A2085,A164
att,A2085,A2578
att,A2085,A1902
att,A2085,A1880
att,A2085,A51
att,A2086,A1412
att,A2086,A2589
att,A2086,A1214
att,A2086,A838
att,A2086,A1749
att,A2086,A1747
att,A2086,A2644
att,A2086,A1732
att,A2086,A644
att,A2086,A2270
att,A2086,A261
att,A2086,A1598
att,A2086,A2306
att,A2086,A189
att,A2086,A1512
att,A2086,A2529
att,A2086,A2430
att,A2086,A2336
att,A2086,A25
att,A2086,A737
att,A2086,A2677
att,A2086,A2153
att,A2086,A420
att,A2087,A563
att,A2087,A2698
att,A2087,A1086
att,A2087,A2125
att,A2087,A2340
att,A2087,A2403
att,A2087,A1151
att,A2087,A1948
att,A2087,A1681
att,A2087,A1570
att,A2087,A1145
att,A2087,A1710
att,A2087,A2523
att,A2087,A2064
att,A2087,A1671
att,A2087,A1314
att,A2087,A235
att,A2087,A1113
att,A2087,A379
att,A2087,A2341
att,A2088,A157
att,A2088,A842
att,A2088,A2666
att,A2088,A111
att,A2088,A2315
att,A2088,A1741
att,A2088,A444
att,A2088,A736
att,A2088,A2215
att,A2088,A131
att,A2089,A1709
att,A2089,A1949
att,A2089,A2342
att,A2089,A1651
att,A2089,A1178
att,A2089,A987
att,A2089,A2051
att,A2089,A2499
att,A2089,A1229
att,A2089,A1015
att,A2089,A2665
att,A2089,A274
att,A2089,A205
att,A2089,A994
att,A2089,A718
att,A2089,A526
att,A2089,A818
att,A2089,A367
att,A2089,A272
att,A2089,A757
att,A2089,A2164
att,A2090,A1101
att,A2090,A1861
att,A2090,A1773
att,A2090,A2629
att,A2090,A2238
att,A2090,A1097
att,A2090,A1795
att,A2092,A1838
att,A2092,A2348
att,A2094,A1731
att,A2094,A2527
att,A2094,A855
att,A2094,A2259
att,A2094,A2556
att,A2094,A735
att,A2094,A705
att,A2094,A79
att,A2094,A1613
att,A2094,A1751
att,A2094,A1870
att,A2094,A272
att,A2094,A808
att,A2094,A1735
att,A2094,A1039
att,A2097,A1977
att,A2097,A614
att,A2097,A1462
att,A2097,A253
att,A2097,A316
att,A2097,A746
att,A2097,A2510
att,A2097,A1295
att,A2097,A1695
att,A2097,A1587
att,A2097,A2454
att,A2097,A2023
att,A2097,A740
att,A2097,A2669
att,A2097,A1802
att,A2097,A2294
att,A2097,A75
att,A2097,A2303
att,A2097,A1954
att,A2097,A887
att,A2097,A759
att,A2099,A879
att,A2099,A2070
att,A2099,A2480
att,A2099,A422
att,A2099,A1458
att,A2099,A551
att,A2099,A2024
att,A2099,A1057
att,A2099,A284
att,A2099,A300
att,A2099,A2294
att,A2099,A555
att,A2099,A2434
att,A2099,A401
att,A2100,A176
att,A2100,A1618
att,A2100,A608
att,A2100,A763
att,A2100,A377
att,A2100,A1152
att,A2100,A2215
att,A2100,A1521
att,A2100,A959
att,A2100,A408
att,A2100,A497
att,A2100,A338
att,A2100,A439
att,A2100,A656
att,A2100,A174
att,A2100,A659
att,A2100,A2316
att,A2100,A2158
att,A2100,A39
att,A2100,A2287
att,A2100,A2330
att,A2100,A892
att,A2102,A1964
att,A2102,A1307
att,A2102,A1518
att,A2102,A336
att,A2102,A273
att,A2102,A1162
att,A2102,A1559
att,A2102,A1143
att,A2102,A1555
att,A2102,A1849
att,A2102,A551
att,A2102,A652
att,A2102,A168
att,A2102,A188
att,A2102,A1023
att,A2102,A303
att,A2102,A2195
att,A2102,A480
att,A2106,A1424
att,A2106,A362
att,A2106,A440
att,A2106,A1142
att,A2106,A1782
att,A2106,A1034
att,A2106,A132
att,A2106,A473
att,A2106,A644
att,A2106,A602
att,A2106,A2197
att,A2106,A1330
att,A2106,A1342
att,A2106,A1048
att,A2106,A2198
att,A2106,A27
att,A2106,A1697
att,A2106,A1306
att,A2106,A1517
att,A2106,A384
att,A2107,A653
att,A2107,A2549
att,A2107,A964
att,A2107,A203
att,A2107,A626
att,A2107,A572
att,A2107,A1336
att,A2107,A692
att,A2107,A1248
att,A2107,A598
att,A2107,A856
att,A2107,A2072
att,A2107,A2525
att,A2107,A1645
att,A2107,A105
att,A2107,A596
att,A2107,A1473
att,A2107,A1206
att,A2107,A1979
att,A2107,A1569
att,A2107,A2224
att,A2107,A2154
att,A2107,A2438
att,A2111,A1947
att,A2111,A1657
att,A2112,A2686
att,A2112,A34
att,A2112,A1377
att,A2112,A1355
att,A2112,A628
att,A2112,A2570
att,A2112,A269
att,A2112,A1769
att,A2113,A1842
att,A2113,A1574
att,A2113,A906
att,A2113,A145
att,A2113,A968
att,A2113,A543
att,A2113,A582
att,A2113,A2074
att,A2113,A1894
att,A2113,A424
att,A2113,A1405
att,A2113,A1431
att,A2113,A1142
att,A2113,A2670
att,A2113,A376
att,A2114,A1742
att,A2114,A1323
att,A2114,A1722
att,A2114,A1052
att,A2114,A2635
att,A2115,A1542
att,A2115,A2569
att,A2115,A1456
att,A2115,A1883
att,A2115,A2547
att,A2115,A892
att,A2115,A1349
att,A2115,A1142
att,A2115,A648
att,A2115,A1570
att,A2116,A2079
att,A2116,A2322
att,A2116,A1298
att,A2116,A411
att,A2116,A477
att,A2116,A843
att,A2116,A1851
att,A2118,A1548
att,A2118,A2226
att,A2118,A833
att,A2118,A727
att,A2118,A2605
att,A2118,A2415
att,A2118,A514
att,A2118,A56
att,A2118,A859
att,A2118,A330
att,A2118,A31
att,A2121,A1751
att,A2121,A1740
att,A2121,A1573
att,A2121,A1531
att,A2121,A2496
att,A2121,A195
att,A2121,A1948
att,A2121,A1957
att,A2121,A450
att,A2121,A37
att,A2121,A1576
att,A2121,A1219
att,A2123,A211
att,A2123,A1721
att,A2123,A952
att,A2123,A264
att,A2123,A391
att,A2123,A1101
att,A2123,A162
att,A2123,A71
att,A2123,A2618
att,A2126,A2678
att,A2126,A1263
att,A2126,A2224
att,A2126,A825
att,A2126,A1663
att,A2126,A349
att,A2126,A620
att,A2126,A2198
att,A2126,A2522
att,A2126,A229
att,A2126,A2092
att,A2126,A862
att,A2127,A434
att,A2127,A1180
att,A2127,A720
att,A2127,A1417
att,A2127,A1859
att,A2127,A641
att,A2127,A2642
att,A2127,A321
att,A2127,A944
att,A2127,A1585
att,A2127,A751
att,A2127,A411
att,A2127,A1291
att,A2127,A1655
att,A2127,A1977
att,A2127,A1727
att,A2127,A1315
att,A2127,A2497
att,A2127,A38
att,A2127,A2381
att,A2129,A1508
att,A2129,A442
att,A2129,A1674
att,A2129,A1470
att,A2129,A1044
att,A2129,A1726
att,A2129,A983
att,A2129,A2167
att,A2129,A354
att,A2129,A338
att,A2129,A2206
att,A2129,A2670
att,A2129,A2694
att,A2129,A1397
att,A2129,A1066
att,A2129,A1205
att,A2131,A2393
att,A2131,A513
att,A2131,A2348
att,A2131,A103
att,A2131,A1146
att,A2131,A1480
att,A2131,A261
att,A2131,A205
att,A2131,A719
att,A2131,A2045
att,A2131,A2652
att,A2132,A624
att,A2132,A606
att,A2132,A170
att,A2132,A21
att,A2132,A2692
att,A2132,A370
att,A2134,A641
att,A2134,A2093
att,A2134,A2641
att,A2134,A2677
att,A2134,A2568
att,A2134,A986
att,A2134,A1710
att,A2134,A2636
att,A2134,A1592
att,A2134,A365
att,A2134,A226
att,A2134,A1931
att,A2134,A1884
att,A2134,A732
att,A2134,A564
att,A2134,A1008
att,A2134,A504
att,A2134,A2041
att,A2134,A2130
att,A2134,A344
att,A2134,A183
att,A2134,A2596
att,A2134,A31
att,A2134,A2229
att,A2134,A1290
att,A2135,A192
att,A2135,A1762
att,A2135,A1593
att,A2135,A427
att,A2135,A2154
att,A2138,A2216
att,A2138,A1241
att,A2138,A2322
att,A2138,A1074
att,A2138,A2565
att,A2138,A1909
att,A2138,A549
att,A2138,A1579
att,A2138,A601
att,A2138,A2114
att,A2138,A43
att,A2138,A391
att,A2138,A2328
att,A2138,A369
att,A2138,A2530
att,A2138,A343
att,A2138,A178
att,A2138,A2507
att,A2141,A264
att,A2141,A2126
att,A2141,A337
att,A2141,A15
att,A2141,A2671
att,A2141,A2330
att,A2141,A679
att,A2141,A1380
att,A2141,A2299
att,A2142,A2526
att,A2142,A2116
att,A2142,A1052
att,A2142,A824
att,A2142,A831
att,A2142,A1163
att,A2142,A1780
att,A2142,A117
att,A2142,A1358
att,A2142,A1687
att,A2142,A210
att,A2142,A2144
att,A2142,A938
att,A2142,A2468
att,A2142,A422
att,A2142,A367
att,A2142,A59
att,A2142,A1389
att,A2142,A219
att,A2145,A1224
att,A2145,A1976
att,A2145,A1732
att,A2146,A667
att,A2146,A1405
att,A2146,A1950
att,A2146,A523
att,A2146,A101
att,A2146,A586
att,A2146,A59
att,A2146,A1820
att,A2146,A1111
att,A2146,A152
att,A2146,A422
att,A2146,A2615
att,A2146,A2427
att,A2146,A929
att,A2146,A1305
att,A2146,A1402
att,A2146,A617
att,A2146,A1951
att,A2146,A2055
att,A2146,A1160
att,A2146,A1154
att,A2146,A1469
att,A2146,A2566
att,A2149,A2500
att,A2149,A1851
att,A2149,A1422
att,A2149,A1321
att,A2149,A994
att,A2149,A1646
att,A2149,A1678
att,A2149,A1334
att,A2149,A2660
att,A2149,A1438
att,A2149,A993
att,A2149,A1256
att,A2149,A642
att,A2149,A2597
att,A2149,A2299
att,A2149,A2319
att,A2149,A909
att,A2149,A2026
att,A2151,A910
att,A2151,A203
att,A2151,A1257
att,A2151,A1780
att,A2151,A1199
att,A2151,A2046
att,A2151,A1529
att,A2151,A2615
att,A2151,A1894
att,A2151,A2655
att,A2151,A2241
att,A2151,A337
att,A2153,A1340
att,A2153,A933
att,A2153,A2248
att,A2153,A2646
att,A2153,A2508
att,A2153,A1640
att,A2153,A1819
att,A2154,A290
att,A2154,A1532
att,A2154,A608
att,A2154,A1625
att,A2154,A1994
att,A2160,A981
att,A2160,A299
att,A2160,A2514
att,A2160,A2134
att,A2160,A2312
att,A2160,A1442
att,A2160,A1704
att,A2160,A134
att,A2160,A926
att,A2160,A273
att,A2160,A1085
att,A2160,A452
att,A2160,A2610
att,A2160,A1862
att,A2160,A67
att,A2160,A2212
att,A2160,A747
att,A2160,A2354
att,A2163,A631
att,A2163,A1378
att,A2163,A2091
att,A2163,A713
att,A2163,A315
att,A2163,A2280
att,A2163,A1494
att,A2163,A1777
att,A2163,A2258
att,A2163,A1022
att,A2163,A758
att,A2163,A907
att,A2163,A2655
att,A2163,A2508
att,A2163,A418
att,A2163,A2104
att,A2163,A1874
att,A2163,A2187
att,A2163,A2684
att,A2163,A1128
att,A2163,A378
att,A2163,A1311
att,A2163,A998
att,A2163,A514
att,A2163,A1765
att,A2166,A2632
att,A2166,A2201
att,A2166,A712
att,A2166,A1807
att,A2166,A1515
att,A2166,A24
att,A2166,A2159
att,A2166,A2695
att,A2166,A1671
att,A2166,A1349
att,A2166,A1678
att,A2166,A852
att,A2166,A2301
att,A2166,A1179
att,A2166,A2612
att,A2166,A1004
att,A2166,A1314
att,A2166,A2362
att,A2167,A611
att,A2167,A1074
att,A2167,A403
att,A2167,A1145
att,A2167,A538
att,A2167,A750
att,A2167,A702
att,A2167,A2375
att,A2167,A2433
att,A2167,A2372
att,A2167,A2272
att,A2167,A2252
att,A2167,A599
att,A2167,A1425
att,A2167,A4
att,A2167,A1066
att,A2167,A997
att,A2167,A2411
att,A2167,A1583
att,A2167,A68
att,A2167,A2110
att,A2167,A942
att,A2167,A721
att,A2167,A2667
att,A2168,A2587
att,A2168,A184
att,A2168,A1349
att,A2168,A2201
att,A2168,A1526
att,A2168,A223
att,A2168,A1916
att,A2168,A2679
att,A2169,A1815
att,A2169,A1295
att,A2169,A537
att,A2169,A837
att,A2169,A281
att,A2169,A2396
att,A2169,A202
att,A2169,A1270
att,A2169,A755
att,A2169,A474
att,A2169,A1191
att,A2169,A1290
att,A2169,A674
att,A2169,A1164
att,A2169,A1552
att,A2170,A62
att,A2170,A2385
att,A2170,A239
att,A2170,A346
att,A2170,A624
att,A2170,A1708
att,A2170,A1616
att,A2170,A291
att,A2170,A1367
att,A2170,A694
att,A2170,A655
att,A2170,A57
att,A2170,A1705
att,A2170,A1832
att,A2170,A314
att,A2170,A1760
att,A2170,A1500
att,A2170,A2210
att,A2170,A405
att,A2170,A2532
att,A2170,A2431
att,A2173,A2209
att,A2173,A784
att,A2173,A1204
att,A2173,A321
att,A2173,A2143
att,A2173,A1082
att,A2178,A1558
att,A2178,A399
att,A2178,A2094
att,A2178,A17
att,A2178,A835
att,A2178,A2355
att,A2179,A423
att,A2179,A713
att,A2179,A1513
att,A2179,A825
att,A2179,A1539
att,A2179,A2073
att,A2179,A189
att,A2179,A397
att,A2179,A424
att,A2179,A2191
att,A2179,A2578
att,A2179,A1343
att,A2179,A1225
att,A2182,A1157
att,A2182,A2532
att,A2182,A392
att,A2182,A2143
att,A2184,A1719
att,A2184,A2375
att,A2184,A1735
att,A2184,A1644
att,A2184,A104
att,A2184,A2206
att,A2184,A567
att,A2184,A2226
att,A2184,A451
att,A2184,A2233
att,A2184,A1425
att,A2184,A1799
att,A2184,A545
att,A2184,A1963
att,A2186,A2595
att,A2186,A100
att,A2186,A2515
att,A2186,A1886
att,A2186,A242
att,A2186,A1841
att,A2186,A1954
att,A2186,A571
att,A2186,A2294
att,A2186,A98
att,A2186,A1790
att,A2186,A1170
att,A2186,A111
att,A2186,A2449
att,A2186,A1055
att,A2186,A1623
att,A2186,A1650
att,A2186,A2087
att,A2186,A453
att,A2186,A1547
att,A2186,A1413
att,A2186,A281
att,A2186,A1837
att,A2186,A908
att,A2186,A995
att,A2187,A680
att,A2189,A1699
att,A2189,A2147
att,A2189,A520
att,A2189,A896
att,A2189,A449
att,A2189,A547
att,A2189,A1489
att,A2189,A125
att,A2189,A987
att,A2189,A58
att,A2189,A971
att,A2189,A840
att,A2189,A630
att,A2189,A490
att,A2189,A2668
att,A2189,A2491
att,A2189,A2100
att,A2189,A1425
att,A2189,A1473
att,A2189,A1613
att,A2189,A2566
att,A2191,A1883
att,A2191,A450
att,A2191,A384
att,A2191,A1471
att,A2191,A1534
att,A2191,A1246
att,A2191,A1747
att,A2191,A2533
att,A2191,A1898
att,A2191,A1730
att,A2191,A1975
att,A2191,A341
att,A2191,A714
att,A2191,A2104
att,A2191,A1442
att,A2191,A2280
att,A2191,A85
att,A2191,A1800
att,A2191,A2221
att,A2193,A1772
att,A2193,A2305
att,A2193,A2670
att,A2193,A1274
att,A2193,A2387
att,A2193,A2177
att,A2193,A136
att,A2193,A1332
att,A2193,A613
att,A2193,A1903
att,A2195,A1061
att,A2195,A897
att,A2195,A2077
att,A2195,A122
att,A2195,A1113
att,A2195,A2408
att,A2195,A930
att,A2198,A2283
att,A2198,A110
att,A2198,A1512
att,A2198,A2061
att,A2198,A1989
att,A2198,A2488
att,A2199,A1058
att,A2199,A1752
att,A2199,A59
att,A2199,A1790
att,A2202,A422
att,A2202,A153
att,A2202,A1830
att,A2202,A1836
att,A2202,A2667
att,A2202,A1627
att,A2202,A950
att,A2202,A1619
att,A2202,A1120
att,A2202,A1055
att,A2202,A2209
att,A2203,A510
att,A2203,A1992
att,A2203,A1308
att,A2203,A296
att,A2203,A208
att,A2203,A1766
att,A2203,A13
att,A2203,A1016
att,A2203,A1928
att,A2203,A2040
att,A2203,A453
att,A2203,A1238
att,A2204,A1999
att,A2204,A1613
att,A2204,A499
att,A2205,A253
att,A2205,A611
att,A2205,A1689
att,A2205,A1360
att,A2205,A1330
att,A2205,A1612
att,A2205,A2005
att,A2205,A1940
att,A2205,A2493
att,A2210,A78
att,A2210,A2463
att,A2210,A896
att,A2212,A2457
att,A2212,A2200
att,A2212,A1904
att,A2212,A706
att,A2212,A566
att,A2212,A391
att,A2212,A245
att,A2212,A293
att,A2212,A247
att,A2213,A712
att,A2213,A2119
att,A2215,A1572
att,A2215,A1958
att,A2215,A723
att,A2215,A294
att,A2215,A979
att,A2215,A94
att,A2215,A999
att,A2215,A1570
att,A2215,A2020
att,A2215,A2146
att,A2215,A910
att,A2215,A2309
att,A2215,A2043
att,A2215,A2235
att,A2215,A1017
att,A2215,A129
att,A2215,A1505
att,A2215,A725
att,A2215,A465
att,A2215,A2009
att,A2215,A732
att,A2218,A309
att,A2218,A1041
att,A2218,A904
att,A2218,A390
att,A2218,A1779
att,A2218,A677
att,A2218,A2397
att,A2218,A2203
att,A2218,A2178
att,A2218,A213
att,A2218,A1498
att,A2218,A1591
att,A2220,A905
att,A2220,A1407
att,A2220,A145
att,A2220,A1130
att,A2220,A2479
att,A2220,A2148
att,A2220,A1972
att,A2220,A995
att,A2220,A280
att,A2220,A1984
att,A2220,A954
att,A2220,A2513
att,A2220,A1931
att,A2220,A747
att,A2220,A125
att,A2220,A1848
att,A2220,A152
att,A2220,A2489
att,A2220,A2069
att,A2220,A1990
att,A2220,A2671
att,A2220,A1659
att,A2221,A2060
att,A2221,A2302
att,A2221,A1173
att,A2221,A2407
att,A2221,A253
att,A2221,A263
att,A2221,A562
att,A2221,A841
att,A2221,A1197
att,A2221,A1198
att,A2221,A533
att,A2221,A211
att,A2221,A90
att,A2221,A704
att,A2221,A1123
att,A2221,A955
att,A2221,A1211
att,A2221,A798
att,A2221,A1320
att,A2221,A2468
att,A2221,A126
att,A2221,A2454
att,A2221,A1712
att,A2221,A1114
att,A2221,A748
att,A2221,A1547
att,A2221,A525
att,A2223,A770
att,A2223,A796
att,A2223,A1163
att,A2224,A109
att,A2224,A724
att,A2224,A2148
att,A2224,A2669
att,A2224,A199
att,A2224,A256
att,A2224,A1098
att,A2224,A2522
att,A2224,A696
att,A2225,A1279
att,A2225,A131
att,A2225,A1516
att,A2225,A964
att,A2225,A1877
att,A2225,A1526
att,A2225,A1889
att,A2225,A1081
att,A2225,A2287
att,A2225,A847
att,A2225,A1885
att,A2225,A2630
att,A2225,A2122
att,A2225,A1840
att,A2225,A1249
att,A2225,A1506
att,A2226,A891
att,A2226,A1308
att,A2226,A1640
att,A2226,A1185
att,A2226,A2046
att,A2226,A1660
att,A2226,A1890
att,A2226,A2663
att,A2226,A2657
att,A2226,A2693
att,A2226,A900
att,A2226,A1668
att,A2226,A2697
att,A2226,A253
att,A2226,A2232
att,A2226,A788
att,A2228,A217
att,A2228,A1997
att,A2228,A810
att,A2228,A1133
att,A2228,A78
att,A2228,A2046
att,A2228,A548
att,A2228,A2631
att,A2228,A886
att,A2228,A717
att,A2228,A2567
att,A2228,A1790
att,A2228,A1450
att,A2228,A1916
att,A2228,A388
att,A2228,A143
att,A2228,A733
att,A2228,A1642
att,A2228,A1174
att,A2232,A1205
att,A2232,A2074
att,A2232,A263
att,A2232,A2013
att,A2232,A2401
att,A2232,A28
att,A2232,A1329
att,A2232,A1058
att,A2232,A1589
att,A2232,A345
att,A2233,A391
att,A2233,A1407
att,A2233,A1540
att,A2233,A1311
att,A2233,A2011
att,A2236,A2300
att,A2236,A1776
att,A2236,A1857
att,A2236,A763
att,A2236,A1409
att,A2236,A638
att,A2236,A548
att,A2236,A2173
att,A2236,A1008
att,A2236,A1074
att,A2236,A284
att,A2236,A473
att,A2238,A1108
att,A2238,A1268
att,A2241,A1177
att,A2241,A390
att,A2241,A1519
att,A2241,A847
att,A2241,A1733
att,A2241,A1227
att,A2241,A164
att,A2241,A447
att,A2241,A1380
att,A2241,A181
att,A2241,A1080
att,A2244,A1265
att,A2244,A1358
att,A2244,A17
att,A2244,A1260
att,A2244,A2143
att,A2244,A1076
att,A2244,A1582
att,A2244,A1292
att,A2244,A2241
att,A2244,A2002
att,A2244,A2629
att,A2244,A1935
att,A2244,A2526
att,A2244,A977
att,A2244,A2382
att,A2244,A1135
att,A2244,A1469
att,A2244,A2573
att,A2244,A776
att,A2244,A1310
att,A2244,A1766
att,A2245,A133
att,A2245,A2595
att,A2245,A396
att,A2245,A2657
att,A2245,A1288
att,A2245,A531
att,A2247,A2313
att,A2247,A258
att,A2247,A2176
att,A2247,A1292
att,A2247,A2274
att,A2247,A1326
att,A2247,A1011
att,A2247,A2573
att,A2247,A721
att,A2247,A15
att,A2247,A1690
att,A2247,A513
att,A2247,A2207
att,A2247,A85
att,A2252,A1099
att,A2252,A715
att,A2252,A1186
att,A2252,A840
att,A2252,A685
att,A2252,A652
att,A2252,A1470
att,A2252,A7
att,A2252,A757
att,A2252,A175
att,A2252,A2390
att,A2252,A2425
att,A2252,A949
att,A2252,A813
att,A2252,A1015
att,A2252,A939
att,A2252,A1588
att,A2252,A29
att,A2252,A865
att,A2252,A2305
att,A2254,A507
att,A2254,A1502
att,A2254,A2377
att,A2254,A1076
att,A2254,A143
att,A2254,A1472
att,A2254,A1989
att,A2254,A1215
att,A2254,A872
att,A2254,A1563
att,A2254,A810
att,A2254,A215
att,A2254,A718
att,A2254,A2445
att,A2256,A913
att,A2256,A2290
att,A2256,A2475
att,A2258,A1382
att,A2258,A1148
att,A2258,A2077
att,A2258,A1638
att,A2258,A187
att,A2259,A168
att,A2259,A2233
att,A2259,A1024
att,A2259,A631
att,A2259,A2472
att,A2259,A142
att,A2259,A1041
att,A2259,A2562
att,A2259,A989
att,A2259,A1351
att,A2259,A974
att,A2259,A244
att,A2259,A715
att,A2259,A163
att,A2259,A876
att,A2259,A603
att,A2259,A472
att,A2259,A889
att,A2259,A379
att,A2259,A1257
att,A2259,A1984
att,A2259,A2345
att,A2260,A347
att,A2260,A587
att,A2260,A2249
att,A2261,A177
att,A2261,A1784
att,A2261,A363
att,A2261,A1871
att,A2261,A813
att,A2261,A516
att,A2261,A139
att,A2261,A1290
att,A2261,A131
att,A2261,A701
att,A2261,A850
att,A2261,A707
att,A2261,A2341
att,A2261,A2067
att,A2261,A218
att,A2261,A2274
att,A2261,A2419
att,A2261,A1338
att,A2263,A2098
att,A2263,A1188
att,A2263,A1716
att,A2263,A333
att,A2263,A482
att,A2263,A2614
att,A2263,A1177
att,A2263,A1227
att,A2263,A1664
att,A2263,A601
att,A2263,A2660
att,A2263,A1428
att,A2263,A1403
att,A2263,A2358
att,A2263,A1955
att,A2263,A724
att,A2263,A1204
att,A2263,A1343
att,A2263,A2141
att,A2263,A1360
att,A2263,A2589
att,A2264,A207
att,A2264,A1933
att,A2264,A2657
att,A2264,A2565
att,A2264,A804
att,A2264,A260
att,A2264,A1956
att,A2264,A285
att,A2264,A461
att,A2265,A520
att,A2265,A2436
att,A2265,A953
att,A2265,A2376
att,A2265,A1952
att,A2265,A1768
att,A2265,A1788
att,A2265,A4
att,A2265,A929
att,A2265,A55
att,A2265,A875
att,A2265,A2067
att,A2265,A804
att,A2265,A1659
att,A2265,A690
att,A2265,A1164
att,A2267,A1413
att,A2267,A412
att,A2267,A2695
att,A2267,A343
att,A2267,A2519
att,A2267,A1022
att,A2269,A1303
att,A2269,A2478
att,A2269,A910
att,A2269,A211
att,A2269,A2200
att,A2269,A738
att,A2269,A459
att,A2269,A2412
att,A2269,A2383
att,A2269,A217
att,A2269,A368
att,A2269,A119
att,A2269,A1508
att,A2269,A1300
att,A2269,A1951
att,A2269,A1895
att,A2269,A2165
att,A2269,A1347
att,A2269,A1049
att,A2269,A267
att,A2270,A879
att,A2270,A2471
att,A2270,A651
att,A2270,A498
att,A2270,A2065
att,A2270,A2284
att,A2270,A1005
att,A2270,A1667
att,A2270,A742
att,A2270,A1131
att,A2270,A2534
att,A2270,A2319
att,A2270,A1676
att,A2270,A2502
att,A2270,A887
att,A2270,A1719
att,A2270,A1086
att,A2270,A2095
att,A2270,A1181
att,A2270,A1713
att,A2272,A795
att,A2272,A1475
att,A2272,A1888
att,A2272,A1732
att,A2272,A220
att,A2272,A865
att,A2272,A2076
att,A2272,A1046
att,A2272,A2331
att,A2272,A1928
att,A2272,A2367
att,A2272,A2619
att,A2272,A2480
att,A2272,A2348
att,A2272,A1587
att,A2272,A809
att,A2272,A111
att,A2272,A2593
att,A2272,A739
att,A2272,A1238
att,A2272,A792
att,A2272,A1287
att,A2272,A2225
att,A2273,A2007
att,A2273,A1578
att,A2273,A2509
att,A2273,A2409
att,A2273,A2631
att,A2273,A1787
att,A2273,A254
att,A2273,A675
att,A2273,A1842
att,A2273,A627
att,A2273,A399
att,A2273,A1350
att,A2273,A1154
att,A2273,A16
att,A2273,A1228
att,A2273,A1615
att,A2273,A2036
att,A2273,A2589
att,A2273,A434
att,A2273,A1590
att,A2273,A396
att,A2273,A1911
att,A2273,A2684
att,A2273,A556
att,A2273,A2683
att,A2273,A2667
att,A2273,A387
att,A2273,A1629
att,A2273,A1944
att,A2273,A2014
att,A2274,A792
att,A2274,A254
att,A2274,A1362
att,A2274,A2508
att,A2274,A507
att,A2274,A1121
att,A2274,A2090
att,A2274,A435
att,A2274,A438
att,A2274,A929
att,A2274,A2449
att,A2274,A1101
att,A2274,A366
att,A2274,A1263
att,A2277,A550
att,A2277,A1667
att,A2277,A2168
att,A2277,A1607
att,A2277,A159
att,A2277,A1850
att,A2277,A2143
att,A2277,A1614
att,A2277,A1346
att,A2277,A245
att,A2277,A923
att,A2282,A1955
att,A2282,A658
att,A2282,A1854
att,A2282,A460
att,A2282,A532
att,A2282,A1019
att,A2282,A2424
att,A2282,A2580
att,A2282,A1608
att,A2282,A2565
att,A2282,A96
att,A2282,A1551
att,A2282,A1835
att,A2282,A1629
att,A2282,A1760
att,A2282,A964
att,A2282,A422
att,A2283,A556
att,A2285,A1884
att,A2285,A2536
att,A2285,A1908
att,A2285,A911
att,A2285,A1719
att,A2285,A1116
att,A2285,A734
att,A2285,A2676
att,A2285,A788
att,A2285,A280
att,A2285,A2441
att,A2285,A1896
att,A2285,A2556
att,A2285,A799
att,A2285,A2325
att,A2285,A986
att,A2285,A923
att,A2285,A1746
att,A2285,A590
att,A2285,A1801
att,A2285,A674
att,A2286,A843
att,A2286,A1768
att,A2286,A2027
att,A2286,A2412
att,A2286,A1186
att,A2286,A2679
att,A2286,A1430
att,A2286,A1717
att,A2286,A278
att,A2286,A1964
att,A2286,A1589
att,A2286,A586
att,A2286,A123
att,A2286,A2608
att,A2286,A2272
att,A2286,A287
att,A2287,A394
att,A2287,A2191
att,A2287,A767
att,A2287,A1100
att,A2287,A2197
att,A2287,A1819
att,A2287,A26
att,A2287,A1465
att,A2287,A451
att,A2287,A49
att,A2287,A493
att,A2287,A1866
att,A2287,A2502
att,A2287,A1728
att,A2287,A2554
att,A2287,A460
att,A2287,A1738
att,A2287,A813
att,A2291,A2521
att,A2291,A975
att,A2291,A645
att,A2291,A2082
att,A2293,A116
att,A2293,A1239
att,A2293,A1436
att,A2293,A1985
att,A2293,A1846
att,A2293,A323
att,A2293,A2019
att,A2293,A114
att,A2293,A629
att,A2293,A1532
att,A2293,A1020
att,A2293,A68
att,A2294,A1131
att,A2294,A1668
att,A2294,A1813
att,A2294,A104
att,A2294,A2181
att,A2294,A374
att,A2295,A1706
att,A2295,A2425
att,A2295,A2429
att,A2295,A1718
att,A2295,A281
att,A2295,A122
att,A2295,A469
att,A2295,A2120
att,A2295,A510
att,A2295,A92
att,A2295,A2080
att,A2295,A1361
att,A2295,A765
att,A2297,A1528
att,A2297,A877
att,A2297,A377
att,A2297,A732
att,A2297,A1912
att,A2299,A670
att,A2299,A1766
att,A2299,A2504
att,A2299,A289
att,A2299,A1581
att,A2299,A1162
att,A2299,A760
att,A2299,A1039
att,A2299,A156
att,A2300,A1206
att,A2300,A1481
att,A2300,A357
att,A2300,A910
att,A2300,A2037
att,A2300,A2420
att,A2300,A594
att,A2300,A1892
att,A2300,A2070
att,A2300,A1931
att,A2300,A879
att,A2300,A1981
att,A2300,A535
att,A2300,A1455
att,A2300,A1286
att,A2300,A679
att,A2300,A1348
att,A2300,A965
att,A2300,A202
att,A2300,A2341
att,A2300,A115
att,A2300,A2336
att,A2300,A2090
att,A2300,A1801
att,A2300,A1280
att,A2305,A962
att,A2305,A386
att,A2305,A685
att,A2305,A2213
att,A2305,A2311
att,A2305,A2195
att,A2305,A1120
att,A2305,A930
att,A2305,A1558
att,A2305,A1573
att,A2305,A2155
att,A2305,A2580
att,A2305,A2168
att,A2305,A579
att,A2305,A1709
att,A2305,A1588
att,A2305,A528
att,A2305,A305
att,A2305,A2458
att,A2305,A818
att,A2305,A783
att,A2305,A634
att,A2305,A334
att,A2305,A457
att,A2305,A2538
att,A2305,A945
att,A2306,A1166
att,A2306,A1320
att,A2306,A2219
att,A2306,A2444
att,A2306,A933
att,A2306,A2653
att,A2306,A435
att,A2306,A1254
att,A2306,A1022
att,A2306,A625
att,A2306,A1137
att,A2306,A2451
att,A2306,A1227
att,A2309,A2027
att,A2309,A1486
att,A2309,A1335
att,A2309,A885
att,A2309,A2086
att,A2309,A2026
att,A2309,A1403
att,A2309,A1147
att,A2309,A1204
att,A2309,A2308
att,A2311,A701
att,A2311,A271
att,A2311,A1205
att,A2311,A535
att,A2311,A122
att,A2311,A1054
att,A2311,A1342
att,A2311,A201
att,A2311,A20
att,A2311,A700
att,A2311,A2457
att,A2311,A874
att,A2311,A1425
att,A2311,A1449
att,A2311,A878
att,A2311,A798
att,A2311,A1794
att,A2311,A826
att,A2311,A1024
att,A2311,A633
att,A2311,A1480
att,A2312,A441
att,A2312,A1704
att,A2312,A2180
att,A2312,A123
att,A2312,A1105
att,A2312,A6
att,A2312,A2363
att,A2312,A657
att,A2312,A1636
att,A2314,A1760
att,A2314,A2103
att,A2314,A2206
att,A2314,A2551
att,A2314,A1773
att,A2314,A2533
att,A2316,A1159
att,A2316,A2592
att,A2316,A1840
att,A2316,A1933
att,A2316,A991
att,A2316,A2626
att,A2316,A117
att,A2316,A1312
att,A2316,A698
att,A2316,A380
att,A2316,A1295
att,A2316,A1616
att,A2316,A1342
att,A2316,A1411
att,A2316,A1610
att,A2316,A1557
att,A2316,A1262
att,A2316,A892
att,A2316,A1428
att,A2316,A586
att,A2317,A1047
att,A2317,A26
att,A2317,A338
att,A2317,A270
att,A2317,A244
att,A2317,A2630
att,A2317,A495
att,A2317,A2270
att,A2317,A1886
att,A2317,A1896
att,A2317,A1310
att,A2317,A1447
att,A2317,A452
att,A2317,A2550
att,A2317,A134
att,A2317,A182
att,A2317,A2145
att,A2317,A2465
att,A2317,A2362
att,A2317,A1390
att,A2317,A2347
att,A2317,A2124
att,A2317,A1028
att,A2317,A167
att,A2317,A2386
att,A2321,A1128
att,A2321,A1656
att,A2321,A1048
att,A2321,A1354
att,A2321,A2237
att,A2321,A2065
att,A2321,A1535
att,A2321,A1132
att,A2321,A1510
att,A2321,A553
att,A2321,A798
att,A2321,A1956
att,A2321,A2348
att,A2322,A864
att,A2322,A2222
att,A2322,A732
att,A2322,A1405
att,A2322,A404
att,A2322,A832
att,A2322,A1833
att,A2322,A448
att,A2322,A1248
att,A2322,A423
att,A2322,A2448
att,A2322,A1430
att,A2322,A1482
att,A2322,A347
att,A2322,A1886
att,A2322,A83
att,A2322,A933
att,A2322,A1705
att,A2322,A1218
att,A2322,A2165
att,A2322,A1369
att,A2322,A2397
att,A2322,A780
att,A2322,A1551
att,A2322,A697
att,A2322,A850
att,A2322,A2696
att,A2323,A2367
att,A2323,A429
att,A2323,A1255
att,A2323,A2331
att,A2323,A1733
att,A2323,A2478
att,A2323,A1417
att,A2323,A1557
att,A2323,A507
att,A2323,A113
att,A2323,A2236
att,A2323,A968
att,A2323,A1965
att,A2323,A2186
att,A2323,A2686
att,A2323,A1539
att,A2325,A849
att,A2325,A309
att,A2327,A1084
att,A2327,A2628
att,A2327,A1190
att,A2327,A1636
att,A2327,A1104
att,A2327,A1402
att,A2327,A552
att,A2327,A2167
att,A2327,A1867
att,A2327,A205
att,A2327,A2105
att,A2327,A907
att,A2327,A1740
att,A2327,A7
att,A2327,A152
att,A2327,A2556
att,A2327,A56
att,A2333,A1647
att,A2333,A822
att,A2333,A2096
att,A2333,A1487
att,A2333,A2340
att,A2333,A2324
att,A2333,A808
att,A2333,A135
att,A2333,A781
att,A2333,A511
att,A2333,A1129
att,A2333,A2018
att,A2333,A1640
att,A2333,A1792
att,A2333,A2210
att,A2333,A848
att,A2333,A455
att,A2333,A2191
att,A2333,A2506
att,A2333,A2559
att,A2333,A2253
att,A2333,A1450
att,A2333,A1161
att,A2333,A2608
att,A2333,A1699
att,A2333,A2392
att,A2338,A859
att,A2338,A234
att,A2338,A1291
att,A2338,A2471
att,A2338,A2261
att,A2338,A2510
att,A2338,A601
att,A2338,A1748
att,A2338,A2451
att,A2338,A1665
att,A2342,A2542
att,A2342,A1346
att,A2342,A1875
att,A2342,A2341
att,A2342,A513
att,A2342,A1745
att,A2342,A516
att,A2342,A242
att,A2343,A1917
att,A2343,A933
att,A2343,A356
att,A2343,A1157
att,A2346,A472
att,A2346,A417
att,A2346,A107
att,A2346,A1817
att,A2346,A2373
att,A2346,A2132
att,A2346,A1717
att,A2346,A1409
att,A2346,A1805
att,A2346,A2156
att,A2346,A745
att,A2346,A646
att,A2346,A2094
att,A2346,A365
att,A2347,A754
att,A2347,A1258
att,A2347,A1379
att,A2347,A553
att,A2347,A1559
att,A2347,A745
att,A2347,A2287
att,A2347,A2093
att,A2347,A54
att,A2347,A1540
att,A2347,A2435
att,A2347,A985
att,A2347,A2560
att,A2347,A433
att,A2347,A3
att,A2347,A618
att,A2347,A2206
att,A2347,A1958
att,A2347,A1921
att,A2347,A1814
att,A2347,A2363
att,A2348,A647
att,A2348,A823
att,A2348,A941
att,A2348,A1697
att,A2348,A2644
att,A2348,A1463
att,A2348,A2484
att,A2348,A542
att,A2349,A1633
att,A2349,A1820
att,A2349,A943
att,A2349,A1377
att,A2349,A2475
att,A2349,A314
att,A2349,A204
att,A2349,A545
att,A2350,A374
att,A2350,A2024
att,A2350,A175
att,A2350,A1871
att,A2350,A93
att,A2350,A2436
att,A2350,A909
att,A2350,A536
att,A2350,A1401
att,A2350,A2355
att,A2353,A1376
att,A2353,A2690
att,A2353,A961
att,A2353,A2098
att,A2353,A1660
att,A2353,A1029
att,A2353,A392
att,A2353,A499
att,A2353,A676
att,A2353,A2254
att,A2353,A1965
att,A2353,A410
att,A2353,A97
att,A2353,A2011
att,A2353,A1381
att,A2353,A841
att,A2353,A2538
att,A2353,A111
att,A2353,A1248
att,A2353,A1998
att,A2353,A2578
att,A2353,A2501
att,A2353,A546
att,A2354,A2494
att,A2354,A385
att,A2354,A1700
att,A2354,A2063
att,A2354,A716
att,A2354,A2533
att,A2354,A343
att,A2354,A1495
att,A2354,A1483
att,A2354,A722
att,A2354,A534
att,A2354,A1618
att,A2354,A1447
att,A2354,A376
att,A2354,A2451
att,A2354,A1896
att,A2354,A901
att,A2355,A532
att,A2355,A889
att,A2355,A1068
att,A2355,A1833
att,A2355,A1894
att,A2355,A348
att,A2355,A2650
att,A2355,A2225
att,A2355,A2476
att,A2355,A123
att,A2355,A1790
att,A2355,A1695
att,A2355,A166
att,A2355,A99
att,A2361,A295
att,A2361,A1369
att,A2364,A1181
att,A2364,A921
att,A2364,A670
att,A2364,A892
att,A2364,A235
att,A2364,A963
att,A2364,A1680
att,A2366,A2112
att,A2366,A1397
att,A2366,A2167
att,A2366,A2229
att,A2366,A2090
att,A2366,A1429
att,A2366,A306
att,A2366,A2097
att,A2366,A995
att,A2366,A470
att,A2366,A2439
att,A2366,A521
att,A2366,A2248
att,A2366,A351
att,A2366,A297
att,A2366,A2504
att,A2366,A2635
att,A2366,A2222
att,A2366,A2677
att,A2366,A1954
att,A2367,A2228
att,A2367,A622
att,A2367,A2578
att,A2367,A1859
att,A2367,A1076
att,A2367,A2649
att,A2367,A1126
att,A2367,A1695
att,A2367,A1330
att,A2367,A2412
att,A2367,A90
att,A2367,A1707
att,A2367,A1101
att,A2367,A2273
att,A2367,A1842
att,A2368,A2204
att,A2369,A525
att,A2369,A1457
att,A2369,A2399
att,A2369,A2490
att,A2369,A801
att,A2369,A2406
att,A2369,A61
att,A2369,A277
att,A2369,A2335
att,A2370,A828
att,A2370,A49
att,A2370,A1061
att,A2370,A1477
att,A2370,A1884
att,A2370,A2125
att,A2370,A299
att,A2370,A1654
att,A2370,A1228
att,A2370,A1501
att,A2372,A992
att,A2372,A794
att,A2372,A1611
att,A2372,A2585
att,A2372,A2227
att,A2374,A293
att,A2374,A1081
att,A2374,A2529
att,A2374,A813
att,A2374,A2111
att,A2374,A852
att,A2374,A736
att,A2374,A1721
att,A2374,A1716
att,A2374,A968
att,A2374,A220
att,A2374,A1974
att,A2374,A2190
att,A2374,A1111
att,A2374,A2029
att,A2374,A295
att,A2374,A2614
att,A2374,A81
att,A2374,A752
att,A2375,A918
att,A2375,A2615
att,A2375,A1711
att,A2375,A2170
att,A2375,A1392
att,A2375,A2695
att,A2375,A1861
att,A2375,A1236
att,A2375,A1398
att,A2375,A620
att,A2375,A1429
att,A2378,A818
att,A2378,A1793
att,A2378,A2583
att,A2378,A333
att,A2378,A140
att,A2378,A2452
att,A2378,A2386
att,A2378,A388
att,A2378,A1245
att,A2378,A909
att,A2378,A128
att,A2378,A2178
att,A2378,A398
att,A2378,A1756
att,A2378,A1570
att,A2378,A349
att,A2378,A746
att,A2378,A417
att,A2378,A1086
att,A2380,A1242
att,A2380,A740
att,A2380,A2490
att,A2380,A1320
att,A2380,A1793
att,A2380,A1770
att,A2380,A2401
att,A2381,A1576
att,A2381,A918
att,A2381,A181
att,A2381,A921
att,A2381,A525
att,A2381,A1729
att,A2381,A2298
att,A2381,A2041
att,A2381,A174
att,A2381,A2665
att,A2381,A616
att,A2381,A1023
att,A2381,A2209
att,A2381,A1971
att,A2381,A601
att,A2381,A457
att,A2381,A669
att,A2381,A1220
att,A2381,A238
att,A2381,A1863
att,A2381,A2407
att,A2381,A2600
att,A2382,A2202
att,A2384,A2517
att,A2384,A1380
att,A2384,A968
att,A2384,A1097
att,A2384,A1260
att,A2384,A1306
att,A2384,A1170
att,A2384,A2558
att,A2384,A1160
att,A2384,A2379
att,A2385,A480
att,A2385,A588
att,A2385,A1769
att,A2385,A2220
att,A2385,A1676
att,A2385,A379
att,A2385,A106
att,A2385,A324
att,A2385,A1162
att,A2385,A439
att,A2386,A2169
att,A2386,A1460
att,A2386,A448
att,A2386,A1798
att,A2386,A2569
att,A2386,A617
att,A2390,A576
att,A2390,A1007
att,A2390,A1654
att,A2390,A1212
att,A2390,A290
att,A2390,A1113
att,A2390,A1783
att,A2390,A2218
att,A2390,A27
att,A2394,A2258
att,A2394,A1579
att,A2394,A1788
att,A2394,A1779
att,A2394,A1585
att,A2394,A2560
att,A2394,A1314
att,A2396,A1848
att,A2396,A1141
att,A2396,A2054
att,A2396,A1103
att,A2396,A2109
att,A2396,A2155
att,A2396,A34
att,A2396,A2464
att,A2396,A1613
att,A2397,A875
att,A2397,A148
att,A2397,A798
att,A2397,A1024
att,A2397,A1077
att,A2397,A2362
att,A2397,A1553
att,A2398,A2454
att,A2398,A1084
att,A2401,A426
att,A2401,A12
att,A2401,A1963
att,A2401,A1400
att,A2401,A1773
att,A2401,A1363
att,A2401,A867
att,A2401,A599
att,A2401,A2346
att,A2401,A2455
att,A2401,A608
att,A2401,A2244
att,A2401,A811
att,A2401,A1632
att,A2401,A1555
att,A2401,A2160
att,A2401,A1065
att,A2402,A521
att,A2402,A1450
att,A2402,A2690
att,A2402,A1391
att,A2402,A1245
att,A2402,A996
att,A2402,A747
att,A2402,A1840
att,A2402,A396
att,A2402,A393
att,A2402,A331
att,A2402,A37
att,A2402,A1997
att,A2402,A1380
att,A2402,A2260
att,A2402,A636
att,A2402,A2513
att,A2402,A1820
att,A2412,A1653
att,A2412,A129
att,A2412,A2287
att,A2412,A1108
att,A2412,A232
att,A2412,A1732
att,A2412,A1944
att,A2412,A1420
att,A2412,A1179
att,A2412,A629
att,A2412,A932
att,A2412,A495
att,A2412,A742
att,A2412,A400
att,A2413,A458
att,A2416,A23
att,A2416,A1738
att,A2416,A655
att,A2416,A1868
att,A2416,A512
att,A2416,A1971
att,A2416,A1178
att,A2416,A424
att,A2416,A1578
att,A2416,A1609
att,A2416,A2555
att,A2416,A2228
att,A2416,A90
att,A2416,A1194
att,A2416,A2578
att,A2416,A1285
att,A2416,A1737
att,A2416,A2461
att,A2425,A478
att,A2425,A225
att,A2425,A448
att,A2425,A1903
att,A2425,A1231
att,A2425,A440
att,A2425,A2697
att,A2425,A1814
att,A2425,A340
att,A2425,A886
att,A2425,A1974
att,A2425,A157
att,A2425,A678
att,A2425,A1688
att,A2425,A152
att,A2425,A1705
att,A2425,A918
att,A2426,A40
att,A2426,A1300
att,A2426,A1382
att,A2426,A674
att,A2426,A80
att,A2426,A2111
att,A2429,A1427
att,A2429,A686
att,A2429,A898
att,A2429,A348
att,A2429,A461
att,A2429,A394
att,A2429,A2405
att,A2429,A2252
att,A2429,A1127
att,A2429,A2164
att,A2429,A1042
att,A2429,A285
att,A2429,A2499
att,A2429,A780
att,A2429,A668
att,A2429,A74
att,A2429,A1475
att,A2429,A1372
att,A2429,A2239
att,A2429,A675
att,A2429,A1402
att,A2429,A1661
att,A2431,A800
att,A2431,A1193
att,A2431,A304
att,A2431,A2429
att,A2431,A2369
att,A2431,A834
att,A2431,A1066
att,A2433,A437
att,A2434,A323
att,A2434,A402
att,A2434,A2365
att,A2434,A2530
att,A2434,A1649
att,A2434,A2112
att,A2434,A1667
att,A2434,A993
att,A2434,A440
att,A2434,A1503
att,A2434,A1528
att,A2434,A2482
att,A2435,A1953
att,A2435,A1907
att,A2435,A2139
att,A2436,A1494
att,A2436,A84
att,A2436,A1471
att,A2436,A646
att,A2436,A1336
att,A2437,A1915
att,A2437,A420
att,A2437,A2310
att,A2437,A537
att,A2437,A1558
att,A2437,A924
att,A2437,A793
att,A2437,A1661
att,A2437,A689
att,A2437,A2571
att,A2437,A928
att,A2437,A2128
att,A2437,A2025
att,A2437,A146
att,A2437,A2553
att,A2437,A417
att,A2437,A568
att,A2437,A1187
att,A2437,A2111
att,A2437,A251
att,A2437,A1989
att,A2437,A997
att,A2437,A1023
att,A2437,A663
att,A2439,A1971
att,A2439,A2052
att,A2439,A495
att,A2439,A2420
att,A2439,A544
att,A2440,A2600
att,A2440,A1875
att,A2440,A2565
att,A2441,A377
att,A2441,A1143
att,A2441,A217
att,A2441,A1382
att,A2441,A1099
att,A2441,A2623
att,A2441,A2491
att,A2441,A525
att,A2441,A2423
att,A2441,A458
att,A2441,A2325
att,A2441,A1917
att,A2441,A256
att,A2441,A1334
att,A2441,A965
att,A2441,A784
att,A2444,A2392
att,A2444,A525
att,A2444,A111
att,A2444,A417
att,A2444,A701
att,A2444,A1623
att,A2444,A1881
att,A2444,A1640
att,A2444,A616
att,A2444,A1590
att,A2444,A2109
att,A2444,A2316
att,A2444,A1987
att,A2444,A300
att,A2444,A1204
att,A2444,A2043
att,A2444,A782
att,A2444,A2373
att,A2444,A2585
att,A2444,A656
att,A2444,A1637
att,A2444,A134
att,A2444,A2450
att,A2444,A2369
att,A2444,A1753
att,A2444,A1254
att,A2444,A48
att,A2445,A555
att,A2445,A753
att,A2445,A2153
att,A2445,A129
att,A2445,A2629
att,A2445,A740
att,A2445,A218
att,A2445,A846
att,A2445,A2438
att,A2446,A2319
att,A2446,A586
att,A2446,A59
att,A2446,A95
att,A2447,A356
att,A2447,A532
att,A2447,A2558
att,A2447,A2010
att,A2447,A2562
att,A2447,A2156
att,A2447,A2603
att,A2447,A2127
att,A2447,A2461
att,A2447,A1004
att,A2447,A2668
att,A2447,A404
att,A2447,A1601
att,A2447,A1085
att,A2447,A1295
att,A2447,A2135
att,A2447,A2123
att,A2447,A2626
att,A2447,A946
att,A2447,A2510
att,A2450,A330
att,A2450,A1166
att,A2450,A1733
att,A2450,A1429
att,A2452,A1527
att,A2452,A2578
att,A2452,A2671
att,A2452,A1673
att,A2452,A1664
att,A2452,A2525
att,A2452,A1044
att,A2452,A1407
att,A2452,A943
att,A2452,A1195
att,A2452,A1199
att,A2452,A2193
att,A2452,A748
att,A2452,A1705
att,A2452,A2164
att,A2452,A229
att,A2453,A2378
att,A2453,A1097
att,A2453,A1269
att,A2453,A2474
att,A2453,A2667
att,A2453,A594
att,A2453,A2456
att,A2453,A1299
att,A2453,A2005
att,A2453,A933
att,A2453,A1915
att,A2453,A56
att,A2453,A2117
att,A2453,A430
att,A2453,A1613
att,A2453,A1807
att,A2453,A1553
att,A2453,A1286
att,A2453,A663
att,A2453,A2466
att,A2453,A1499
att,A2453,A529
att,A2453,A2400
att,A2453,A2286
att,A2453,A19
att,A2453,A817
att,A2453,A599
att,A2454,A77
att,A2454,A752
att,A2454,A2002
att,A2454,A1773
att,A2454,A2372
att,A2454,A1505
att,A2454,A1787
att,A2454,A295
att,A2454,A954
att,A2454,A712
att,A2454,A1476
att,A2454,A1341
att,A2454,A2698
att,A2454,A2361
att,A2454,A1274
att,A2454,A437
att,A2454,A2381
att,A2454,A1569
att,A2454,A213
att,A2454,A1865
att,A2454,A1889
att,A2454,A1609
att,A2454,A89
att,A2454,A1185
att,A2454,A374
att,A2454,A956
att,A2454,A1190
att,A2454,A972
att,A2454,A1502
att,A2454,A613
att,A2458,A1656
att,A2458,A2383
att,A2458,A796
att,A2458,A936
att,A2458,A834
att,A2458,A477
att,A2458,A336
att,A2458,A2207
att,A2458,A9
att,A2458,A34
att,A2458,A356
att,A2458,A107
att,A2458,A2491
att,A2458,A441
att,A2458,A2436
att,A2458,A90
att,A2458,A1869
att,A2458,A1762
att,A2458,A2423
att,A2458,A533
att,A2458,A655
att,A2458,A299
att,A2458,A2542
att,A2458,A2177
att,A2458,A2449
att,A2459,A704
att,A2459,A2192
att,A2459,A546
att,A2459,A413
att,A2459,A74
att,A2459,A2110
att,A2459,A2310
att,A2459,A1140
att,A2459,A1864
att,A2459,A929
att,A2459,A1006
att,A2459,A122
att,A2459,A975
att,A2459,A798
att,A2459,A1606
att,A2459,A894
att,A2459,A1964
att,A2459,A2033
att,A2459,A2621
att,A2461,A1934
att,A2461,A882
att,A2461,A2097
att,A2461,A2615
att,A2461,A2113
att,A2461,A1991
att,A2461,A2155
att,A2461,A2316
att,A2461,A1883
att,A2461,A333
att,A2461,A1023
att,A2462,A1406
att,A2462,A1533
att,A2462,A540
att,A2464,A1069
att,A2464,A536
att,A2464,A2643
att,A2464,A1671
att,A2464,A1902
att,A2464,A2238
att,A2464,A1047
att,A2464,A27
att,A2464,A1930
att,A2464,A1416
att,A2464,A2297
att,A2464,A917
att,A2464,A515
att,A2464,A2540
att,A2464,A2081
att,A2464,A640
att,A2464,A57
att,A2464,A617
att,A2464,A852
att,A2464,A995
att,A2464,A562
att,A2464,A2030
att,A2464,A1855
att,A2464,A2300
att,A2464,A2421
att,A2467,A405
att,A2467,A959
att,A2467,A1140
att,A2467,A514
att,A2468,A1258
att,A2468,A2478
att,A2468,A323
att,A2468,A1008
att,A2468,A2500
att,A2468,A742
att,A2468,A2556
att,A2468,A2241
att,A2468,A559
att,A2468,A1658
att,A2468,A1092
att,A2468,A1083
att,A2468,A2084
att,A2469,A749
att,A2469,A2589
att,A2469,A2064
att,A2469,A512
att,A2469,A497
att,A2469,A1465
att,A2469,A1028
att,A2469,A202
att,A2469,A1675
att,A2469,A2180
att,A2469,A2215
att,A2469,A2660
att,A2470,A543
att,A2470,A1422
att,A2470,A30
att,A2470,A2412
att,A2470,A112
att,A2470,A1755
att,A2470,A168
att,A2470,A212
att,A2470,A562
att,A2470,A1122
att,A2470,A1100
att,A2470,A1730
att,A2470,A2223
att,A2470,A232
att,A2470,A194
att,A2470,A1997
att,A2470,A158
att,A2471,A2195
att,A2471,A981
att,A2471,A1871
att,A2471,A1006
att,A2471,A2111
att,A2471,A1328
att,A2471,A2107
att,A2471,A2178
att,A2471,A1156
att,A2471,A396
att,A2471,A326
att,A2471,A1897
att,A2471,A2496
att,A2471,A1512
att,A2471,A617
att,A2471,A515
att,A2473,A137
att,A2473,A184
att,A2473,A2148
att,A2473,A115
att,A2473,A830
att,A2473,A809
att,A2473,A2689
att,A2473,A17
att,A2473,A1257
att,A2473,A1546
att,A2473,A1600
att,A2473,A2300
att,A2473,A796
att,A2473,A851
att,A2473,A805
att,A2473,A71
att,A2474,A2522
att,A2474,A1229
att,A2474,A2164
att,A2474,A2088
att,A2474,A882
att,A2474,A166
att,A2474,A128
att,A2474,A1073
att,A2474,A325
att,A2474,A427
att,A2474,A833
att,A2474,A916
att,A2474,A1286
att,A2474,A213
att,A2474,A911
att,A2474,A2688
att,A2474,A2094
att,A2474,A2285
att,A2474,A2572
att,A2474,A1431
att,A2475,A2640
att,A2475,A2268
att,A2475,A713
att,A2475,A1126
att,A2475,A1356
att,A2475,A2516
att,A2475,A1200
att,A2475,A243
att,A2475,A1545
att,A2475,A543
att,A2475,A2267
att,A2475,A49
att,A2475,A799
att,A2475,A1460
att,A2475,A1417
att,A2475,A2157
att,A2477,A821
att,A2477,A710
att,A2477,A1574
att,A2477,A351
att,A2477,A905
att,A2477,A2436
att,A2477,A538
att,A2477,A251
att,A2477,A1936
att,A2477,A1211
att,A2477,A403
att,A2477,A429
att,A2477,A2362
att,A2477,A1104
att,A2477,A2400
att,A2477,A2618
att,A2478,A1307
att,A2478,A342
att,A2478,A1987
att,A2478,A2504
att,A2478,A1548
att,A2478,A1798
att,A2478,A2084
att,A2478,A1988
att,A2478,A612
att,A2478,A452
att,A2478,A1722
att,A2481,A2462
att,A2481,A780
att,A2481,A124
att,A2481,A161
att,A2481,A1825
att,A2481,A240
att,A2481,A1492
att,A2481,A1667
att,A2481,A1709
att,A2481,A872
att,A2481,A1668
att,A2481,A582
att,A2481,A208
att,A2481,A2198
att,A2485,A229
att,A2485,A21
att,A2485,A1861
att,A2485,A172
att,A2485,A1969
att,A2485,A922
att,A2485,A2166
att,A2485,A1829
att,A2485,A758
att,A2485,A1117
att,A2485,A684
att,A2485,A1710
att,A2485,A842
att,A2485,A1378
att,A2485,A2136
att,A2485,A372
att,A2485,A1718
att,A2485,A917
att,A2485,A2458
att,A2485,A2133
att,A2486,A1483
att,A2486,A700
att,A2486,A1604
att,A2486,A455
att,A2486,A1937
att,A2486,A2256
att,A2486,A2542
att,A2486,A2672
att,A2486,A2369
att,A2486,A2523
att,A2486,A2259
att,A2486,A35
att,A2486,A2119
att,A2486,A2176
att,A2486,A2553
att,A2486,A469
att,A2486,A302
att,A2486,A724
att,A2487,A322
att,A2487,A752
att,A2487,A492
att,A2487,A2490
att,A2487,A286
att,A2487,A107
att,A2487,A1156
att,A2487,A2397
att,A2487,A1035
att,A2487,A2402
att,A2487,A2587
att,A2487,A2501
att,A2487,A2441
att,A2487,A2577
att,A2487,A1976
att,A2487,A2060
att,A2487,A2554
att,A2488,A371
att,A2488,A38
att,A2488,A650
att,A2488,A2145
att,A2488,A448
att,A2488,A1696
att,A2488,A2067
att,A2488,A2463
att,A2488,A544
att,A2488,A804
att,A2488,A679
att,A2488,A2321
att,A2488,A2527
att,A2488,A2248
att,A2488,A8
att,A2488,A2529
att,A2488,A1265
att,A2488,A407
att,A2488,A1905
att,A2488,A1724
att,A2488,A760
att,A2491,A2428
att,A2492,A1129
att,A2492,A1006
att,A2492,A1032
att,A2492,A2462
att,A2492,A2208
att,A2492,A1468
att,A2492,A1700
att,A2492,A882
att,A2492,A1378
att,A2492,A463
att,A2492,A1055
att,A2492,A1550
att,A2492,A726
att,A2494,A2409
att,A2494,A0
att,A2494,A1053
att,A2494,A2476
att,A2499,A370
att,A2499,A1380
att,A2499,A2640
att,A2499,A1143
att,A2499,A124
att,A2499,A990
att,A2499,A2368
att,A2499,A1467
att,A2499,A2554
att,A2499,A207
att,A2499,A49
att,A2499,A829
att,A2499,A1011
att,A2499,A1926
att,A2499,A847
att,A2499,A2278
att,A2499,A2340
att,A2499,A1438
att,A2500,A1221
att,A2500,A1114
att,A2500,A2667
att,A2500,A2345
att,A2500,A148
att,A2500,A30
att,A2500,A1955
att,A2500,A2384
att,A2500,A1334
att,A2504,A1110
att,A2504,A2248
att,A2504,A1450
att,A2504,A1206
att,A2504,A527
att,A2504,A197
att,A2504,A1542
att,A2504,A1375
att,A2504,A2685
att,A2504,A1622
att,A2504,A1253
att,A2504,A1887
att,A2504,A1371
att,A2504,A1287
att,A2504,A1363
att,A2504,A1125
att,A2504,A2039
att,A2504,A1036
att,A2505,A1048
att,A2505,A174
att,A2507,A1925
att,A2507,A2249
att,A2507,A1832
att,A2507,A390
att,A2507,A599
att,A2507,A468
att,A2507,A1414
att,A2507,A643
att,A2508,A441
att,A2508,A1355
att,A2508,A857
att,A2508,A196
att,A2508,A2525
att,A2508,A1250
att,A2508,A607
att,A2508,A1657
att,A2508,A1755
att,A2508,A552
att,A2508,A1704
att,A2508,A1666
att,A2508,A2209
att,A2508,A2146
att,A2508,A2286
att,A2511,A74
att,A2511,A893
att,A2511,A390
att,A2511,A2433
att,A2511,A336
att,A2511,A874
att,A2511,A2487
att,A2511,A220
att,A2511,A685
att,A2511,A2497
att,A2511,A543
att,A2511,A2459
att,A2511,A2643
att,A2511,A2371
att,A2511,A1602
att,A2511,A2268
att,A2511,A1726
att,A2511,A20
att,A2511,A61
att,A2511,A211
att,A2511,A2171
att,A2511,A2465
att,A2511,A1097
att,A2516,A741
att,A2516,A231
att,A2516,A415
att,A2516,A2560
att,A2516,A1785
att,A2516,A225
att,A2516,A1775
att,A2516,A287
att,A2516,A775
att,A2516,A2419
att,A2516,A2534
att,A2516,A1003
att,A2516,A1349
att,A2516,A2682
att,A2516,A804
att,A2516,A2382
att,A2516,A491
att,A2516,A1682
att,A2516,A2415
att,A2516,A150
att,A2517,A1928
att,A2517,A1212
att,A2517,A582
att,A2517,A1112
att,A2517,A2688
att,A2517,A531
att,A2517,A1388
att,A2517,A2557
att,A2517,A594
att,A2517,A1754
att,A2517,A235
att,A2517,A2641
att,A2517,A1991
att,A2517,A179
att,A2517,A986
att,A2517,A2521
att,A2517,A2194
att,A2517,A2394
att,A2517,A699
att,A2517,A1688
att,A2517,A1062
att,A2517,A1573
att,A2517,A1790
att,A2517,A1363
att,A2517,A0
att,A2517,A1782
att,A2518,A249
att,A2518,A1325
att,A2518,A1122
att,A2518,A1754
att,A2518,A1643
att,A2518,A1803
att,A2518,A2404
att,A2520,A2256
att,A2520,A2666
att,A2520,A280
att,A2520,A1204
att,A2520,A86
att,A2520,A2648
att,A2520,A731
att,A2520,A834
att,A2520,A828
att,A2520,A169
att,A2520,A652
att,A2520,A1202
att,A2520,A1900
att,A2520,A1525
att,A2520,A642
att,A2520,A1957
att,A2520,A2318
att,A2520,A621
att,A2520,A1569
att,A2520,A1702
att,A2520,A2410
att,A2520,A1082
att,A2522,A2128
att,A2522,A18
att,A2522,A1404
att,A2523,A2499
att,A2524,A1448
att,A2524,A2280
att,A2524,A74
att,A2524,A276
att,A2524,A1920
att,A2524,A1528
att,A2524,A2151
att,A2524,A601
att,A2524,A1144
att,A2524,A416
att,A2524,A1979
att,A2524,A104
att,A2524,A651
att,A2524,A246
att,A2524,A779
att,A2524,A1760
att,A2524,A782
att,A2524,A1279
att,A2524,A2452
att,A2525,A444
att,A2525,A830
att,A2525,A1188
att,A2525,A866
att,A2525,A2205
att,A2525,A291
att,A2525,A1634
att,A2525,A2469
att,A2525,A2195
att,A2525,A2276
att,A2525,A2421
att,A2525,A786
att,A2525,A1833
att,A2525,A2124
att,A2525,A1122
att,A2525,A1156
att,A2525,A1593
att,A2525,A2687
att,A2525,A121
att,A2525,A856
att,A2525,A262
att,A2525,A1167
att,A2525,A2163
att,A2526,A2688
att,A2526,A809
att,A2526,A640
att,A2526,A987
att,A2526,A187
att,A2526,A2553
att,A2526,A2595
att,A2526,A2648
att,A2526,A1435
att,A2526,A2514
att,A2526,A2613
att,A2526,A2458
att,A2526,A2495
att,A2526,A1444
att,A2528,A230
att,A2528,A103
att,A2528,A672
att,A2528,A1157
att,A2528,A1131
att,A2528,A1281
att,A2528,A2488
att,A2528,A1084
att,A2528,A336
att,A2528,A2429
att,A2528,A1251
att,A2528,A1785
att,A2528,A647
att,A2528,A836
att,A2528,A2460
att,A2528,A165
att,A2528,A530
att,A2530,A2475
att,A2530,A2688
att,A2530,A2062
att,A2532,A1453
att,A2532,A506
att,A2532,A1334
att,A2532,A617
att,A2532,A2649
att,A2532,A2358
att,A2532,A1419
att,A2532,A882
att,A2532,A1393
att,A2532,A930
att,A2532,A1049
att,A2532,A1961
att,A2532,A1465
att,A2532,A2383
att,A2532,A276
att,A2532,A2434
att,A2534,A40
att,A2534,A1748
att,A2534,A2402
att,A2534,A2361
att,A2534,A771
att,A2534,A2282
att,A2534,A1518
att,A2534,A1450
att,A2534,A1961
att,A2534,A1158
att,A2534,A561
att,A2534,A1975
att,A2534,A491
att,A2534,A1102
att,A2534,A2586
att,A2534,A1676
att,A2535,A1869
att,A2535,A501
att,A2535,A45
att,A2535,A1515
att,A2535,A2067
att,A2538,A1020
att,A2538,A1881
att,A2538,A2444
att,A2538,A346
att,A2544,A2034
att,A2544,A2448
att,A2544,A2304
att,A2544,A2309
att,A2544,A1172
att,A2544,A2417
att,A2544,A1539
att,A2544,A1735
att,A2544,A1224
att,A2544,A1167
att,A2544,A2427
att,A2544,A191
att,A2544,A36
att,A2544,A257
att,A2544,A2559
att,A2544,A1813
att,A2547,A842
att,A2547,A2337
att,A2547,A1629
att,A2547,A1445
att,A2547,A1251
att,A2547,A201
att,A2547,A951
att,A2547,A1078
att,A2547,A2138
att,A2551,A1900
att,A2551,A1395
att,A2551,A2463
att,A2551,A480
att,A2551,A2657
att,A2551,A985
att,A2551,A185
att,A2551,A19
att,A2551,A1958
att,A2551,A2659
att,A2551,A138
att,A2551,A776
att,A2555,A807
att,A2555,A1661
att,A2555,A2411
att,A2555,A1056
att,A2555,A766
att,A2561,A1991
att,A2561,A951
att,A2561,A1179
att,A2561,A623
att,A2561,A1205
att,A2561,A1846
att,A2561,A1462
att,A2561,A1865
att,A2561,A1243
att,A2561,A23
att,A2561,A2114
att,A2561,A2238
att,A2561,A24
att,A2563,A2685
att,A2563,A2189
att,A2563,A503
att,A2563,A2016
att,A2563,A912
att,A2563,A11
att,A2563,A2051
att,A2563,A1430
att,A2563,A502
att,A2563,A2406
att,A2563,A2478
att,A2563,A1998
att,A2563,A422
att,A2563,A1252
att,A2563,A2227
att,A2563,A481
att,A2563,A2125
att,A2563,A1781
att,A2563,A104
att,A2563,A2558
att,A2563,A1035
att,A2563,A1794
att,A2564,A124
att,A2564,A2255
att,A2564,A1369
att,A2564,A1464
att,A2566,A2211
att,A2566,A677
att,A2566,A2384
att,A2566,A2370
att,A2566,A191
att,A2566,A708
att,A2566,A2422
att,A2566,A2027
att,A2566,A519
att,A2566,A2423
att,A2566,A2166
att,A2566,A1392
att,A2566,A1599
att,A2566,A532
att,A2566,A2346
att,A2566,A853
att,A2566,A1123
att,A2566,A327
att,A2566,A1247
att,A2566,A2076
att,A2568,A1366
att,A2568,A2260
att,A2568,A1650
att,A2568,A2507
att,A2568,A1415
att,A2568,A124
att,A2568,A976
att,A2568,A2385
att,A2571,A1035
att,A2571,A2239
att,A2571,A195
att,A2571,A840
att,A2571,A2590
att,A2571,A2091
att,A2571,A2679
att,A2571,A2419
att,A2571,A2330
att,A2571,A2591
att,A2571,A346
att,A2571,A2521
att,A2571,A2248
att,A2572,A1808
att,A2572,A94
att,A2572,A1804
att,A2572,A636
att,A2572,A1289
att,A2572,A646
att,A2572,A2105
att,A2572,A343
att,A2572,A583
att,A2572,A844
att,A2572,A640
att,A2572,A199
att,A2572,A1446
att,A2572,A743
att,A2574,A1723
att,A2574,A401
att,A2574,A2598
att,A2574,A1909
att,A2574,A602
att,A2574,A1589
att,A2574,A2425
att,A2574,A288
att,A2574,A1709
att,A2574,A363
att,A2574,A1075
att,A2574,A446
att,A2574,A1576
att,A2574,A708
att,A2574,A1094
att,A2574,A1455
att,A2574,A1918
att,A2574,A209
att,A2574,A1968
att,A2575,A749
att,A2575,A738
att,A2575,A1293
att,A2575,A2173
att,A2575,A1682
att,A2575,A1427
att,A2575,A2494
att,A2575,A327
att,A2575,A2447
att,A2575,A1033
att,A2575,A2109
att,A2575,A1915
att,A2575,A1678
att,A2575,A2350
att,A2575,A2248
att,A2575,A541
att,A2575,A616
att,A2575,A2300
att,A2575,A1478
att,A2575,A682
att,A2575,A61
att,A2576,A418
att,A2576,A227
att,A2576,A260
att,A2576,A657
att,A2576,A2675
att,A2576,A74
att,A2576,A480
att,A2576,A1707
att,A2576,A753
att,A2576,A1505
att,A2576,A1516
att,A2576,A359
att,A2576,A1055
att,A2576,A1572
att,A2576,A1651
att,A2576,A1251
att,A2576,A370
att,A2576,A1806
att,A2576,A1834
att,A2576,A1624
att,A2576,A1942
att,A2576,A108
att,A2576,A1547
att,A2578,A464
att,A2578,A1952
att,A2578,A1078
att,A2578,A849
att,A2579,A888
att,A2579,A490
att,A2579,A2514
att,A2579,A744
att,A2579,A940
att,A2579,A292
att,A2579,A1143
att,A2579,A1897
att,A2579,A1213
att,A2579,A1730
att,A2579,A1936
att,A2579,A1658
att,A2579,A2506
att,A2579,A417
att,A2579,A305
att,A2579,A1555
att,A2579,A1196
att,A2579,A404
att,A2579,A2293
att,A2579,A127
att,A2579,A852
att,A2579,A43
att,A2579,A563
att,A2580,A1689
att,A2580,A1535
att,A2580,A1199
att,A2580,A1574
att,A2581,A1801
att,A2581,A814
att,A2581,A906
att,A2581,A413
att,A2581,A1434
att,A2581,A376
att,A2581,A2476
att,A2581,A235
att,A2581,A2291
att,A2581,A1964
att,A2581,A883
att,A2581,A877
att,A2581,A560
att,A2581,A2060
att,A2581,A2251
att,A2581,A2171
att,A2581,A1470
att,A2581,A744
att,A2581,A2636
att,A2581,A918
att,A2581,A145
att,A2581,A103
att,A2581,A261
att,A2581,A1946
att,A2581,A246
att,A2581,A18
att,A2581,A2659
att,A2584,A187
att,A2584,A2204
att,A2584,A2433
att,A2584,A2245
att,A2587,A218
att,A2587,A598
att,A2587,A2070
att,A2587,A997
att,A2587,A498
att,A2588,A1452
att,A2588,A543
att,A2588,A2398
att,A2588,A2685
att,A2588,A279
att,A2588,A2211
att,A2588,A2391
att,A2588,A540
att,A2588,A1169
att,A2591,A1563
att,A2591,A1777
att,A2591,A1480
att,A2591,A397
att,A2591,A2583
att,A2591,A1266
att,A2591,A1294
att,A2591,A1513
att,A2592,A2456
att,A2592,A1693
att,A2592,A221
att,A2592,A1000
att,A2592,A1503
att,A2592,A1952
att,A2592,A544
att,A2593,A841
att,A2593,A2124
att,A2593,A399
att,A2593,A2121
att,A2593,A1486
att,A2593,A1708
att,A2593,A871
att,A2593,A1914
att,A2593,A721
att,A2593,A179
att,A2593,A2163
att,A2593,A2332
att,A2593,A876
att,A2593,A1520
att,A2593,A1852
att,A2593,A2513
att,A2593,A881
att,A2593,A1686
att,A2593,A1404
att,A2593,A1218
att,A2593,A490
att,A2594,A1284
att,A2594,A1576
att,A2594,A1525
att,A2594,A900
att,A2594,A1854
att,A2594,A1830
att,A2594,A258
att,A2594,A1555
att,A2594,A1682
att,A2594,A797
att,A2594,A2047
att,A2594,A952
att,A2594,A1417
att,A2594,A1
att,A2594,A1412
att,A2594,A587
att,A2594,A2123
att,A2594,A2311
att,A2594,A2041
att,A2597,A459
att,A2597,A579
att,A2597,A2478
att,A2597,A1279
att,A2597,A679
att,A2597,A913
att,A2598,A768
att,A2598,A2486
att,A2598,A674
att,A2598,A610
att,A2598,A1237
att,A2598,A2156
att,A2598,A2155
att,A2598,A1541
att,A2598,A840
att,A2598,A1706
att,A2598,A575
att,A2598,A310
att,A2598,A848
att,A2599,A443
att,A2601,A2652
att,A2601,A1849
att,A2601,A45
att,A2601,A2677
att,A2601,A1866
att,A2601,A1768
att,A2601,A2182
att,A2601,A1783
att,A2601,A1517
att,A2601,A1140
att,A2601,A1946
att,A2601,A1214
att,A2601,A736
att,A2601,A2666
att,A2601,A2657
att,A2601,A1381
att,A2601,A2379
att,A2601,A1873
att,A2602,A925
att,A2602,A307
att,A2602,A2614
att,A2602,A330
att,A2602,A2179
att,A2602,A2330
att,A2602,A2285
att,A2602,A644
att,A2602,A1279
att,A2602,A1471
att,A2602,A46
att,A2602,A2526
att,A2602,A2680
att,A2602,A184
att,A2602,A535
att,A2602,A2654
att,A2602,A405
att,A2602,A2412
att,A2604,A1948
att,A2604,A1237
att,A2604,A1785
att,A2604,A590
att,A2604,A1589
att,A2604,A786
att,A2604,A2193
att,A2605,A1173
att,A2605,A647
att,A2605,A1833
att,A2605,A508
att,A2605,A336
att,A2605,A420
att,A2605,A1442
att,A2605,A305
att,A2605,A2299
att,A2605,A4
att,A2605,A545
att,A2605,A1364
att,A2605,A888
att,A2605,A981
att,A2605,A1691
att,A2605,A698
att,A2605,A459
att,A2605,A377
att,A2606,A231
att,A2606,A603
att,A2606,A562
att,A2607,A1722
att,A2607,A2455
att,A2607,A2171
att,A2607,A1050
att,A2607,A1146
att,A2607,A1220
att,A2607,A2243
att,A2607,A2106
att,A2607,A1360
att,A2607,A650
att,A2607,A443
att,A2607,A2504
att,A2607,A1111
att,A2607,A596
att,A2607,A1148
att,A2607,A1005
att,A2608,A1645
att,A2608,A705
att,A2608,A1411
att,A2608,A695
att,A2608,A127
att,A2608,A2162
att,A2608,A1863
att,A2608,A2330
att,A2608,A615
att,A2608,A1778
att,A2608,A2005
att,A2608,A231
att,A2608,A254
att,A2608,A985
att,A2608,A1894
att,A2608,A2367
att,A2608,A2374
att,A2608,A2106
att,A2608,A1346
att,A2608,A560
att,A2609,A365
att,A2609,A1130
att,A2609,A2370
att,A2609,A2300
att,A2609,A15
att,A2609,A1722
att,A2609,A2281
att,A2611,A1856
att,A2611,A1248
att,A2611,A1147
att,A2611,A2101
att,A2611,A2245
att,A2611,A525
att,A2611,A928
att,A2611,A62
att,A2611,A2042
att,A2611,A214
att,A2611,A582
att,A2611,A1970
att,A2611,A68
att,A2611,A182
att,A2611,A1466
att,A2611,A2406
att,A2611,A1176
att,A2611,A1257
att,A2611,A1004
att,A2613,A2516
att,A2613,A17
att,A2613,A1685
att,A2613,A2022
att,A2613,A619
att,A2613,A2626
att,A2615,A2002
att,A2615,A2208
att,A2615,A2147
att,A2615,A1312
att,A2615,A2388
att,A2615,A321
att,A2615,A2576
att,A2615,A1904
att,A2615,A409
att,A2615,A2351
att,A2615,A976
att,A2615,A602
att,A2615,A1081
att,A2615,A595
att,A2615,A434
att,A2615,A2550
att,A2616,A1117
att,A2616,A1596
att,A2616,A20
att,A2616,A1334
att,A2616,A831
att,A2616,A1095
att,A2616,A1884
att,A2616,A1194
att,A2616,A1112
att,A2616,A2496
att,A2616,A2454
att,A2616,A812
att,A2616,A2558
att,A2616,A791
att,A2616,A1352
att,A2619,A491
att,A2619,A1601
att,A2619,A1017
att,A2619,A1966
att,A2619,A799
att,A2619,A2538
att,A2619,A1295
att,A2619,A1187
att,A2619,A1938
att,A2619,A1413
att,A2619,A1461
att,A2619,A1982
att,A2619,A2087
att,A2619,A1623
att,A2619,A220
att,A2619,A438
att,A2619,A1706
att,A2619,A1991
att,A2619,A2123
att,A2619,A422
att,A2619,A530
att,A2619,A903
att,A2619,A2432
att,A2619,A1085
att,A2619,A2599
att,A2620,A1129
att,A2620,A910
att,A2620,A2625
att,A2620,A1766
att,A2620,A834
att,A2621,A1005
att,A2621,A1355
att,A2621,A2061
att,A2621,A338
att,A2621,A1033
att,A2621,A504
att,A2621,A250
att,A2621,A739
att,A2621,A378
att,A2621,A1251
att,A2621,A696
att,A2621,A1719
att,A2621,A405
att,A2621,A1131
att,A2622,A653
att,A2622,A942
att,A2622,A205
att,A2622,A2353
att,A2622,A140
att,A2622,A106
att,A2622,A1400
att,A2622,A1016
att,A2622,A1131
att,A2622,A1904
att,A2622,A637
att,A2622,A1537
att,A2622,A308
att,A2622,A282
att,A2622,A1236
att,A2622,A2133
att,A2623,A951
att,A2623,A232
att,A2623,A2632
att,A2623,A2169
att,A2623,A1000
att,A2623,A1455
att,A2623,A1134
att,A2623,A2502
att,A2623,A967
att,A2623,A1792
att,A2623,A1201
att,A2623,A2375
att,A2623,A344
att,A2623,A2038
att,A2623,A722
att,A2623,A2493
att,A2623,A411
att,A2624,A845
att,A2624,A1547
att,A2624,A2260
att,A2624,A1902
att,A2624,A516
att,A2624,A2374
att,A2626,A2600
att,A2626,A2103
att,A2626,A2117
att,A2626,A1035
att,A2626,A1652
att,A2626,A41
att,A2626,A353
att,A2626,A1372
att,A2626,A1474
att,A2626,A897
att,A2626,A74
att,A2626,A1623
att,A2626,A2403
att,A2626,A680
att,A2626,A1117
att,A2626,A104
att,A2626,A1920
att,A2626,A1449
att,A2626,A497
att,A2626,A2388
att,A2626,A2617
att,A2626,A810
att,A2626,A1333
att,A2626,A908
att,A2626,A300
att,A2626,A1811
att,A2628,A479
att,A2628,A2101
att,A2628,A2454
att,A2628,A868
att,A2628,A1752
att,A2628,A1113
att,A2628,A1258
att,A2628,A112
att,A2628,A494
att,A2628,A238
att,A2628,A324
att,A2628,A263
att,A2628,A2039
att,A2628,A323
att,A2628,A1831
att,A2628,A2481
att,A2628,A1112
att,A2628,A1978
att,A2629,A1548
att,A2629,A993
att,A2629,A1083
att,A2629,A1840
att,A2629,A2078
att,A2629,A1780
att,A2629,A1580
att,A2629,A2569
att,A2629,A2162
att,A2629,A849
att,A2629,A2303
att,A2629,A1586
att,A2629,A1454
att,A2629,A1542
att,A2629,A782
att,A2632,A425
att,A2632,A1998
att,A2632,A864
att,A2632,A2678
att,A2632,A887
att,A2632,A228
att,A2632,A745
att,A2632,A1044
att,A2632,A2049
att,A2632,A323
att,A2632,A2270
att,A2632,A592
att,A2632,A2566
att,A2632,A1660
att,A2632,A1477
att,A2632,A596
att,A2632,A1849
att,A2632,A583
att,A2632,A2567
att,A2632,A281
att,A2632,A1835
att,A2632,A1325
att,A2632,A970
att,A2633,A1951
att,A2633,A1606
att,A2633,A1434
att,A2633,A2535
att,A2633,A691
att,A2633,A1941
att,A2633,A468
att,A2633,A1452
att,A2633,A2080
att,A2633,A2046
att,A2633,A1016
att,A2633,A547
att,A2633,A450
att,A2633,A1071
att,A2633,A816
att,A2633,A758
att,A2633,A2216
att,A2633,A2223
att,A2633,A1325
att,A2633,A1111
att,A2633,A593
att,A2635,A427
att,A2635,A2344
att,A2635,A1389
att,A2638,A1764
att,A2638,A2109
att,A2638,A1459
att,A2638,A501
att,A2638,A101
att,A2638,A823
att,A2638,A2622
att,A2638,A1582
att,A2638,A1496
att,A2638,A745
att,A2638,A599
att,A2638,A1465
att,A2638,A2348
att,A2638,A1173
att,A2638,A1617
att,A2638,A1150
att,A2638,A1870
att,A2638,A1622
att,A2638,A2147
att,A2638,A1340
att,A2638,A2036
att,A2638,A283
att,A2638,A802
att,A2638,A280
att,A2638,A2636
att,A2638,A1589
att,A2638,A458
att,A2640,A1806
att,A2640,A703
att,A2640,A236
att,A2640,A1476
att,A2640,A1563
att,A2640,A1948
att,A2640,A554
att,A2642,A416
att,A2642,A371
att,A2642,A506
att,A2642,A2375
att,A2642,A2482
att,A2642,A943
att,A2642,A1228
att,A2642,A1897
att,A2642,A1509
att,A2642,A176
att,A2642,A1455
att,A2642,A1463
att,A2642,A2207
att,A2642,A1778
att,A2642,A1108
att,A2642,A1564
att,A2642,A798
att,A2642,A1051
att,A2644,A2626
att,A2644,A2090
att,A2644,A2395
att,A2644,A2296
att,A2644,A1509
att,A2644,A574
att,A2644,A1017
att,A2644,A686
att,A2644,A374
att,A2644,A1981
att,A2644,A1922
att,A2644,A84
att,A2644,A828
att,A2644,A1697
att,A2644,A1913
att,A2644,A2487
att,A2644,A1586
att,A2644,A159
att,A2644,A371
att,A2645,A591
att,A2645,A2528
att,A2645,A312
att,A2645,A399
att,A2645,A543
att,A2645,A2192
att,A2645,A1932
att,A2645,A98
att,A2645,A2597
att,A2645,A1562
att,A2645,A1460
att,A2645,A1964
att,A2645,A1826
att,A2645,A1735
att,A2645,A285
att,A2647,A2586
att,A2647,A2401
att,A2647,A455
att,A2647,A2289
att,A2647,A1413
att,A2647,A536
att,A2647,A1285
att,A2651,A1604
att,A2653,A10
att,A2653,A490
att,A2653,A1551
att,A2653,A2069
att,A2653,A1462
att,A2653,A746
att,A2653,A554
att,A2653,A2615
att,A2653,A1620
att,A2653,A1013
att,A2653,A37
att,A2653,A1766
att,A2653,A1633
att,A2653,A1787
att,A2655,A1040
att,A2655,A1381
att,A2655,A1433
att,A2655,A1930
att,A2655,A1967
att,A2655,A2327
att,A2655,A2115
att,A2655,A776
att,A2655,A1841
att,A2655,A896
att,A2655,A1457
att,A2657,A877
att,A2657,A1768
att,A2657,A1013
att,A2657,A370
att,A2657,A2333
att,A2657,A1547
att,A2657,A1085
att,A2657,A1009
att,A2657,A1704
att,A2657,A712
att,A2657,A2447
att,A2657,A546
att,A2657,A2558
att,A2659,A1962
att,A2659,A78
att,A2659,A1397
att,A2659,A2528
att,A2659,A1053
att,A2659,A2315
att,A2659,A828
att,A2659,A2215
att,A2659,A974
att,A2659,A18
att,A2659,A127
att,A2659,A949
att,A2659,A404
att,A2659,A1326
att,A2659,A1876
att,A2659,A1317
att,A2659,A2029
att,A2659,A389
att,A2659,A1664
att,A2659,A839
att,A2660,A2246
att,A2660,A1425
att,A2660,A196
att,A2660,A402
att,A2660,A935
att,A2660,A2053
att,A2660,A2097
att,A2660,A2402
att,A2660,A2273
att,A2660,A575
att,A2660,A344
att,A2660,A454
att,A2660,A1503
att,A2660,A391
att,A2660,A1802
att,A2660,A2376
att,A2660,A246
att,A2660,A740
att,A2660,A1824
att,A2660,A1784
att,A2660,A158
att,A2660,A1207
att,A2660,A2559
att,A2660,A2610
att,A2660,A1123
att,A2660,A1251
att,A2663,A570
att,A2663,A2099
att,A2663,A1704
att,A2663,A58
att,A2663,A465
att,A2663,A1038
att,A2663,A2698
att,A2663,A1829
att,A2663,A864
att,A2663,A1638
att,A2663,A2297
att,A2663,A57
att,A2665,A1051
att,A2665,A1378
att,A2665,A277
att,A2665,A954
att,A2665,A360
att,A2665,A2372
att,A2665,A1763
att,A2665,A2418
att,A2665,A327
att,A2665,A1736
att,A2665,A774
att,A2665,A1021
att,A2665,A933
att,A2665,A2237
att,A2665,A1119
att,A2665,A2608
att,A2666,A291
att,A2666,A1648
att,A2666,A1974
att,A2666,A205
att,A2666,A1354
att,A2666,A729
att,A2666,A1530
att,A2666,A562
att,A2666,A2693
att,A2666,A282
att,A2666,A1930
att,A2666,A596
att,A2666,A1786
att,A2666,A2307
att,A2666,A1644
att,A2666,A2597
att,A2666,A1102
att,A2666,A2006
att,A2666,A2519
att,A2666,A81
att,A2666,A2431
att,A2666,A716
att,A2666,A680
att,A2666,A1456
att,A2666,A1732
att,A2666,A2023
att,A2666,A1940
att,A2668,A957
att,A2668,A1779
att,A2668,A1289
att,A2668,A1615
att,A2668,A2253
att,A2668,A1233
att,A2668,A862
att,A2668,A1757
att,A2668,A550
att,A2668,A2377
att,A2668,A363
att,A2668,A1956
att,A2668,A1220
att,A2669,A2123
att,A2669,A1072
att,A2669,A2147
att,A2669,A1302
att,A2669,A1994
att,A2669,A326
att,A2669,A1260
att,A2669,A1092
att,A2669,A2108
att,A2669,A713
att,A2669,A576
att,A2669,A490
att,A2669,A119
att,A2669,A2336
att,A2669,A1632
att,A2669,A1435
att,A2669,A1936
att,A2669,A2223
att,A2669,A2258
att,A2669,A2306
att,A2669,A1712
att,A2669,A1783
att,A2670,A1711
att,A2670,A2352
att,A2670,A9
att,A2670,A1410
att,A2671,A1088
att,A2671,A197
att,A2671,A319
att,A2671,A873
att,A2671,A1098
att,A2671,A1298
att,A2671,A2376
att,A2673,A491
att,A2673,A245
att,A2673,A2084
att,A2673,A1173
att,A2673,A1601
att,A2673,A2052
att,A2676,A2421
att,A2676,A1393
att,A2676,A571
att,A2676,A2243
att,A2676,A2106
att,A2676,A2431
att,A2677,A630
att,A2677,A1939
att,A2677,A1343
att,A2677,A2123
att,A2677,A299
att,A2677,A1722
att,A2677,A522
att,A2677,A1427
att,A2677,A954
att,A2677,A39
att,A2677,A1307
att,A2677,A1496
att,A2677,A1484
att,A2677,A2294
att,A2677,A1161
att,A2680,A337
att,A2680,A737
att,A2680,A1585
att,A2680,A1496
att,A2680,A2326
att,A2680,A2224
att,A2680,A2153
att,A2680,A641
att,A2680,A131
att,A2680,A2534
att,A2680,A1263
att,A2680,A2426
att,A2680,A2079
att,A2680,A2118
att,A2680,A1236
att,A2680,A1314
att,A2680,A174
att,A2680,A1663
att,A2680,A1006
att,A2680,A724
att,A2681,A792
att,A2681,A2545
att,A2681,A2106
att,A2681,A2534
att,A2681,A55
att,A2681,A169
att,A2681,A294
att,A2684,A1029
att,A2684,A1763
att,A2684,A2035
att,A2684,A351
att,A2684,A675
att,A2684,A1929
att,A2684,A2407
att,A2684,A1500
att,A2684,A1354
att,A2684,A2436
att,A2684,A339
att,A2684,A1434
att,A2684,A2275
att,A2684,A606
att,A2684,A1779
att,A2684,A1701
att,A2684,A1632
att,A2684,A2551
att,A2684,A862
att,A2690,A682
att,A2690,A61
att,A2690,A2415
att,A2690,A899
att,A2690,A2540
att,A2690,A422
att,A2690,A1939
att,A2690,A629
att,A2690,A1222
att,A2691,A1696
att,A2691,A1364
att,A2691,A558
att,A2691,A982
att,A2691,A2266
att,A2691,A1692
att,A2691,A2131
att,A2691,A1796
att,A2691,A682
att,A2691,A2179
att,A2691,A895
att,A2691,A1198
att,A2691,A2665
att,A2691,A2170
att,A2692,A10
att,A2692,A1030
att,A2692,A2327
att,A2692,A437
att,A2692,A2065
att,A2692,A306
att,A2692,A844
att,A2692,A1640
att,A2692,A2335
att,A2692,A987
att,A2692,A936
att,A2692,A2399
att,A2692,A734
att,A2692,A1071
att,A2692,A1622
att,A2692,A1025
att,A2692,A478
att,A2692,A629
att,A2692,A2394
att,A2692,A1377
att,A2692,A35
att,A2692,A1270
att,A2692,A1060
att,A2692,A1210
att,A2692,A1552
att,A2692,A484
att,A2692,A1243
att,A2692,A2004
att,A2692,A1772
att,A2694,A1665
att,A2694,A147
att,A2694,A2664
att,A2694,A767
att,A2694,A626
att,A2694,A332
att,A2694,A1856
att,A2694,A30
att,A2694,A2305
att,A2694,A1828
att,A2694,A2673
att,A2694,A222
att,A2694,A2300
att,A2694,A737
att,A2694,A368
att,A2694,A1996
att,A2694,A1606
att,A2694,A1228
att,A2694,A1362
att,A2695,A1856
att,A2695,A517
att,A2695,A248
att,A2695,A1639
att,A2695,A638
att,A2695,A168
att,A2695,A2201
att,A2695,A155
att,A2695,A666
att,A2695,A215
att,A2695,A1920
att,A2695,A767
att,A2695,A1681
att,A2695,A2458
att,A2695,A2366
att,A2695,A804
att,A2695,A2075
att,A2695,A1146
att,A2695,A418
att,A2695,A1217
att,A2695,A974
att,A2696,A328
att,A2696,A1359
att,A2696,A2392
att,A2696,A374
att,A2696,A925
att,A2696,A1822
att,A2696,A1136
att,A2696,A102
att,A2698,A994
att,A2698,A1455
att,A2698,A2177
att,A2698,A2095
att,A2698,A959
att,A2698,A282
att,A2698,A2138
att,A2698,A2023
att,A2698,A52
att,A2699,A158
att,A2699,A914
att,A2699,A2109
att,A2699,A415
att,A2699,A2628
att,A2699,A2595
att,A2699,A1413
att,A2699,A107
att,A2699,A67
att,A2699,A2664
att,A2699,A497
att,A2699,A2386
att,A2699,A571
att,A2699,A2581
att,A2699,A1023
att,A2699,A1726
att,A2699,A1046
att,A2699,A2433
