Entailment,Arg1,Arg2
sup,A8,A9
sup,A9,A10
sup,A10,A11
sup,A11,A12
sup,A12,A13
sup,A13,A14
sup,A14,A15
sup,A15,A16
sup,A16,A17
sup,A17,A18
sup,A18,A19
sup,A19,A20
sup,A20,A21
sup,A21,A22
sup,A22,A23
sup,A23,A24
sup,A24,A8
sup,A42,A43
sup,A43,A44
sup,A44,A45
sup,A45,A46
sup,A46,A47
sup,A47,A48
sup,A48,A49
sup,A49,A50
sup,A50,A51
sup,A51,A52
sup,A52,A42
sup,A53,A54
sup,A54,A55
sup,A55,A56
sup,A56,A57
sup,A57,A58
sup,A58,A59
sup,A59,A60
sup,A60,A61
sup,A61,A62
sup,A62,A63
sup,A63,A64
sup,A64,A65
sup,A65,A66
sup,A66,A67
sup,A67,A68
sup,A68,A69
sup,A69,A70
sup,A70,A71
sup,A71,A72
sup,A72,A53
sup,A76,A77
sup,A78,A79
sup,A80,A81
sup,A83,A84
sup,A84,A85
sup,A86,A87
sup,A87,A88
sup,A89,A90
sup,A91,A92
sup,A95,A96
sup,A96,A97
sup,A97,A98
sup,A98,A73
sup,A99,A100
sup,A100,A101
sup,A101,A102
sup,A102,A103
sup,A103,A104
sup,A104,A105
sup,A105,A106
sup,A106,A107
sup,A107,A108
sup,A108,A109
sup,A109,A110
sup,A110,A111
sup,A111,A112
sup,A112,A113
sup,A113,A114
sup,A114,A115
sup,A115,A116
sup,A116,A117
sup,A117,A118
sup,A118,A119
sup,A119,A120
sup,A120,A99
sup,A133,A134
sup,A134,A135
sup,A136,A137
sup,A140,A141
sup,A141,A142
sup,A144,A145
sup,A145,A146
sup,A146,A147
sup,A147,A132
sup,A148,A149
sup,A149,A150
sup,A150,A151
sup,A151,A152
sup,A152,A153
sup,A153,A154
sup,A154,A155
sup,A155,A156
sup,A156,A157
sup,A157,A158
sup,A158,A159
sup,A159,A160
sup,A160,A161
sup,A161,A162
sup,A162,A163
sup,A163,A164
sup,A164,A165
sup,A165,A148
sup,A166,A167
sup,A167,A168
sup,A168,A169
sup,A169,A170
sup,A170,A171
sup,A171,A172
sup,A172,A173
sup,A173,A174
sup,A174,A175
sup,A175,A176
sup,A176,A177
sup,A177,A178
sup,A178,A179
sup,A179,A180
sup,A180,A181
sup,A181,A182
sup,A182,A166
sup,A183,A184
sup,A184,A185
sup,A185,A186
sup,A186,A187
sup,A187,A188
sup,A188,A189
sup,A189,A190
sup,A190,A191
sup,A191,A183
sup,A210,A211
sup,A211,A212
sup,A212,A213
sup,A213,A214
sup,A214,A215
sup,A215,A216
sup,A216,A217
sup,A217,A218
sup,A219,A220
sup,A220,A221
sup,A222,A223
sup,A223,A224
sup,A224,A225
sup,A225,A226
sup,A226,A227
sup,A228,A229
sup,A229,A230
sup,A230,A231
sup,A231,A232
sup,A232,A233
sup,A235,A236
sup,A236,A237
sup,A237,A238
sup,A240,A241
sup,A241,A242
sup,A249,A250
sup,A250,A251
sup,A252,A253
sup,A257,A258
sup,A259,A260
sup,A260,A234
sup,A273,A274
sup,A275,A276
sup,A277,A278
sup,A278,A279
sup,A280,A281
sup,A282,A283
sup,A284,A285
sup,A285,A286
sup,A287,A288
sup,A288,A289
sup,A289,A290
sup,A290,A291
sup,A291,A292
sup,A293,A268
sup,A301,A302
sup,A302,A303
sup,A303,A304
sup,A304,A305
sup,A305,A306
sup,A306,A307
sup,A307,A308
sup,A308,A309
sup,A311,A312
sup,A315,A316
sup,A316,A317
sup,A317,A318
sup,A319,A320
sup,A320,A294
sup,A321,A322
sup,A323,A324
sup,A324,A325
sup,A326,A327
sup,A328,A329
sup,A329,A330
sup,A330,A331
sup,A331,A332
sup,A332,A333
sup,A333,A334
sup,A336,A337
sup,A342,A343
sup,A344,A345
sup,A347,A348
sup,A348,A349
sup,A350,A351
sup,A353,A354
sup,A357,A358
sup,A358,A359
sup,A360,A361
sup,A361,A362
sup,A364,A365
sup,A365,A341
sup,A368,A369
sup,A371,A372
sup,A372,A373
sup,A373,A374
sup,A374,A375
sup,A376,A377
sup,A379,A380
sup,A384,A385
sup,A385,A386
sup,A387,A388
sup,A388,A389
sup,A391,A392
sup,A393,A394
sup,A394,A395
sup,A396,A397
sup,A398,A399
sup,A399,A400
sup,A400,A401
sup,A402,A403
sup,A403,A404
sup,A408,A409
sup,A410,A411
sup,A413,A414
sup,A414,A415
sup,A415,A416
sup,A419,A407
sup,A421,A422
sup,A422,A423
sup,A424,A425
sup,A425,A426
sup,A427,A428
sup,A428,A429
sup,A430,A431
sup,A432,A433
sup,A436,A437
sup,A438,A439
sup,A441,A442
sup,A442,A443
sup,A443,A444
sup,A444,A445
sup,A446,A447
sup,A447,A448
sup,A448,A449
sup,A449,A450
sup,A450,A451
sup,A451,A452
sup,A452,A453
sup,A453,A454
sup,A454,A455
sup,A455,A456
sup,A456,A457
sup,A457,A458
sup,A458,A459
sup,A459,A460
sup,A460,A461
sup,A461,A462
sup,A462,A463
sup,A463,A464
sup,A464,A465
sup,A465,A466
sup,A466,A467
sup,A467,A468
sup,A468,A469
sup,A469,A470
sup,A470,A446
sup,A491,A492
sup,A492,A493
sup,A493,A494
sup,A494,A495
sup,A495,A496
sup,A496,A497
sup,A497,A498
sup,A498,A491
sup,A499,A500
sup,A502,A503
sup,A504,A505
sup,A505,A506
sup,A506,A507
sup,A507,A508
sup,A510,A511
sup,A511,A512
sup,A513,A514
sup,A515,A516
sup,A516,A517
sup,A517,A518
sup,A520,A521
sup,A522,A523
sup,A525,A526
sup,A526,A527
sup,A528,A529
sup,A529,A530
sup,A530,A531
sup,A531,A532
sup,A533,A534
sup,A534,A535
sup,A536,A537
sup,A537,A538
sup,A538,A539
sup,A539,A540
sup,A542,A543
sup,A543,A544
sup,A545,A546
sup,A546,A547
sup,A547,A548
sup,A548,A545
sup,A549,A550
sup,A550,A551
sup,A551,A552
sup,A552,A553
sup,A553,A554
sup,A554,A555
sup,A555,A549
sup,A556,A557
sup,A557,A558
sup,A560,A561
sup,A563,A564
sup,A568,A569
sup,A571,A572
sup,A574,A575
sup,A576,A577
sup,A577,A578
sup,A578,A579
sup,A579,A580
sup,A580,A581
sup,A581,A582
sup,A582,A583
sup,A583,A584
sup,A584,A585
sup,A585,A586
sup,A586,A587
sup,A587,A588
sup,A588,A589
sup,A589,A590
sup,A590,A591
sup,A591,A592
sup,A592,A593
sup,A593,A594
sup,A594,A595
sup,A595,A596
sup,A596,A597
sup,A597,A598
sup,A598,A599
sup,A599,A600
sup,A600,A576
sup,A602,A603
sup,A607,A608
sup,A608,A609
sup,A609,A610
sup,A610,A611
sup,A611,A612
sup,A612,A613
sup,A614,A615
sup,A643,A644
sup,A644,A645
sup,A645,A646
sup,A646,A647
sup,A647,A648
sup,A648,A649
sup,A649,A650
sup,A650,A651
sup,A651,A652
sup,A652,A653
sup,A653,A654
sup,A654,A655
sup,A655,A656
sup,A656,A657
sup,A657,A658
sup,A658,A659
sup,A659,A660
sup,A660,A661
sup,A661,A662
sup,A662,A663
sup,A663,A643
sup,A664,A665
sup,A665,A666
sup,A666,A667
sup,A667,A668
sup,A668,A669
sup,A669,A670
sup,A670,A671
sup,A671,A672
sup,A672,A673
sup,A673,A674
sup,A674,A675
sup,A675,A676
sup,A676,A664
sup,A677,A678
sup,A678,A679
sup,A679,A680
sup,A680,A681
sup,A681,A682
sup,A682,A683
sup,A683,A684
sup,A684,A685
sup,A685,A686
sup,A686,A687
sup,A687,A688
sup,A688,A689
sup,A689,A690
sup,A690,A691
sup,A691,A692
sup,A692,A693
sup,A693,A694
sup,A694,A695
sup,A695,A696
sup,A696,A677
sup,A700,A701
sup,A701,A702
sup,A703,A704
sup,A706,A707
sup,A707,A708
sup,A708,A709
sup,A709,A710
sup,A715,A716
sup,A716,A717
sup,A717,A718
sup,A720,A721
sup,A721,A697
sup,A722,A723
sup,A723,A724
sup,A724,A725
sup,A725,A726
sup,A726,A727
sup,A727,A728
sup,A728,A729
sup,A729,A730
sup,A730,A731
sup,A731,A732
sup,A732,A722
sup,A739,A740
sup,A740,A741
sup,A741,A742
sup,A742,A739
sup,A743,A744
sup,A744,A745
sup,A745,A746
sup,A746,A747
sup,A747,A748
sup,A748,A749
sup,A749,A750
sup,A750,A751
sup,A751,A752
sup,A752,A753
sup,A753,A754
sup,A754,A755
sup,A755,A756
sup,A756,A757
sup,A757,A758
sup,A758,A759
sup,A759,A760
sup,A760,A761
sup,A761,A762
sup,A762,A763
sup,A763,A743
sup,A791,A792
sup,A792,A793
sup,A793,A794
sup,A794,A795
sup,A795,A791
sup,A24,A25
sup,A41,A42
sup,A52,A53
sup,A147,A148
sup,A165,A166
sup,A207,A208
sup,A233,A234
sup,A340,A341
sup,A378,A379
sup,A399,A0
sup,A419,A420
sup,A490,A491
sup,A498,A499
sup,A544,A545
sup,A555,A556
sup,A642,A643
sup,A676,A677
sup,A696,A697
sup,A732,A733
sup,A738,A739
sup,A763,A764
sup,A790,A791
sup,A798,A799
sup,A3,A274
sup,A3,A620
sup,A3,A602
sup,A3,A669
sup,A3,A311
sup,A3,A705
sup,A3,A262
sup,A3,A527
sup,A4,A457
sup,A4,A649
sup,A4,A216
sup,A4,A61
sup,A4,A19
sup,A4,A584
sup,A4,A33
sup,A4,A628
sup,A8,A593
sup,A8,A681
sup,A8,A121
sup,A8,A82
sup,A8,A673
sup,A8,A656
sup,A8,A325
sup,A12,A607
sup,A12,A314
sup,A12,A728
sup,A12,A349
sup,A12,A785
sup,A12,A176
sup,A12,A202
sup,A12,A15
sup,A12,A77
sup,A12,A283
sup,A13,A21
sup,A13,A241
sup,A13,A56
sup,A13,A711
sup,A17,A559
sup,A17,A732
sup,A17,A682
sup,A17,A461
sup,A17,A61
sup,A17,A86
sup,A17,A666
sup,A17,A297
sup,A17,A299
sup,A18,A227
sup,A18,A121
sup,A18,A359
sup,A18,A163
sup,A18,A201
sup,A18,A79
sup,A18,A385
sup,A19,A766
sup,A21,A661
sup,A29,A157
sup,A29,A485
sup,A29,A563
sup,A29,A712
sup,A29,A391
sup,A30,A181
sup,A30,A459
sup,A30,A438
sup,A30,A40
sup,A30,A533
sup,A30,A4
sup,A31,A339
sup,A31,A729
sup,A31,A485
sup,A31,A1
sup,A31,A323
sup,A31,A455
sup,A31,A786
sup,A33,A487
sup,A33,A30
sup,A33,A396
sup,A33,A72
sup,A33,A16
sup,A33,A214
sup,A33,A325
sup,A33,A24
sup,A33,A503
sup,A33,A218
sup,A34,A610
sup,A35,A465
sup,A35,A25
sup,A35,A395
sup,A35,A479
sup,A35,A84
sup,A36,A549
sup,A36,A677
sup,A36,A658
sup,A36,A639
sup,A36,A661
sup,A36,A502
sup,A36,A541
sup,A37,A125
sup,A37,A332
sup,A37,A190
sup,A37,A544
sup,A37,A162
sup,A37,A398
sup,A37,A104
sup,A37,A577
sup,A38,A502
sup,A38,A701
sup,A38,A529
sup,A38,A402
sup,A38,A483
sup,A38,A503
sup,A38,A648
sup,A38,A100
sup,A38,A288
sup,A38,A307
sup,A40,A677
sup,A40,A437
sup,A40,A595
sup,A40,A291
sup,A40,A442
sup,A40,A471
sup,A40,A198
sup,A40,A50
sup,A40,A779
sup,A41,A409
sup,A41,A387
sup,A41,A696
sup,A41,A242
sup,A41,A646
sup,A41,A148
sup,A41,A634
sup,A41,A266
sup,A43,A378
sup,A43,A218
sup,A43,A603
sup,A43,A258
sup,A43,A599
sup,A43,A579
sup,A43,A29
sup,A45,A224
sup,A45,A643
sup,A45,A642
sup,A45,A661
sup,A45,A766
sup,A45,A307
sup,A45,A271
sup,A45,A395
sup,A45,A144
sup,A45,A82
sup,A45,A447
sup,A46,A530
sup,A46,A243
sup,A46,A411
sup,A46,A160
sup,A46,A576
sup,A46,A519
sup,A46,A742
sup,A46,A202
sup,A46,A247
sup,A46,A353
sup,A46,A556
sup,A46,A629
sup,A46,A791
sup,A47,A419
sup,A47,A386
sup,A47,A235
sup,A47,A170
sup,A47,A334
sup,A47,A104
sup,A47,A686
sup,A47,A284
sup,A48,A502
sup,A48,A736
sup,A48,A105
sup,A48,A750
sup,A48,A391
sup,A48,A54
sup,A49,A310
sup,A49,A579
sup,A49,A267
sup,A49,A4
sup,A49,A110
sup,A49,A348
sup,A49,A617
sup,A49,A630
sup,A49,A57
sup,A49,A574
sup,A49,A320
sup,A49,A601
sup,A49,A759
sup,A49,A433
sup,A49,A618
sup,A49,A67
sup,A49,A39
sup,A49,A342
sup,A49,A524
sup,A52,A320
sup,A52,A538
sup,A52,A111
sup,A52,A489
sup,A53,A364
sup,A53,A727
sup,A53,A632
sup,A53,A449
sup,A53,A428
sup,A53,A310
sup,A53,A542
sup,A59,A5
sup,A59,A56
sup,A59,A240
sup,A59,A629
sup,A59,A465
sup,A61,A168
sup,A61,A482
sup,A61,A294
sup,A61,A336
sup,A61,A300
sup,A61,A45
sup,A61,A699
sup,A63,A684
sup,A65,A343
sup,A65,A551
sup,A65,A100
sup,A65,A470
sup,A65,A740
sup,A65,A703
sup,A65,A725
sup,A65,A155
sup,A65,A569
sup,A65,A621
sup,A67,A329
sup,A67,A381
sup,A67,A291
sup,A67,A696
sup,A67,A85
sup,A67,A718
sup,A68,A149
sup,A68,A184
sup,A68,A139
sup,A68,A576
sup,A68,A637
sup,A68,A423
sup,A68,A53
sup,A68,A242
sup,A68,A473
sup,A69,A397
sup,A69,A755
sup,A69,A104
sup,A69,A344
sup,A69,A82
sup,A69,A94
sup,A69,A519
sup,A69,A147
sup,A69,A776
sup,A69,A182
sup,A69,A665
sup,A69,A690
sup,A69,A330
sup,A69,A132
sup,A69,A289
sup,A69,A452
sup,A73,A390
sup,A73,A686
sup,A73,A669
sup,A73,A55
sup,A73,A499
sup,A73,A608
sup,A73,A744
sup,A73,A243
sup,A73,A44
sup,A73,A559
sup,A75,A608
sup,A75,A414
sup,A75,A515
sup,A75,A19
sup,A75,A307
sup,A75,A232
sup,A75,A578
sup,A75,A15
sup,A75,A498
sup,A75,A542
sup,A76,A132
sup,A76,A482
sup,A77,A737
sup,A77,A54
sup,A77,A499
sup,A77,A24
sup,A77,A86
sup,A81,A291
sup,A81,A302
sup,A81,A72
sup,A81,A515
sup,A81,A556
sup,A81,A52
sup,A81,A536
sup,A81,A723
sup,A81,A345
sup,A81,A509
sup,A82,A594
sup,A82,A340
sup,A82,A634
sup,A82,A156
sup,A82,A708
sup,A82,A186
sup,A82,A684
sup,A82,A19
sup,A82,A179
sup,A83,A44
sup,A83,A13
sup,A83,A198
sup,A83,A531
sup,A83,A718
sup,A83,A414
sup,A83,A584
sup,A83,A641
sup,A83,A138
sup,A84,A315
sup,A84,A344
sup,A84,A414
sup,A84,A493
sup,A84,A107
sup,A84,A270
sup,A84,A384
sup,A84,A729
sup,A84,A696
sup,A84,A125
sup,A85,A618
sup,A85,A736
sup,A85,A415
sup,A86,A80
sup,A86,A225
sup,A86,A193
sup,A86,A721
sup,A86,A449
sup,A86,A258
sup,A86,A693
sup,A86,A627
sup,A86,A731
sup,A87,A355
sup,A87,A160
sup,A87,A236
sup,A87,A249
sup,A87,A559
sup,A87,A689
sup,A87,A649
sup,A87,A409
sup,A87,A376
sup,A87,A422
sup,A87,A776
sup,A88,A394
sup,A88,A581
sup,A88,A710
sup,A88,A682
sup,A91,A456
sup,A91,A224
sup,A91,A492
sup,A91,A62
sup,A91,A396
sup,A91,A89
sup,A94,A628
sup,A95,A124
sup,A95,A688
sup,A95,A309
sup,A103,A137
sup,A103,A618
sup,A103,A138
sup,A103,A384
sup,A103,A327
sup,A103,A311
sup,A103,A44
sup,A103,A14
sup,A103,A777
sup,A103,A431
sup,A104,A457
sup,A104,A772
sup,A104,A174
sup,A104,A510
sup,A106,A468
sup,A106,A15
sup,A106,A697
sup,A106,A355
sup,A106,A451
sup,A106,A428
sup,A108,A89
sup,A108,A549
sup,A108,A707
sup,A108,A12
sup,A109,A579
sup,A109,A725
sup,A109,A573
sup,A109,A220
sup,A109,A42
sup,A109,A64
sup,A109,A7
sup,A109,A454
sup,A111,A106
sup,A111,A705
sup,A111,A277
sup,A111,A93
sup,A111,A79
sup,A111,A560
sup,A113,A407
sup,A113,A758
sup,A113,A738
sup,A113,A415
sup,A113,A208
sup,A113,A523
sup,A113,A778
sup,A113,A620
sup,A113,A219
sup,A113,A448
sup,A115,A82
sup,A115,A592
sup,A115,A760
sup,A115,A254
sup,A115,A463
sup,A117,A262
sup,A117,A426
sup,A117,A612
sup,A117,A182
sup,A117,A198
sup,A117,A298
sup,A117,A695
sup,A117,A79
sup,A117,A607
sup,A118,A417
sup,A119,A719
sup,A119,A741
sup,A119,A347
sup,A119,A376
sup,A119,A294
sup,A119,A1
sup,A119,A273
sup,A119,A673
sup,A119,A395
sup,A119,A440
sup,A119,A613
sup,A122,A419
sup,A122,A724
sup,A123,A159
sup,A123,A387
sup,A123,A280
sup,A123,A328
sup,A123,A460
sup,A123,A438
sup,A123,A19
sup,A123,A551
sup,A123,A687
sup,A123,A797
sup,A123,A484
sup,A123,A17
sup,A123,A130
sup,A123,A440
sup,A131,A157
sup,A131,A87
sup,A131,A195
sup,A131,A520
sup,A131,A459
sup,A131,A521
sup,A131,A659
sup,A131,A296
sup,A133,A528
sup,A133,A666
sup,A133,A417
sup,A133,A31
sup,A133,A118
sup,A133,A495
sup,A133,A398
sup,A133,A295
sup,A133,A200
sup,A134,A81
sup,A134,A778
sup,A134,A513
sup,A134,A177
sup,A134,A6
sup,A134,A358
sup,A134,A420
sup,A134,A495
sup,A134,A32
sup,A134,A175
sup,A134,A286
sup,A134,A18
sup,A134,A171
sup,A135,A244
sup,A140,A124
sup,A140,A431
sup,A140,A463
sup,A140,A60
sup,A140,A711
sup,A141,A762
sup,A141,A21
sup,A141,A256
sup,A141,A118
sup,A141,A117
sup,A141,A59
sup,A141,A312
sup,A141,A187
sup,A141,A622
sup,A145,A430
sup,A145,A648
sup,A145,A607
sup,A145,A287
sup,A145,A185
sup,A145,A773
sup,A145,A708
sup,A145,A180
sup,A145,A166
sup,A145,A44
sup,A145,A73
sup,A145,A182
sup,A145,A651
sup,A145,A382
sup,A145,A549
sup,A145,A488
sup,A149,A176
sup,A149,A230
sup,A149,A641
sup,A149,A650
sup,A149,A238
sup,A149,A295
sup,A150,A433
sup,A150,A368
sup,A150,A739
sup,A150,A624
sup,A150,A726
sup,A150,A199
sup,A150,A469
sup,A150,A279
sup,A150,A575
sup,A150,A479
sup,A150,A745
sup,A150,A156
sup,A150,A476
sup,A150,A261
sup,A152,A287
sup,A152,A744
sup,A152,A622
sup,A152,A378
sup,A153,A114
sup,A153,A521
sup,A153,A437
sup,A153,A265
sup,A153,A28
sup,A153,A48
sup,A153,A325
sup,A153,A382
sup,A153,A775
sup,A153,A720
sup,A153,A650
sup,A153,A637
sup,A153,A193
sup,A154,A606
sup,A154,A614
sup,A154,A657
sup,A154,A111
sup,A154,A136
sup,A154,A30
sup,A154,A778
sup,A154,A279
sup,A154,A356
sup,A154,A421
sup,A154,A182
sup,A154,A536
sup,A154,A706
sup,A154,A39
sup,A154,A44
sup,A154,A174
sup,A154,A633
sup,A154,A413
sup,A155,A577
sup,A155,A710
sup,A155,A705
sup,A155,A443
sup,A155,A717
sup,A155,A152
sup,A155,A521
sup,A155,A120
sup,A156,A445
sup,A156,A753
sup,A156,A322
sup,A156,A181
sup,A156,A67
sup,A156,A592
sup,A156,A501
sup,A158,A432
sup,A158,A676
sup,A158,A710
sup,A158,A90
sup,A158,A93
sup,A158,A292
sup,A158,A37
sup,A158,A184
sup,A158,A320
sup,A158,A796
sup,A158,A552
sup,A158,A13
sup,A158,A370
sup,A158,A54
sup,A163,A13
sup,A163,A700
sup,A163,A83
sup,A163,A107
sup,A163,A368
sup,A163,A335
sup,A163,A288
sup,A167,A736
sup,A167,A420
sup,A167,A278
sup,A167,A205
sup,A167,A545
sup,A167,A225
sup,A167,A521
sup,A169,A584
sup,A169,A591
sup,A169,A600
sup,A169,A79
sup,A169,A274
sup,A169,A766
sup,A169,A355
sup,A169,A284
sup,A169,A258
sup,A169,A750
sup,A169,A317
sup,A169,A229
sup,A169,A587
sup,A169,A565
sup,A169,A362
sup,A170,A547
sup,A170,A251
sup,A170,A513
sup,A172,A796
sup,A178,A320
sup,A179,A706
sup,A179,A793
sup,A179,A215
sup,A179,A22
sup,A179,A202
sup,A179,A757
sup,A179,A500
sup,A179,A471
sup,A179,A46
sup,A179,A198
sup,A179,A298
sup,A179,A522
sup,A179,A358
sup,A180,A80
sup,A180,A592
sup,A180,A431
sup,A180,A14
sup,A180,A444
sup,A181,A264
sup,A181,A457
sup,A181,A627
sup,A181,A796
sup,A181,A788
sup,A182,A397
sup,A182,A69
sup,A182,A10
sup,A182,A459
sup,A185,A696
sup,A185,A468
sup,A186,A798
sup,A186,A61
sup,A186,A294
sup,A186,A698
sup,A186,A555
sup,A186,A530
sup,A186,A350
sup,A186,A152
sup,A188,A80
sup,A188,A52
sup,A189,A727
sup,A189,A400
sup,A189,A88
sup,A189,A38
sup,A189,A397
sup,A193,A367
sup,A193,A100
sup,A193,A532
sup,A193,A642
sup,A193,A41
sup,A193,A274
sup,A193,A765
sup,A197,A97
sup,A197,A595
sup,A197,A162
sup,A197,A718
sup,A197,A125
sup,A197,A113
sup,A197,A417
sup,A197,A184
sup,A197,A676
sup,A197,A782
sup,A197,A339
sup,A197,A53
sup,A198,A183
sup,A198,A652
sup,A198,A711
sup,A198,A284
sup,A198,A53
sup,A198,A645
sup,A198,A448
sup,A198,A427
sup,A198,A459
sup,A200,A530
sup,A200,A47
sup,A200,A273
sup,A200,A414
sup,A200,A676
sup,A200,A316
sup,A200,A722
sup,A200,A610
sup,A200,A49
sup,A205,A559
sup,A205,A534
sup,A205,A626
sup,A205,A92
sup,A205,A348
sup,A205,A774
sup,A205,A684
sup,A205,A716
sup,A205,A135
sup,A205,A134
sup,A205,A183
sup,A205,A124
sup,A205,A267
sup,A205,A543
sup,A205,A705
sup,A205,A218
sup,A206,A192
sup,A206,A426
sup,A206,A95
sup,A206,A107
sup,A206,A619
sup,A206,A200
sup,A206,A502
sup,A206,A216
sup,A206,A492
sup,A206,A319
sup,A207,A458
sup,A207,A272
sup,A207,A711
sup,A207,A64
sup,A207,A732
sup,A207,A313
sup,A207,A529
sup,A207,A457
sup,A207,A171
sup,A207,A754
sup,A207,A154
sup,A207,A530
sup,A207,A143
sup,A208,A505
sup,A208,A53
sup,A208,A319
sup,A208,A104
sup,A208,A470
sup,A208,A126
sup,A211,A767
sup,A212,A558
sup,A212,A10
sup,A212,A307
sup,A212,A151
sup,A212,A482
sup,A212,A48
sup,A212,A255
sup,A212,A763
sup,A213,A790
sup,A213,A264
sup,A213,A573
sup,A213,A764
sup,A213,A45
sup,A213,A249
sup,A213,A146
sup,A213,A529
sup,A213,A592
sup,A218,A334
sup,A218,A203
sup,A218,A259
sup,A218,A665
sup,A220,A528
sup,A220,A201
sup,A221,A200
sup,A221,A338
sup,A221,A483
sup,A221,A498
sup,A221,A258
sup,A221,A751
sup,A221,A105
sup,A221,A161
sup,A221,A296
sup,A221,A335
sup,A221,A198
sup,A225,A539
sup,A225,A484
sup,A225,A392
sup,A225,A730
sup,A225,A7
sup,A227,A469
sup,A227,A187
sup,A227,A165
sup,A227,A18
sup,A227,A686
sup,A227,A428
sup,A231,A331
sup,A231,A305
sup,A231,A372
sup,A231,A199
sup,A231,A407
sup,A231,A18
sup,A231,A690
sup,A231,A640
sup,A232,A368
sup,A232,A616
sup,A232,A189
sup,A232,A762
sup,A232,A238
sup,A232,A30
sup,A232,A259
sup,A232,A678
sup,A232,A640
sup,A232,A28
sup,A232,A594
sup,A232,A150
sup,A232,A783
sup,A234,A771
sup,A234,A307
sup,A234,A129
sup,A234,A466
sup,A234,A464
sup,A234,A262
sup,A234,A556
sup,A234,A95
sup,A234,A695
sup,A234,A329
sup,A234,A491
sup,A234,A181
sup,A234,A285
sup,A234,A152
sup,A238,A496
sup,A238,A595
sup,A238,A719
sup,A238,A309
sup,A238,A194
sup,A238,A590
sup,A238,A555
sup,A238,A622
sup,A238,A768
sup,A238,A392
sup,A238,A272
sup,A238,A178
sup,A239,A334
sup,A240,A364
sup,A240,A780
sup,A240,A563
sup,A240,A224
sup,A240,A93
sup,A240,A6
sup,A240,A51
sup,A240,A160
sup,A240,A769
sup,A240,A788
sup,A240,A752
sup,A240,A585
sup,A240,A506
sup,A242,A744
sup,A242,A782
sup,A242,A668
sup,A242,A614
sup,A242,A572
sup,A242,A694
sup,A244,A495
sup,A244,A134
sup,A244,A787
sup,A244,A144
sup,A244,A418
sup,A244,A681
sup,A244,A313
sup,A244,A527
sup,A244,A46
sup,A244,A51
sup,A244,A83
sup,A244,A615
sup,A244,A535
sup,A247,A472
sup,A247,A7
sup,A247,A160
sup,A247,A305
sup,A247,A754
sup,A247,A531
sup,A248,A756
sup,A248,A650
sup,A248,A684
sup,A248,A796
sup,A248,A716
sup,A248,A238
sup,A248,A533
sup,A248,A474
sup,A248,A51
sup,A248,A638
sup,A248,A309
sup,A248,A20
sup,A248,A648
sup,A248,A76
sup,A248,A656
sup,A253,A637
sup,A253,A734
sup,A253,A154
sup,A253,A554
sup,A253,A50
sup,A253,A12
sup,A253,A620
sup,A253,A467
sup,A253,A370
sup,A254,A601
sup,A254,A176
sup,A254,A616
sup,A254,A656
sup,A256,A525
sup,A256,A313
sup,A256,A22
sup,A256,A230
sup,A256,A471
sup,A256,A721
sup,A256,A9
sup,A256,A30
sup,A256,A21
sup,A256,A222
sup,A256,A680
sup,A256,A595
sup,A256,A541
sup,A256,A588
sup,A256,A547
sup,A256,A66
sup,A257,A89
sup,A257,A97
sup,A257,A311
sup,A257,A465
sup,A257,A734
sup,A257,A684
sup,A257,A77
sup,A257,A460
sup,A257,A424
sup,A257,A291
sup,A257,A94
sup,A257,A368
sup,A258,A328
sup,A258,A379
sup,A258,A650
sup,A258,A556
sup,A258,A438
sup,A258,A207
sup,A260,A621
sup,A260,A19
sup,A260,A622
sup,A260,A280
sup,A260,A215
sup,A260,A103
sup,A260,A156
sup,A260,A130
sup,A260,A380
sup,A260,A150
sup,A260,A301
sup,A260,A113
sup,A260,A126
sup,A260,A100
sup,A261,A748
sup,A261,A8
sup,A261,A768
sup,A261,A199
sup,A261,A224
sup,A261,A540
sup,A261,A362
sup,A261,A505
sup,A264,A767
sup,A264,A737
sup,A266,A213
sup,A266,A185
sup,A266,A457
sup,A266,A558
sup,A266,A659
sup,A266,A162
sup,A266,A20
sup,A266,A464
sup,A266,A743
sup,A266,A501
sup,A266,A548
sup,A266,A179
sup,A269,A194
sup,A269,A304
sup,A269,A93
sup,A269,A160
sup,A269,A717
sup,A269,A313
sup,A269,A468
sup,A269,A793
sup,A269,A591
sup,A271,A261
sup,A271,A348
sup,A271,A216
sup,A271,A503
sup,A271,A298
sup,A274,A596
sup,A274,A201
sup,A274,A531
sup,A274,A79
sup,A274,A60
sup,A274,A500
sup,A274,A178
sup,A274,A796
sup,A274,A685
sup,A274,A150
sup,A274,A579
sup,A274,A662
sup,A274,A230
sup,A274,A244
sup,A274,A308
sup,A274,A563
sup,A274,A742
sup,A275,A76
sup,A275,A107
sup,A275,A663
sup,A275,A749
sup,A276,A714
sup,A276,A8
sup,A276,A628
sup,A276,A367
sup,A276,A350
sup,A276,A436
sup,A276,A441
sup,A276,A13
sup,A276,A604
sup,A276,A39
sup,A276,A496
sup,A276,A535
sup,A276,A656
sup,A277,A507
sup,A277,A78
sup,A277,A86
sup,A277,A425
sup,A277,A255
sup,A277,A123
sup,A277,A784
sup,A277,A311
sup,A277,A243
sup,A278,A527
sup,A278,A83
sup,A278,A404
sup,A278,A538
sup,A278,A66
sup,A278,A134
sup,A281,A55
sup,A281,A448
sup,A281,A525
sup,A281,A439
sup,A282,A104
sup,A282,A545
sup,A283,A236
sup,A283,A53
sup,A283,A125
sup,A283,A484
sup,A283,A418
sup,A283,A111
sup,A283,A30
sup,A283,A400
sup,A283,A285
sup,A283,A512
sup,A285,A75
sup,A285,A300
sup,A285,A130
sup,A285,A86
sup,A285,A42
sup,A285,A135
sup,A285,A378
sup,A285,A557
sup,A285,A675
sup,A287,A473
sup,A287,A223
sup,A287,A734
sup,A287,A412
sup,A287,A722
sup,A287,A379
sup,A287,A502
sup,A287,A484
sup,A287,A691
sup,A287,A77
sup,A287,A583
sup,A288,A537
sup,A288,A735
sup,A288,A463
sup,A288,A681
sup,A288,A229
sup,A289,A198
sup,A289,A194
sup,A289,A592
sup,A289,A624
sup,A289,A466
sup,A289,A727
sup,A289,A364
sup,A289,A329
sup,A291,A368
sup,A291,A721
sup,A291,A6
sup,A291,A755
sup,A294,A99
sup,A294,A205
sup,A294,A156
sup,A294,A267
sup,A294,A7
sup,A294,A518
sup,A298,A662
sup,A298,A714
sup,A298,A677
sup,A298,A626
sup,A298,A522
sup,A298,A73
sup,A300,A760
sup,A300,A263
sup,A300,A657
sup,A300,A465
sup,A300,A58
sup,A300,A643
sup,A300,A372
sup,A300,A580
sup,A300,A529
sup,A300,A49
sup,A300,A137
sup,A300,A183
sup,A300,A59
sup,A300,A694
sup,A300,A414
sup,A300,A651
sup,A300,A435
sup,A300,A33
sup,A300,A85
sup,A300,A539
sup,A300,A502
sup,A301,A573
sup,A301,A594
sup,A302,A550
sup,A302,A194
sup,A302,A728
sup,A302,A67
sup,A302,A295
sup,A302,A281
sup,A302,A115
sup,A302,A202
sup,A307,A584
sup,A307,A527
sup,A307,A677
sup,A309,A637
sup,A309,A548
sup,A309,A531
sup,A309,A491
sup,A309,A742
sup,A309,A200
sup,A309,A221
sup,A309,A526
sup,A309,A707
sup,A309,A37
sup,A310,A604
sup,A310,A670
sup,A310,A191
sup,A310,A795
sup,A310,A389
sup,A310,A362
sup,A310,A449
sup,A310,A626
sup,A310,A407
sup,A311,A606
sup,A311,A746
sup,A311,A416
sup,A311,A602
sup,A311,A62
sup,A311,A224
sup,A312,A119
sup,A312,A340
sup,A312,A177
sup,A312,A533
sup,A314,A267
sup,A314,A485
sup,A314,A459
sup,A314,A670
sup,A314,A31
sup,A314,A742
sup,A314,A307
sup,A315,A351
sup,A315,A149
sup,A315,A159
sup,A315,A535
sup,A317,A497
sup,A317,A331
sup,A317,A46
sup,A317,A384
sup,A317,A225
sup,A319,A86
sup,A319,A493
sup,A319,A345
sup,A319,A344
sup,A319,A224
sup,A319,A192
sup,A319,A101
sup,A319,A747
sup,A319,A222
sup,A322,A79
sup,A322,A535
sup,A322,A645
sup,A322,A751
sup,A322,A505
sup,A322,A681
sup,A322,A367
sup,A322,A282
sup,A323,A211
sup,A323,A488
sup,A323,A336
sup,A323,A288
sup,A323,A226
sup,A323,A460
sup,A323,A561
sup,A323,A754
sup,A323,A18
sup,A324,A154
sup,A324,A178
sup,A324,A279
sup,A324,A287
sup,A324,A109
sup,A324,A138
sup,A324,A769
sup,A324,A201
sup,A324,A190
sup,A324,A788
sup,A324,A342
sup,A324,A497
sup,A325,A630
sup,A325,A464
sup,A325,A558
sup,A325,A771
sup,A325,A294
sup,A325,A503
sup,A325,A707
sup,A327,A126
sup,A327,A644
sup,A327,A172
sup,A327,A396
sup,A327,A684
sup,A327,A282
sup,A327,A364
sup,A327,A256
sup,A327,A577
sup,A327,A367
sup,A327,A711
sup,A327,A381
sup,A327,A580
sup,A327,A735
sup,A328,A456
sup,A328,A66
sup,A328,A584
sup,A328,A77
sup,A328,A130
sup,A328,A487
sup,A332,A357
sup,A332,A298
sup,A332,A212
sup,A332,A221
sup,A333,A303
sup,A334,A253
sup,A334,A341
sup,A334,A42
sup,A334,A282
sup,A334,A294
sup,A335,A488
sup,A335,A94
sup,A336,A31
sup,A336,A293
sup,A336,A799
sup,A336,A625
sup,A337,A397
sup,A337,A325
sup,A337,A591
sup,A337,A312
sup,A337,A669
sup,A337,A132
sup,A337,A250
sup,A337,A584
sup,A337,A662
sup,A341,A493
sup,A341,A778
sup,A341,A580
sup,A341,A719
sup,A341,A360
sup,A341,A423
sup,A341,A179
sup,A341,A759
sup,A343,A585
sup,A343,A597
sup,A343,A205
sup,A343,A108
sup,A343,A797
sup,A343,A394
sup,A343,A731
sup,A343,A657
sup,A343,A173
sup,A343,A702
sup,A343,A37
sup,A343,A204
sup,A343,A727
sup,A343,A294
sup,A343,A147
sup,A343,A460
sup,A343,A725
sup,A344,A20
sup,A344,A424
sup,A344,A376
sup,A344,A161
sup,A345,A741
sup,A345,A34
sup,A345,A500
sup,A345,A201
sup,A345,A639
sup,A345,A275
sup,A345,A33
sup,A345,A776
sup,A345,A41
sup,A345,A363
sup,A345,A236
sup,A345,A416
sup,A345,A211
sup,A346,A53
sup,A346,A457
sup,A346,A32
sup,A346,A508
sup,A346,A162
sup,A346,A170
sup,A346,A356
sup,A346,A675
sup,A346,A299
sup,A346,A420
sup,A349,A251
sup,A349,A66
sup,A349,A637
sup,A349,A42
sup,A349,A586
sup,A350,A489
sup,A350,A238
sup,A350,A143
sup,A350,A145
sup,A351,A16
sup,A353,A723
sup,A353,A126
sup,A353,A492
sup,A353,A78
sup,A353,A655
sup,A353,A491
sup,A353,A570
sup,A353,A602
sup,A353,A506
sup,A353,A123
sup,A353,A132
sup,A353,A303
sup,A353,A592
sup,A353,A320
sup,A354,A701
sup,A354,A107
sup,A354,A618
sup,A354,A566
sup,A354,A280
sup,A354,A534
sup,A354,A64
sup,A354,A478
sup,A354,A506
sup,A354,A514
sup,A354,A724
sup,A354,A557
sup,A354,A112
sup,A354,A675
sup,A357,A474
sup,A357,A221
sup,A357,A372
sup,A357,A514
sup,A357,A68
sup,A357,A334
sup,A357,A598
sup,A357,A578
sup,A357,A312
sup,A363,A697
sup,A363,A185
sup,A363,A5
sup,A363,A568
sup,A363,A730
sup,A363,A586
sup,A363,A96
sup,A363,A493
sup,A363,A139
sup,A363,A753
sup,A363,A526
sup,A363,A386
sup,A363,A726
sup,A364,A260
sup,A364,A255
sup,A364,A422
sup,A365,A152
sup,A365,A174
sup,A365,A213
sup,A365,A149
sup,A365,A603
sup,A365,A293
sup,A365,A786
sup,A365,A462
sup,A365,A323
sup,A365,A232
sup,A365,A710
sup,A365,A557
sup,A367,A743
sup,A367,A476
sup,A367,A154
sup,A367,A137
sup,A367,A238
sup,A367,A719
sup,A367,A293
sup,A367,A442
sup,A367,A424
sup,A367,A372
sup,A367,A113
sup,A367,A408
sup,A367,A21
sup,A367,A766
sup,A367,A590
sup,A367,A403
sup,A369,A380
sup,A369,A18
sup,A370,A628
sup,A370,A795
sup,A370,A390
sup,A370,A229
sup,A370,A396
sup,A370,A149
sup,A371,A552
sup,A371,A117
sup,A371,A370
sup,A371,A227
sup,A371,A157
sup,A371,A193
sup,A371,A42
sup,A371,A709
sup,A371,A417
sup,A371,A577
sup,A372,A378
sup,A372,A651
sup,A372,A114
sup,A372,A531
sup,A372,A740
sup,A372,A557
sup,A372,A547
sup,A375,A359
sup,A375,A75
sup,A375,A619
sup,A375,A148
sup,A375,A52
sup,A376,A133
sup,A376,A589
sup,A376,A238
sup,A376,A118
sup,A380,A19
sup,A380,A104
sup,A380,A331
sup,A381,A571
sup,A381,A124
sup,A381,A459
sup,A381,A10
sup,A382,A22
sup,A382,A109
sup,A382,A478
sup,A382,A386
sup,A382,A456
sup,A384,A295
sup,A384,A351
sup,A384,A41
sup,A386,A571
sup,A386,A672
sup,A386,A397
sup,A386,A330
sup,A386,A621
sup,A386,A97
sup,A386,A59
sup,A386,A779
sup,A386,A75
sup,A388,A444
sup,A388,A206
sup,A388,A125
sup,A388,A407
sup,A388,A142
sup,A388,A569
sup,A388,A585
sup,A388,A290
sup,A388,A3
sup,A388,A792
sup,A388,A633
sup,A388,A355
sup,A388,A486
sup,A388,A527
sup,A388,A102
sup,A388,A326
sup,A388,A536
sup,A388,A746
sup,A389,A283
sup,A389,A59
sup,A391,A735
sup,A391,A724
sup,A391,A180
sup,A391,A280
sup,A391,A73
sup,A391,A759
sup,A391,A546
sup,A396,A317
sup,A397,A50
sup,A397,A378
sup,A397,A26
sup,A397,A90
sup,A397,A487
sup,A397,A247
sup,A397,A248
sup,A399,A354
sup,A399,A311
sup,A399,A97
sup,A399,A383
sup,A399,A448
sup,A399,A418
sup,A399,A236
sup,A400,A136
sup,A400,A707
sup,A400,A651
sup,A400,A231
sup,A400,A359
sup,A400,A394
sup,A400,A97
sup,A400,A208
sup,A400,A799
sup,A400,A481
sup,A400,A45
sup,A403,A745
sup,A403,A623
sup,A403,A432
sup,A403,A649
sup,A403,A349
sup,A403,A21
sup,A403,A101
sup,A404,A669
sup,A404,A284
sup,A404,A316
sup,A404,A34
sup,A404,A524
sup,A404,A231
sup,A404,A158
sup,A404,A21
sup,A406,A547
sup,A406,A630
sup,A406,A123
sup,A406,A352
sup,A406,A159
sup,A406,A656
sup,A406,A304
sup,A407,A642
sup,A407,A108
sup,A407,A441
sup,A407,A138
sup,A407,A216
sup,A407,A569
sup,A407,A705
sup,A407,A66
sup,A407,A512
sup,A407,A141
sup,A407,A362
sup,A408,A341
sup,A408,A245
sup,A408,A728
sup,A408,A67
sup,A408,A540
sup,A408,A452
sup,A409,A11
sup,A409,A743
sup,A409,A151
sup,A409,A649
sup,A409,A163
sup,A409,A446
sup,A409,A203
sup,A409,A476
sup,A409,A317
sup,A409,A321
sup,A409,A708
sup,A409,A792
sup,A409,A299
sup,A410,A476
sup,A410,A653
sup,A410,A259
sup,A410,A646
sup,A410,A328
sup,A410,A681
sup,A410,A380
sup,A410,A519
sup,A410,A510
sup,A410,A789
sup,A410,A612
sup,A410,A667
sup,A410,A648
sup,A411,A98
sup,A411,A695
sup,A411,A325
sup,A411,A469
sup,A411,A596
sup,A411,A552
sup,A411,A482
sup,A411,A22
sup,A411,A755
sup,A411,A591
sup,A411,A561
sup,A411,A190
sup,A411,A162
sup,A412,A570
sup,A412,A527
sup,A412,A750
sup,A412,A376
sup,A412,A635
sup,A412,A639
sup,A412,A295
sup,A412,A256
sup,A412,A354
sup,A412,A285
sup,A412,A4
sup,A414,A364
sup,A414,A133
sup,A414,A731
sup,A414,A45
sup,A416,A71
sup,A416,A461
sup,A416,A754
sup,A416,A770
sup,A416,A409
sup,A416,A40
sup,A416,A75
sup,A416,A449
sup,A416,A477
sup,A416,A568
sup,A416,A561
sup,A417,A246
sup,A417,A483
sup,A417,A263
sup,A417,A516
sup,A417,A385
sup,A417,A57
sup,A417,A105
sup,A417,A218
sup,A417,A577
sup,A418,A15
sup,A418,A42
sup,A418,A464
sup,A418,A333
sup,A418,A63
sup,A418,A695
sup,A420,A542
sup,A420,A607
sup,A420,A259
sup,A421,A1
sup,A421,A593
sup,A421,A175
sup,A421,A543
sup,A421,A670
sup,A421,A298
sup,A421,A462
sup,A421,A635
sup,A421,A216
sup,A422,A37
sup,A422,A385
sup,A422,A118
sup,A423,A601
sup,A423,A200
sup,A423,A184
sup,A423,A260
sup,A423,A518
sup,A423,A349
sup,A426,A728
sup,A426,A130
sup,A426,A659
sup,A426,A646
sup,A426,A560
sup,A429,A3
sup,A429,A116
sup,A429,A781
sup,A429,A388
sup,A429,A762
sup,A429,A152
sup,A429,A699
sup,A429,A689
sup,A430,A46
sup,A430,A266
sup,A430,A465
sup,A430,A763
sup,A430,A561
sup,A430,A90
sup,A430,A444
sup,A430,A209
sup,A430,A64
sup,A430,A220
sup,A430,A34
sup,A430,A421
sup,A431,A692
sup,A431,A778
sup,A431,A147
sup,A431,A563
sup,A431,A642
sup,A431,A539
sup,A431,A526
sup,A431,A314
sup,A431,A626
sup,A431,A169
sup,A431,A173
sup,A431,A363
sup,A431,A726
sup,A433,A433
sup,A433,A606
sup,A437,A658
sup,A437,A770
sup,A437,A463
sup,A437,A480
sup,A437,A402
sup,A437,A656
sup,A439,A268
sup,A439,A693
sup,A439,A143
sup,A442,A306
sup,A442,A50
sup,A442,A475
sup,A442,A594
sup,A442,A337
sup,A442,A589
sup,A442,A462
sup,A442,A689
sup,A442,A730
sup,A442,A47
sup,A442,A523
sup,A442,A371
sup,A442,A136
sup,A445,A778
sup,A445,A603
sup,A445,A79
sup,A445,A467
sup,A445,A531
sup,A445,A110
sup,A445,A61
sup,A445,A460
sup,A445,A406
sup,A445,A83
sup,A445,A144
sup,A445,A111
sup,A448,A330
sup,A448,A760
sup,A448,A777
sup,A448,A585
sup,A452,A401
sup,A452,A106
sup,A452,A447
sup,A452,A495
sup,A452,A364
sup,A455,A360
sup,A455,A477
sup,A455,A785
sup,A455,A220
sup,A455,A647
sup,A455,A669
sup,A455,A270
sup,A455,A536
sup,A456,A648
sup,A456,A87
sup,A456,A182
sup,A456,A548
sup,A456,A465
sup,A456,A343
sup,A456,A435
sup,A456,A489
sup,A456,A519
sup,A457,A748
sup,A457,A693
sup,A457,A722
sup,A457,A526
sup,A457,A573
sup,A457,A589
sup,A457,A519
sup,A459,A241
sup,A459,A306
sup,A459,A110
sup,A459,A313
sup,A459,A696
sup,A459,A120
sup,A460,A82
sup,A460,A506
sup,A460,A527
sup,A460,A569
sup,A460,A378
sup,A460,A692
sup,A460,A301
sup,A462,A792
sup,A462,A448
sup,A462,A687
sup,A462,A151
sup,A462,A769
sup,A462,A579
sup,A462,A682
sup,A462,A479
sup,A462,A7
sup,A462,A181
sup,A462,A84
sup,A467,A356
sup,A467,A224
sup,A467,A793
sup,A467,A361
sup,A467,A247
sup,A467,A734
sup,A467,A60
sup,A467,A665
sup,A470,A156
sup,A470,A347
sup,A470,A231
sup,A470,A749
sup,A470,A342
sup,A470,A798
sup,A471,A304
sup,A471,A770
sup,A471,A525
sup,A471,A792
sup,A471,A489
sup,A471,A107
sup,A472,A561
sup,A472,A326
sup,A472,A475
sup,A472,A42
sup,A472,A429
sup,A472,A445
sup,A472,A699
sup,A472,A64
sup,A472,A117
sup,A472,A497
sup,A472,A363
sup,A473,A288
sup,A473,A761
sup,A473,A609
sup,A473,A312
sup,A473,A80
sup,A473,A786
sup,A473,A504
sup,A473,A676
sup,A473,A478
sup,A473,A440
sup,A474,A602
sup,A474,A37
sup,A474,A240
sup,A475,A548
sup,A475,A564
sup,A475,A214
sup,A475,A499
sup,A475,A224
sup,A475,A241
sup,A477,A326
sup,A477,A519
sup,A483,A135
sup,A483,A357
sup,A484,A270
sup,A484,A607
sup,A484,A543
sup,A484,A755
sup,A484,A767
sup,A486,A403
sup,A486,A329
sup,A486,A753
sup,A486,A701
sup,A486,A52
sup,A486,A758
sup,A486,A88
sup,A486,A458
sup,A486,A168
sup,A486,A643
sup,A486,A440
sup,A486,A539
sup,A486,A239
sup,A486,A143
sup,A486,A347
sup,A487,A437
sup,A487,A364
sup,A487,A286
sup,A487,A247
sup,A487,A546
sup,A487,A472
sup,A488,A589
sup,A488,A334
sup,A492,A220
sup,A495,A142
sup,A495,A713
sup,A495,A655
sup,A495,A725
sup,A495,A509
sup,A495,A708
sup,A495,A282
sup,A497,A739
sup,A497,A352
sup,A497,A708
sup,A497,A654
sup,A497,A482
sup,A497,A23
sup,A497,A745
sup,A497,A490
sup,A502,A419
sup,A505,A257
sup,A505,A719
sup,A505,A276
sup,A505,A193
sup,A506,A433
sup,A506,A722
sup,A508,A403
sup,A508,A501
sup,A508,A766
sup,A508,A530
sup,A508,A112
sup,A508,A324
sup,A511,A190
sup,A511,A30
sup,A511,A480
sup,A511,A143
sup,A511,A473
sup,A511,A89
sup,A511,A95
sup,A511,A597
sup,A511,A364
sup,A515,A167
sup,A515,A708
sup,A515,A799
sup,A515,A740
sup,A515,A28
sup,A515,A404
sup,A515,A458
sup,A515,A672
sup,A515,A157
sup,A515,A236
sup,A515,A562
sup,A515,A654
sup,A515,A369
sup,A516,A738
sup,A517,A745
sup,A517,A1
sup,A517,A669
sup,A517,A371
sup,A517,A761
sup,A517,A676
sup,A517,A359
sup,A517,A665
sup,A517,A265
sup,A517,A422
sup,A517,A286
sup,A517,A288
sup,A517,A378
sup,A517,A90
sup,A517,A60
sup,A518,A315
sup,A518,A185
sup,A518,A675
sup,A518,A469
sup,A518,A329
sup,A518,A758
sup,A518,A643
sup,A518,A704
sup,A518,A325
sup,A518,A595
sup,A519,A571
sup,A519,A594
sup,A519,A511
sup,A519,A330
sup,A519,A383
sup,A519,A110
sup,A519,A270
sup,A519,A725
sup,A525,A233
sup,A525,A270
sup,A525,A553
sup,A525,A19
sup,A526,A6
sup,A526,A467
sup,A526,A472
sup,A526,A593
sup,A527,A659
sup,A527,A754
sup,A527,A331
sup,A527,A486
sup,A527,A280
sup,A527,A740
sup,A529,A396
sup,A529,A4
sup,A529,A93
sup,A529,A29
sup,A529,A276
sup,A530,A647
sup,A530,A158
sup,A530,A377
sup,A530,A770
sup,A530,A690
sup,A530,A627
sup,A530,A494
sup,A531,A463
sup,A531,A728
sup,A531,A358
sup,A531,A5
sup,A531,A368
sup,A531,A742
sup,A531,A163
sup,A531,A564
sup,A531,A359
sup,A531,A494
sup,A531,A623
sup,A531,A414
sup,A531,A502
sup,A531,A605
sup,A531,A119
sup,A531,A371
sup,A531,A134
sup,A532,A595
sup,A532,A159
sup,A532,A672
sup,A532,A613
sup,A532,A725
sup,A532,A787
sup,A532,A492
sup,A532,A544
sup,A532,A738
sup,A532,A732
sup,A532,A675
sup,A532,A659
sup,A534,A687
sup,A534,A764
sup,A534,A522
sup,A534,A489
sup,A534,A659
sup,A534,A13
sup,A534,A172
sup,A534,A558
sup,A536,A18
sup,A536,A701
sup,A536,A599
sup,A536,A143
sup,A536,A386
sup,A536,A318
sup,A536,A564
sup,A536,A789
sup,A536,A297
sup,A537,A771
sup,A537,A543
sup,A537,A480
sup,A537,A26
sup,A537,A651
sup,A537,A315
sup,A537,A99
sup,A537,A343
sup,A537,A369
sup,A537,A252
sup,A537,A28
sup,A538,A506
sup,A538,A451
sup,A538,A333
sup,A538,A626
sup,A538,A262
sup,A538,A152
sup,A538,A474
sup,A539,A303
sup,A539,A773
sup,A539,A458
sup,A539,A201
sup,A539,A70
sup,A539,A88
sup,A539,A33
sup,A539,A270
sup,A539,A472
sup,A539,A101
sup,A539,A210
sup,A539,A268
sup,A539,A83
sup,A539,A230
sup,A539,A436
sup,A543,A732
sup,A544,A159
sup,A544,A429
sup,A544,A469
sup,A544,A745
sup,A545,A703
sup,A545,A493
sup,A545,A468
sup,A545,A589
sup,A547,A276
sup,A547,A342
sup,A547,A798
sup,A547,A724
sup,A547,A460
sup,A547,A521
sup,A547,A732
sup,A547,A303
sup,A547,A19
sup,A547,A242
sup,A547,A722
sup,A547,A75
sup,A547,A518
sup,A547,A8
sup,A547,A432
sup,A548,A407
sup,A548,A8
sup,A548,A147
sup,A548,A621
sup,A548,A416
sup,A548,A655
sup,A548,A370
sup,A548,A222
sup,A549,A707
sup,A549,A228
sup,A549,A178
sup,A549,A614
sup,A549,A657
sup,A549,A226
sup,A549,A469
sup,A549,A86
sup,A549,A230
sup,A549,A82
sup,A549,A620
sup,A549,A484
sup,A549,A564
sup,A549,A37
sup,A549,A90
sup,A555,A383
sup,A556,A677
sup,A556,A281
sup,A556,A241
sup,A556,A416
sup,A556,A145
sup,A557,A797
sup,A557,A151
sup,A557,A773
sup,A557,A215
sup,A557,A16
sup,A557,A504
sup,A557,A544
sup,A557,A755
sup,A557,A735
sup,A557,A604
sup,A557,A527
sup,A560,A431
sup,A560,A702
sup,A560,A753
sup,A560,A788
sup,A560,A565
sup,A560,A402
sup,A561,A376
sup,A561,A46
sup,A561,A253
sup,A561,A798
sup,A561,A731
sup,A561,A631
sup,A561,A693
sup,A561,A706
sup,A561,A339
sup,A561,A637
sup,A561,A667
sup,A561,A779
sup,A561,A718
sup,A564,A300
sup,A564,A275
sup,A564,A482
sup,A564,A30
sup,A564,A653
sup,A564,A774
sup,A564,A375
sup,A567,A486
sup,A567,A213
sup,A567,A66
sup,A567,A172
sup,A567,A624
sup,A567,A210
sup,A568,A461
sup,A569,A3
sup,A569,A155
sup,A569,A36
sup,A569,A675
sup,A569,A124
sup,A569,A10
sup,A569,A742
sup,A569,A174
sup,A571,A766
sup,A571,A86
sup,A571,A540
sup,A571,A738
sup,A571,A334
sup,A571,A694
sup,A571,A558
sup,A571,A345
sup,A571,A655
sup,A571,A24
sup,A571,A471
sup,A571,A212
sup,A572,A380
sup,A572,A30
sup,A572,A221
sup,A572,A631
sup,A572,A741
sup,A572,A476
sup,A574,A733
sup,A574,A415
sup,A574,A795
sup,A574,A162
sup,A574,A644
sup,A574,A56
sup,A574,A217
sup,A574,A704
sup,A575,A62
sup,A575,A704
sup,A575,A472
sup,A575,A205
sup,A575,A493
sup,A575,A343
sup,A575,A147
sup,A576,A98
sup,A576,A667
sup,A577,A681
sup,A577,A318
sup,A577,A688
sup,A577,A743
sup,A581,A681
sup,A581,A433
sup,A582,A686
sup,A582,A369
sup,A582,A643
sup,A582,A752
sup,A582,A717
sup,A582,A184
sup,A582,A194
sup,A582,A409
sup,A582,A102
sup,A582,A356
sup,A582,A320
sup,A582,A264
sup,A583,A22
sup,A583,A326
sup,A583,A765
sup,A583,A12
sup,A583,A658
sup,A583,A64
sup,A583,A680
sup,A586,A576
sup,A586,A463
sup,A586,A773
sup,A586,A17
sup,A586,A403
sup,A586,A135
sup,A586,A179
sup,A586,A84
sup,A586,A476
sup,A586,A253
sup,A586,A567
sup,A586,A380
sup,A587,A494
sup,A587,A231
sup,A587,A114
sup,A587,A697
sup,A587,A737
sup,A587,A717
sup,A587,A286
sup,A587,A476
sup,A590,A393
sup,A590,A437
sup,A590,A335
sup,A590,A415
sup,A590,A50
sup,A590,A130
sup,A590,A699
sup,A590,A432
sup,A590,A733
sup,A591,A589
sup,A591,A97
sup,A591,A117
sup,A591,A367
sup,A591,A580
sup,A591,A196
sup,A591,A108
sup,A591,A283
sup,A591,A195
sup,A591,A606
sup,A591,A8
sup,A591,A417
sup,A591,A539
sup,A591,A109
sup,A591,A470
sup,A591,A205
sup,A591,A586
sup,A591,A64
sup,A591,A503
sup,A591,A673
sup,A592,A401
sup,A593,A503
sup,A593,A753
sup,A593,A93
sup,A593,A763
sup,A593,A406
sup,A593,A742
sup,A593,A480
sup,A593,A64
sup,A596,A122
sup,A596,A508
sup,A596,A287
sup,A596,A29
sup,A597,A79
sup,A597,A230
sup,A597,A448
sup,A597,A319
sup,A597,A73
sup,A597,A763
sup,A597,A34
sup,A601,A147
sup,A601,A211
sup,A601,A36
sup,A601,A619
sup,A601,A495
sup,A601,A138
sup,A601,A92
sup,A601,A80
sup,A601,A351
sup,A601,A54
sup,A603,A212
sup,A603,A356
sup,A603,A764
sup,A603,A194
sup,A603,A55
sup,A603,A48
sup,A603,A59
sup,A603,A264
sup,A603,A610
sup,A603,A334
sup,A604,A188
sup,A605,A721
sup,A605,A708
sup,A605,A244
sup,A605,A7
sup,A605,A796
sup,A605,A29
sup,A605,A92
sup,A605,A522
sup,A605,A486
sup,A606,A427
sup,A606,A434
sup,A606,A720
sup,A606,A445
sup,A606,A274
sup,A606,A510
sup,A606,A581
sup,A606,A157
sup,A606,A523
sup,A606,A273
sup,A606,A502
sup,A606,A232
sup,A606,A783
sup,A608,A109
sup,A608,A29
sup,A608,A651
sup,A608,A455
sup,A608,A309
sup,A608,A636
sup,A608,A389
sup,A608,A578
sup,A608,A747
sup,A608,A767
sup,A608,A0
sup,A608,A599
sup,A610,A147
sup,A610,A547
sup,A610,A80
sup,A610,A185
sup,A610,A717
sup,A610,A255
sup,A610,A626
sup,A610,A662
sup,A610,A628
sup,A610,A784
sup,A610,A737
sup,A610,A237
sup,A610,A89
sup,A610,A647
sup,A611,A277
sup,A611,A139
sup,A611,A311
sup,A611,A701
sup,A612,A642
sup,A612,A73
sup,A612,A8
sup,A612,A49
sup,A612,A392
sup,A612,A273
sup,A612,A419
sup,A612,A299
sup,A612,A45
sup,A612,A797
sup,A612,A261
sup,A612,A175
sup,A612,A352
sup,A612,A564
sup,A612,A21
sup,A612,A65
sup,A614,A595
sup,A614,A599
sup,A614,A157
sup,A614,A505
sup,A614,A591
sup,A614,A662
sup,A614,A384
sup,A617,A100
sup,A617,A473
sup,A617,A673
sup,A617,A537
sup,A618,A329
sup,A618,A553
sup,A618,A523
sup,A618,A709
sup,A618,A490
sup,A618,A353
sup,A618,A624
sup,A618,A193
sup,A618,A748
sup,A618,A114
sup,A618,A784
sup,A618,A112
sup,A618,A407
sup,A618,A217
sup,A618,A759
sup,A618,A129
sup,A619,A754
sup,A619,A309
sup,A619,A109
sup,A619,A533
sup,A619,A371
sup,A619,A506
sup,A619,A633
sup,A619,A483
sup,A622,A90
sup,A622,A213
sup,A622,A293
sup,A622,A688
sup,A622,A191
sup,A622,A627
sup,A622,A318
sup,A622,A473
sup,A622,A514
sup,A623,A12
sup,A623,A603
sup,A624,A101
sup,A624,A19
sup,A624,A237
sup,A624,A56
sup,A624,A225
sup,A624,A634
sup,A624,A29
sup,A624,A699
sup,A624,A610
sup,A624,A797
sup,A624,A41
sup,A624,A3
sup,A624,A40
sup,A624,A62
sup,A625,A591
sup,A625,A273
sup,A625,A417
sup,A625,A557
sup,A625,A444
sup,A625,A284
sup,A625,A724
sup,A626,A175
sup,A626,A573
sup,A626,A405
sup,A626,A4
sup,A626,A783
sup,A626,A408
sup,A626,A211
sup,A626,A685
sup,A626,A541
sup,A626,A432
sup,A626,A180
sup,A626,A115
sup,A626,A454
sup,A628,A302
sup,A628,A786
sup,A628,A95
sup,A628,A212
sup,A628,A436
sup,A628,A326
sup,A628,A2
sup,A629,A489
sup,A629,A308
sup,A629,A639
sup,A629,A273
sup,A629,A377
sup,A629,A199
sup,A629,A501
sup,A629,A485
sup,A633,A676
sup,A634,A420
sup,A634,A124
sup,A634,A230
sup,A634,A339
sup,A634,A147
sup,A634,A256
sup,A634,A449
sup,A634,A503
sup,A634,A466
sup,A634,A203
sup,A634,A374
sup,A634,A248
sup,A635,A413
sup,A635,A288
sup,A635,A654
sup,A636,A565
sup,A636,A511
sup,A636,A781
sup,A636,A8
sup,A636,A593
sup,A637,A301
sup,A637,A558
sup,A638,A755
sup,A638,A692
sup,A638,A669
sup,A638,A34
sup,A638,A711
sup,A638,A765
sup,A638,A401
sup,A638,A402
sup,A638,A35
sup,A638,A230
sup,A638,A298
sup,A645,A475
sup,A645,A625
sup,A645,A49
sup,A645,A170
sup,A645,A187
sup,A645,A566
sup,A645,A781
sup,A645,A320
sup,A645,A788
sup,A645,A619
sup,A645,A364
sup,A645,A795
sup,A645,A761
sup,A645,A158
sup,A645,A173
sup,A645,A203
sup,A646,A74
sup,A646,A486
sup,A646,A601
sup,A647,A238
sup,A647,A446
sup,A647,A766
sup,A647,A184
sup,A647,A174
sup,A647,A296
sup,A648,A721
sup,A648,A151
sup,A648,A663
sup,A648,A469
sup,A648,A338
sup,A648,A546
sup,A648,A593
sup,A648,A172
sup,A648,A323
sup,A653,A718
sup,A653,A289
sup,A653,A617
sup,A653,A218
sup,A653,A549
sup,A653,A149
sup,A653,A760
sup,A653,A110
sup,A653,A619
sup,A653,A143
sup,A653,A726
sup,A653,A40
sup,A653,A615
sup,A654,A175
sup,A654,A196
sup,A654,A446
sup,A654,A168
sup,A654,A78
sup,A654,A252
sup,A654,A276
sup,A654,A647
sup,A655,A633
sup,A655,A479
sup,A655,A624
sup,A655,A138
sup,A655,A674
sup,A655,A2
sup,A655,A658
sup,A655,A533
sup,A655,A246
sup,A656,A102
sup,A659,A99
sup,A659,A12
sup,A659,A542
sup,A659,A249
sup,A659,A781
sup,A659,A315
sup,A659,A619
sup,A659,A123
sup,A659,A366
sup,A659,A290
sup,A659,A149
sup,A659,A547
sup,A660,A395
sup,A661,A336
sup,A661,A603
sup,A661,A518
sup,A661,A236
sup,A661,A670
sup,A661,A261
sup,A661,A532
sup,A661,A472
sup,A661,A27
sup,A665,A247
sup,A665,A210
sup,A665,A748
sup,A665,A486
sup,A665,A42
sup,A665,A569
sup,A665,A365
sup,A669,A528
sup,A669,A104
sup,A669,A476
sup,A669,A719
sup,A669,A299
sup,A669,A685
sup,A669,A509
sup,A669,A413
sup,A671,A490
sup,A671,A162
sup,A671,A393
sup,A671,A756
sup,A671,A218
sup,A671,A390
sup,A671,A341
sup,A671,A620
sup,A671,A227
sup,A671,A91
sup,A671,A186
sup,A671,A21
sup,A675,A339
sup,A675,A435
sup,A675,A646
sup,A677,A331
sup,A677,A735
sup,A677,A178
sup,A681,A191
sup,A681,A404
sup,A681,A765
sup,A682,A115
sup,A682,A233
sup,A682,A701
sup,A682,A89
sup,A682,A23
sup,A682,A759
sup,A682,A119
sup,A682,A182
sup,A682,A399
sup,A683,A406
sup,A683,A301
sup,A683,A243
sup,A683,A170
sup,A683,A51
sup,A683,A179
sup,A683,A113
sup,A683,A218
sup,A683,A562
sup,A683,A94
sup,A683,A411
sup,A683,A480
sup,A683,A451
sup,A688,A50
sup,A688,A660
sup,A688,A543
sup,A688,A791
sup,A688,A717
sup,A688,A480
sup,A688,A762
sup,A689,A499
sup,A689,A358
sup,A689,A232
sup,A689,A553
sup,A689,A453
sup,A689,A557
sup,A689,A449
sup,A689,A45
sup,A689,A160
sup,A690,A668
sup,A693,A55
sup,A693,A383
sup,A693,A549
sup,A693,A129
sup,A693,A257
sup,A693,A159
sup,A693,A542
sup,A693,A264
sup,A695,A433
sup,A695,A705
sup,A695,A586
sup,A695,A620
sup,A695,A35
sup,A695,A257
sup,A695,A728
sup,A700,A166
sup,A700,A25
sup,A700,A605
sup,A700,A34
sup,A700,A719
sup,A700,A433
sup,A700,A571
sup,A700,A91
sup,A700,A404
sup,A702,A728
sup,A702,A227
sup,A702,A699
sup,A702,A750
sup,A702,A209
sup,A704,A235
sup,A704,A564
sup,A704,A336
sup,A704,A93
sup,A704,A5
sup,A704,A373
sup,A704,A224
sup,A704,A289
sup,A704,A530
sup,A704,A591
sup,A704,A670
sup,A704,A742
sup,A704,A650
sup,A704,A525
sup,A704,A287
sup,A704,A515
sup,A705,A316
sup,A705,A196
sup,A705,A530
sup,A705,A111
sup,A705,A349
sup,A705,A279
sup,A705,A114
sup,A705,A237
sup,A707,A227
sup,A707,A249
sup,A707,A267
sup,A707,A505
sup,A707,A751
sup,A708,A140
sup,A708,A679
sup,A708,A379
sup,A708,A387
sup,A708,A18
sup,A708,A366
sup,A708,A223
sup,A708,A241
sup,A708,A597
sup,A708,A340
sup,A708,A671
sup,A708,A288
sup,A708,A624
sup,A709,A326
sup,A709,A634
sup,A709,A123
sup,A709,A184
sup,A709,A41
sup,A709,A205
sup,A709,A565
sup,A709,A533
sup,A709,A206
sup,A709,A119
sup,A709,A445
sup,A709,A503
sup,A709,A305
sup,A709,A114
sup,A710,A7
sup,A710,A285
sup,A710,A611
sup,A710,A67
sup,A710,A454
sup,A710,A185
sup,A710,A261
sup,A710,A430
sup,A710,A738
sup,A710,A612
sup,A710,A733
sup,A712,A631
sup,A712,A201
sup,A712,A84
sup,A715,A609
sup,A720,A277
sup,A720,A635
sup,A720,A454
sup,A720,A680
sup,A721,A714
sup,A721,A680
sup,A721,A236
sup,A721,A111
sup,A721,A188
sup,A721,A172
sup,A721,A595
sup,A721,A774
sup,A721,A534
sup,A721,A241
sup,A721,A368
sup,A721,A621
sup,A721,A140
sup,A723,A44
sup,A724,A356
sup,A724,A294
sup,A724,A600
sup,A724,A574
sup,A724,A293
sup,A724,A683
sup,A724,A553
sup,A724,A582
sup,A724,A612
sup,A724,A478
sup,A724,A706
sup,A724,A434
sup,A724,A190
sup,A725,A179
sup,A725,A476
sup,A727,A723
sup,A727,A97
sup,A728,A60
sup,A728,A421
sup,A728,A268
sup,A728,A501
sup,A728,A303
sup,A728,A592
sup,A728,A752
sup,A736,A135
sup,A736,A179
sup,A736,A782
sup,A736,A538
sup,A736,A79
sup,A736,A542
sup,A736,A436
sup,A736,A732
sup,A736,A121
sup,A736,A193
sup,A736,A91
sup,A736,A255
sup,A736,A437
sup,A736,A705
sup,A736,A683
sup,A736,A230
sup,A736,A273
sup,A741,A782
sup,A741,A424
sup,A741,A43
sup,A741,A270
sup,A741,A77
sup,A741,A255
sup,A741,A152
sup,A741,A484
sup,A741,A602
sup,A741,A25
sup,A741,A298
sup,A741,A518
sup,A747,A179
sup,A747,A140
sup,A747,A613
sup,A747,A446
sup,A747,A485
sup,A747,A101
sup,A747,A27
sup,A747,A619
sup,A747,A30
sup,A747,A692
sup,A747,A181
sup,A748,A166
sup,A748,A264
sup,A748,A276
sup,A748,A759
sup,A748,A559
sup,A748,A498
sup,A749,A459
sup,A749,A562
sup,A749,A283
sup,A749,A232
sup,A749,A554
sup,A749,A285
sup,A749,A632
sup,A749,A521
sup,A749,A45
sup,A749,A44
sup,A749,A96
sup,A750,A765
sup,A750,A763
sup,A750,A20
sup,A750,A325
sup,A750,A343
sup,A750,A450
sup,A750,A317
sup,A750,A169
sup,A750,A401
sup,A750,A216
sup,A750,A341
sup,A750,A640
sup,A750,A29
sup,A750,A391
sup,A750,A794
sup,A751,A481
sup,A751,A302
sup,A751,A384
sup,A751,A734
sup,A751,A416
sup,A751,A461
sup,A751,A533
sup,A751,A540
sup,A759,A11
sup,A759,A61
sup,A760,A113
sup,A760,A180
sup,A760,A399
sup,A760,A523
sup,A760,A206
sup,A760,A34
sup,A760,A136
sup,A760,A672
sup,A760,A454
sup,A760,A364
sup,A760,A24
sup,A761,A57
sup,A761,A410
sup,A761,A519
sup,A761,A207
sup,A761,A224
sup,A761,A169
sup,A761,A307
sup,A761,A684
sup,A761,A737
sup,A761,A129
sup,A763,A275
sup,A767,A714
sup,A767,A394
sup,A767,A275
sup,A767,A678
sup,A768,A546
sup,A768,A323
sup,A768,A556
sup,A768,A791
sup,A768,A725
sup,A768,A372
sup,A768,A430
sup,A768,A1
sup,A768,A704
sup,A768,A251
sup,A768,A604
sup,A768,A402
sup,A768,A510
sup,A768,A158
sup,A768,A349
sup,A769,A171
sup,A769,A437
sup,A769,A136
sup,A769,A663
sup,A769,A750
sup,A769,A175
sup,A769,A250
sup,A769,A509
sup,A772,A710
sup,A772,A259
sup,A772,A462
sup,A772,A97
sup,A772,A426
sup,A772,A192
sup,A772,A271
sup,A772,A649
sup,A772,A236
sup,A772,A321
sup,A772,A286
sup,A774,A741
sup,A774,A608
sup,A774,A301
sup,A774,A202
sup,A774,A792
sup,A777,A278
sup,A777,A669
sup,A777,A302
sup,A777,A349
sup,A778,A432
sup,A778,A454
sup,A778,A517
sup,A778,A549
sup,A779,A724
sup,A779,A315
sup,A779,A587
sup,A779,A656
sup,A779,A438
sup,A779,A696
sup,A779,A709
sup,A779,A88
sup,A779,A787
sup,A779,A178
sup,A779,A353
sup,A779,A478
sup,A779,A771
sup,A779,A545
sup,A779,A49
sup,A780,A405
sup,A781,A518
sup,A781,A179
sup,A781,A60
sup,A781,A107
sup,A781,A149
sup,A781,A438
sup,A782,A723
sup,A782,A650
sup,A782,A389
sup,A782,A501
sup,A782,A545
sup,A782,A615
sup,A782,A477
sup,A782,A208
sup,A782,A658
sup,A782,A622
sup,A782,A217
sup,A785,A31
sup,A785,A530
sup,A785,A396
sup,A785,A793
sup,A785,A325
sup,A786,A151
sup,A786,A120
sup,A786,A112
sup,A786,A468
sup,A786,A513
sup,A786,A601
sup,A786,A247
sup,A786,A36
sup,A786,A73
sup,A786,A206
sup,A786,A312
sup,A786,A659
sup,A787,A553
sup,A787,A45
sup,A787,A24
sup,A787,A220
sup,A787,A582
sup,A787,A461
sup,A787,A187
sup,A787,A75
sup,A787,A167
sup,A789,A392
sup,A789,A300
sup,A789,A649
sup,A789,A373
sup,A789,A522
sup,A794,A770
sup,A794,A694
sup,A794,A444
sup,A794,A418
sup,A794,A425
sup,A794,A117
sup,A794,A442
sup,A794,A620
sup,A794,A66
sup,A794,A32
sup,A794,A262
sup,A796,A695
sup,A796,A498
sup,A796,A768
sup,A796,A731
sup,A796,A506
sup,A796,A126
sup,A796,A566
sup,A796,A331
sup,A796,A282
att,A0,A1
att,A1,A2
att,A2,A3
att,A3,A0
att,A4,A5
att,A5,A6
att,A6,A7
att,A7,A4
att,A25,A26
att,A26,A27
att,A27,A28
att,A28,A29
att,A29,A30
att,A30,A31
att,A31,A32
att,A32,A33
att,A33,A34
att,A34,A35
att,A35,A36
att,A36,A37
att,A37,A38
att,A38,A39
att,A39,A40
att,A40,A41
att,A41,A25
att,A73,A74
att,A74,A75
att,A75,A76
att,A77,A78
att,A79,A80
att,A81,A82
att,A82,A83
att,A85,A86
att,A88,A89
att,A90,A91
att,A92,A93
att,A93,A94
att,A94,A95
att,A121,A122
att,A122,A123
att,A123,A124
att,A124,A125
att,A125,A126
att,A126,A127
att,A127,A128
att,A128,A129
att,A129,A130
att,A130,A131
att,A131,A121
att,A132,A133
att,A135,A136
att,A137,A138
att,A138,A139
att,A139,A140
att,A142,A143
att,A143,A144
att,A192,A193
att,A193,A194
att,A194,A195
att,A195,A196
att,A196,A197
att,A197,A198
att,A198,A199
att,A199,A200
att,A200,A201
att,A201,A202
att,A202,A203
att,A203,A204
att,A204,A205
att,A205,A206
att,A206,A207
att,A207,A192
att,A208,A209
att,A209,A210
att,A218,A219
att,A221,A222
att,A227,A228
att,A233,A208
att,A234,A235
att,A238,A239
att,A239,A240
att,A242,A243
att,A243,A244
att,A244,A245
att,A245,A246
att,A246,A247
att,A247,A248
att,A248,A249
att,A251,A252
att,A253,A254
att,A254,A255
att,A255,A256
att,A256,A257
att,A258,A259
att,A261,A262
att,A262,A263
att,A263,A264
att,A264,A265
att,A265,A266
att,A266,A267
att,A267,A261
att,A268,A269
att,A269,A270
att,A270,A271
att,A271,A272
att,A272,A273
att,A274,A275
att,A276,A277
att,A279,A280
att,A281,A282
att,A283,A284
att,A286,A287
att,A292,A293
att,A294,A295
att,A295,A296
att,A296,A297
att,A297,A298
att,A298,A299
att,A299,A300
att,A300,A301
att,A309,A310
att,A310,A311
att,A312,A313
att,A313,A314
att,A314,A315
att,A318,A319
att,A322,A323
att,A325,A326
att,A327,A328
att,A334,A335
att,A335,A336
att,A337,A338
att,A338,A339
att,A339,A340
att,A340,A321
att,A341,A342
att,A343,A344
att,A345,A346
att,A346,A347
att,A349,A350
att,A351,A352
att,A352,A353
att,A354,A355
att,A355,A356
att,A356,A357
att,A359,A360
att,A362,A363
att,A363,A364
att,A366,A367
att,A367,A368
att,A369,A370
att,A370,A371
att,A375,A376
att,A377,A378
att,A378,A366
att,A380,A381
att,A381,A382
att,A382,A383
att,A383,A384
att,A386,A379
att,A389,A390
att,A390,A391
att,A392,A393
att,A395,A396
att,A397,A398
att,A401,A402
att,A404,A405
att,A405,A406
att,A406,A387
att,A407,A408
att,A409,A410
att,A411,A412
att,A412,A413
att,A416,A417
att,A417,A418
att,A418,A419
att,A420,A421
att,A423,A424
att,A426,A427
att,A429,A430
att,A431,A432
att,A433,A434
att,A434,A435
att,A435,A436
att,A437,A438
att,A439,A440
att,A440,A441
att,A445,A420
att,A471,A472
att,A472,A473
att,A473,A474
att,A474,A475
att,A475,A476
att,A476,A477
att,A477,A478
att,A478,A479
att,A479,A480
att,A480,A481
att,A481,A482
att,A482,A483
att,A483,A484
att,A484,A485
att,A485,A486
att,A486,A487
att,A487,A488
att,A488,A489
att,A489,A490
att,A490,A471
att,A500,A501
att,A501,A502
att,A503,A504
att,A508,A509
att,A509,A510
att,A512,A513
att,A514,A515
att,A518,A499
att,A519,A520
att,A521,A522
att,A523,A524
att,A524,A525
att,A527,A528
att,A532,A533
att,A535,A536
att,A540,A541
att,A541,A542
att,A544,A519
att,A558,A559
att,A559,A560
att,A561,A562
att,A562,A563
att,A564,A565
att,A565,A566
att,A566,A567
att,A567,A568
att,A569,A570
att,A570,A571
att,A572,A573
att,A573,A574
att,A575,A556
att,A601,A602
att,A603,A604
att,A604,A605
att,A605,A606
att,A606,A601
att,A613,A614
att,A615,A616
att,A616,A607
att,A617,A618
att,A618,A619
att,A619,A620
att,A620,A621
att,A621,A622
att,A622,A623
att,A623,A624
att,A624,A625
att,A625,A626
att,A626,A627
att,A627,A628
att,A628,A629
att,A629,A630
att,A630,A631
att,A631,A632
att,A632,A633
att,A633,A634
att,A634,A635
att,A635,A636
att,A636,A637
att,A637,A638
att,A638,A639
att,A639,A640
att,A640,A641
att,A641,A642
att,A642,A617
att,A697,A698
att,A698,A699
att,A699,A700
att,A702,A703
att,A704,A705
att,A705,A706
att,A710,A711
att,A711,A712
att,A712,A713
att,A713,A714
att,A714,A715
att,A718,A719
att,A719,A720
att,A733,A734
att,A734,A735
att,A735,A736
att,A736,A737
att,A737,A738
att,A738,A733
att,A764,A765
att,A765,A766
att,A766,A767
att,A767,A768
att,A768,A769
att,A769,A770
att,A770,A771
att,A771,A772
att,A772,A773
att,A773,A774
att,A774,A775
att,A775,A776
att,A776,A777
att,A777,A778
att,A778,A779
att,A779,A780
att,A780,A781
att,A781,A782
att,A782,A783
att,A783,A784
att,A784,A785
att,A785,A786
att,A786,A787
att,A787,A788
att,A788,A789
att,A789,A790
att,A790,A764
att,A796,A797
att,A797,A798
att,A798,A796
att,A799,A799
att,A3,A4
att,A7,A8
att,A72,A73
att,A98,A99
att,A120,A121
att,A131,A132
att,A182,A183
att,A191,A192
att,A260,A261
att,A267,A268
att,A293,A294
att,A320,A321
att,A365,A366
att,A386,A387
att,A406,A407
att,A445,A446
att,A470,A471
att,A518,A519
att,A548,A549
att,A575,A576
att,A600,A601
att,A606,A607
att,A616,A617
att,A663,A664
att,A721,A722
att,A742,A743
att,A795,A796
att,A799,A400
att,A3,A423
att,A3,A648
att,A3,A341
att,A3,A280
att,A3,A798
att,A3,A758
att,A3,A786
att,A4,A425
att,A4,A206
att,A4,A458
att,A4,A410
att,A4,A762
att,A4,A259
att,A4,A111
att,A8,A688
att,A8,A597
att,A8,A30
att,A8,A727
att,A8,A251
att,A8,A442
att,A8,A317
att,A8,A549
att,A8,A203
att,A8,A419
att,A8,A12
att,A8,A414
att,A8,A291
att,A8,A68
att,A8,A186
att,A12,A22
att,A12,A215
att,A12,A669
att,A12,A533
att,A12,A770
att,A12,A265
att,A12,A799
att,A12,A453
att,A12,A299
att,A12,A476
att,A12,A26
att,A13,A565
att,A13,A772
att,A13,A425
att,A13,A548
att,A13,A675
att,A13,A112
att,A17,A557
att,A17,A224
att,A17,A205
att,A17,A541
att,A17,A588
att,A17,A349
att,A17,A582
att,A17,A88
att,A17,A37
att,A17,A370
att,A17,A280
att,A18,A426
att,A18,A541
att,A18,A214
att,A18,A673
att,A18,A732
att,A21,A709
att,A21,A282
att,A21,A23
att,A21,A603
att,A21,A731
att,A21,A567
att,A21,A669
att,A21,A616
att,A29,A225
att,A29,A383
att,A29,A719
att,A29,A541
att,A29,A647
att,A29,A394
att,A29,A774
att,A29,A630
att,A29,A555
att,A30,A143
att,A30,A396
att,A30,A737
att,A30,A118
att,A30,A347
att,A30,A543
att,A30,A530
att,A30,A178
att,A30,A633
att,A30,A220
att,A30,A240
att,A31,A550
att,A31,A646
att,A31,A14
att,A31,A17
att,A31,A623
att,A33,A642
att,A33,A221
att,A33,A437
att,A33,A244
att,A33,A167
att,A33,A14
att,A33,A498
att,A33,A516
att,A33,A461
att,A33,A551
att,A33,A412
att,A33,A9
att,A35,A452
att,A35,A289
att,A35,A611
att,A35,A650
att,A35,A366
att,A35,A428
att,A35,A356
att,A35,A638
att,A35,A67
att,A36,A570
att,A36,A485
att,A36,A69
att,A36,A201
att,A36,A17
att,A36,A504
att,A36,A115
att,A36,A798
att,A36,A110
att,A36,A559
att,A36,A427
att,A36,A551
att,A37,A655
att,A37,A690
att,A37,A590
att,A37,A10
att,A37,A575
att,A37,A602
att,A37,A207
att,A37,A246
att,A37,A647
att,A37,A427
att,A37,A431
att,A37,A600
att,A37,A253
att,A37,A90
att,A37,A536
att,A37,A426
att,A37,A638
att,A37,A738
att,A37,A323
att,A38,A549
att,A38,A350
att,A38,A449
att,A38,A143
att,A38,A518
att,A38,A156
att,A38,A796
att,A38,A757
att,A38,A182
att,A38,A523
att,A38,A255
att,A38,A194
att,A38,A761
att,A38,A786
att,A40,A217
att,A40,A180
att,A40,A450
att,A40,A452
att,A40,A400
att,A40,A730
att,A40,A37
att,A40,A538
att,A40,A720
att,A40,A184
att,A40,A273
att,A40,A601
att,A40,A438
att,A40,A766
att,A40,A365
att,A41,A491
att,A41,A580
att,A41,A581
att,A41,A321
att,A41,A195
att,A41,A630
att,A43,A121
att,A43,A58
att,A43,A149
att,A43,A250
att,A43,A351
att,A43,A345
att,A43,A613
att,A45,A553
att,A45,A513
att,A45,A728
att,A45,A102
att,A45,A13
att,A45,A353
att,A45,A402
att,A45,A615
att,A45,A723
att,A45,A436
att,A46,A365
att,A46,A609
att,A46,A69
att,A46,A275
att,A46,A218
att,A46,A492
att,A46,A433
att,A46,A725
att,A46,A592
att,A46,A452
att,A46,A727
att,A47,A233
att,A47,A519
att,A47,A370
att,A47,A99
att,A47,A762
att,A47,A217
att,A47,A412
att,A47,A729
att,A47,A790
att,A47,A644
att,A47,A467
att,A47,A340
att,A47,A365
att,A48,A527
att,A48,A709
att,A48,A633
att,A48,A321
att,A49,A201
att,A49,A223
att,A49,A740
att,A49,A236
att,A49,A364
att,A49,A117
att,A49,A349
att,A49,A422
att,A52,A643
att,A52,A22
att,A53,A699
att,A53,A231
att,A53,A395
att,A53,A72
att,A53,A64
att,A53,A59
att,A53,A513
att,A53,A171
att,A53,A172
att,A53,A517
att,A53,A508
att,A53,A367
att,A59,A194
att,A59,A770
att,A59,A685
att,A59,A206
att,A59,A221
att,A59,A683
att,A59,A356
att,A59,A403
att,A59,A689
att,A59,A544
att,A61,A738
att,A61,A739
att,A61,A366
att,A61,A441
att,A61,A620
att,A61,A395
att,A61,A623
att,A61,A748
att,A61,A579
att,A63,A528
att,A63,A501
att,A65,A365
att,A65,A33
att,A65,A109
att,A65,A468
att,A65,A112
att,A65,A483
att,A65,A474
att,A67,A625
att,A67,A219
att,A67,A365
att,A67,A513
att,A67,A624
att,A67,A14
att,A67,A372
att,A67,A346
att,A68,A791
att,A68,A360
att,A68,A412
att,A68,A551
att,A68,A509
att,A68,A376
att,A68,A543
att,A68,A711
att,A69,A208
att,A69,A441
att,A69,A214
att,A69,A381
att,A69,A181
att,A69,A213
att,A69,A409
att,A69,A586
att,A69,A349
att,A73,A305
att,A73,A760
att,A73,A221
att,A73,A292
att,A73,A51
att,A73,A69
att,A73,A511
att,A73,A694
att,A73,A630
att,A73,A778
att,A73,A352
att,A75,A224
att,A75,A572
att,A75,A619
att,A75,A366
att,A75,A255
att,A75,A174
att,A75,A730
att,A75,A286
att,A75,A636
att,A75,A379
att,A76,A231
att,A76,A134
att,A76,A687
att,A76,A762
att,A77,A480
att,A77,A80
att,A77,A584
att,A77,A109
att,A77,A214
att,A77,A394
att,A77,A373
att,A77,A441
att,A77,A245
att,A81,A727
att,A81,A444
att,A81,A674
att,A81,A406
att,A81,A359
att,A81,A182
att,A81,A441
att,A82,A592
att,A82,A572
att,A82,A789
att,A82,A128
att,A82,A106
att,A82,A21
att,A82,A14
att,A82,A60
att,A82,A31
att,A82,A8
att,A82,A568
att,A82,A625
att,A82,A55
att,A82,A498
att,A82,A293
att,A83,A697
att,A83,A383
att,A83,A614
att,A83,A679
att,A83,A607
att,A83,A97
att,A83,A725
att,A84,A143
att,A84,A505
att,A84,A410
att,A84,A205
att,A84,A520
att,A85,A257
att,A85,A581
att,A85,A525
att,A85,A780
att,A85,A516
att,A85,A452
att,A85,A562
att,A86,A201
att,A86,A688
att,A86,A178
att,A86,A675
att,A86,A10
att,A86,A145
att,A87,A374
att,A87,A672
att,A87,A712
att,A87,A624
att,A87,A258
att,A87,A679
att,A87,A472
att,A87,A305
att,A87,A402
att,A87,A75
att,A87,A696
att,A87,A128
att,A87,A418
att,A87,A270
att,A88,A791
att,A88,A511
att,A88,A774
att,A88,A191
att,A91,A585
att,A91,A166
att,A91,A752
att,A91,A338
att,A91,A204
att,A91,A572
att,A91,A555
att,A91,A138
att,A91,A670
att,A91,A436
att,A94,A21
att,A94,A48
att,A94,A89
att,A94,A519
att,A94,A100
att,A95,A510
att,A95,A365
att,A95,A791
att,A97,A54
att,A103,A205
att,A103,A446
att,A103,A795
att,A103,A632
att,A103,A102
att,A103,A662
att,A103,A393
att,A103,A13
att,A104,A528
att,A104,A137
att,A104,A389
att,A104,A68
att,A106,A162
att,A106,A149
att,A106,A51
att,A106,A299
att,A106,A648
att,A108,A665
att,A108,A721
att,A108,A112
att,A108,A763
att,A108,A498
att,A108,A203
att,A108,A529
att,A108,A340
att,A109,A188
att,A109,A78
att,A109,A598
att,A109,A303
att,A109,A530
att,A109,A473
att,A109,A363
att,A109,A20
att,A109,A613
att,A109,A712
att,A109,A645
att,A109,A387
att,A109,A267
att,A109,A488
att,A109,A340
att,A111,A587
att,A111,A726
att,A111,A461
att,A111,A598
att,A111,A512
att,A113,A721
att,A113,A510
att,A113,A612
att,A113,A148
att,A113,A662
att,A113,A311
att,A113,A331
att,A113,A163
att,A115,A588
att,A115,A238
att,A115,A408
att,A115,A705
att,A115,A661
att,A115,A435
att,A115,A646
att,A117,A662
att,A117,A586
att,A117,A450
att,A117,A293
att,A117,A347
att,A117,A437
att,A117,A743
att,A117,A363
att,A117,A271
att,A117,A691
att,A117,A640
att,A117,A452
att,A118,A448
att,A118,A208
att,A118,A507
att,A118,A479
att,A119,A573
att,A119,A19
att,A119,A449
att,A119,A614
att,A119,A756
att,A119,A782
att,A119,A592
att,A119,A522
att,A119,A688
att,A119,A609
att,A122,A592
att,A122,A601
att,A122,A461
att,A122,A700
att,A123,A287
att,A123,A449
att,A123,A216
att,A123,A277
att,A123,A655
att,A123,A410
att,A123,A390
att,A123,A348
att,A123,A380
att,A123,A286
att,A123,A791
att,A123,A601
att,A131,A7
att,A131,A315
att,A131,A582
att,A131,A736
att,A131,A238
att,A131,A355
att,A131,A792
att,A131,A44
att,A131,A555
att,A131,A644
att,A131,A202
att,A131,A431
att,A131,A305
att,A133,A420
att,A133,A612
att,A133,A546
att,A133,A324
att,A133,A676
att,A133,A320
att,A133,A651
att,A133,A402
att,A133,A566
att,A133,A790
att,A133,A299
att,A133,A431
att,A134,A676
att,A134,A95
att,A134,A16
att,A134,A122
att,A134,A375
att,A134,A47
att,A134,A155
att,A134,A799
att,A135,A461
att,A135,A620
att,A135,A396
att,A140,A171
att,A140,A582
att,A141,A372
att,A141,A346
att,A141,A650
att,A141,A101
att,A141,A83
att,A141,A743
att,A141,A691
att,A141,A22
att,A141,A439
att,A141,A354
att,A145,A290
att,A145,A731
att,A145,A474
att,A145,A411
att,A145,A564
att,A145,A413
att,A145,A687
att,A145,A241
att,A145,A399
att,A145,A414
att,A145,A551
att,A149,A260
att,A149,A697
att,A150,A203
att,A150,A587
att,A150,A334
att,A150,A166
att,A150,A105
att,A152,A578
att,A153,A359
att,A153,A86
att,A153,A91
att,A153,A716
att,A153,A626
att,A153,A71
att,A153,A395
att,A154,A611
att,A154,A500
att,A154,A105
att,A154,A253
att,A154,A164
att,A154,A399
att,A154,A524
att,A155,A742
att,A155,A135
att,A155,A257
att,A155,A330
att,A155,A175
att,A155,A648
att,A155,A529
att,A155,A150
att,A155,A566
att,A155,A287
att,A155,A10
att,A155,A765
att,A156,A509
att,A156,A608
att,A156,A633
att,A156,A248
att,A156,A270
att,A156,A408
att,A156,A390
att,A156,A6
att,A156,A133
att,A156,A558
att,A156,A114
att,A156,A778
att,A158,A116
att,A158,A313
att,A158,A437
att,A158,A500
att,A158,A401
att,A158,A630
att,A158,A238
att,A158,A124
att,A158,A427
att,A158,A683
att,A158,A495
att,A158,A461
att,A163,A260
att,A163,A172
att,A163,A509
att,A163,A316
att,A163,A220
att,A163,A690
att,A163,A385
att,A167,A765
att,A167,A422
att,A167,A686
att,A167,A397
att,A167,A643
att,A167,A55
att,A169,A795
att,A169,A674
att,A169,A602
att,A169,A318
att,A169,A702
att,A169,A378
att,A169,A718
att,A169,A293
att,A169,A411
att,A169,A125
att,A169,A20
att,A169,A699
att,A169,A329
att,A170,A725
att,A170,A568
att,A170,A173
att,A170,A301
att,A172,A55
att,A172,A25
att,A172,A392
att,A172,A258
att,A179,A16
att,A179,A235
att,A179,A74
att,A179,A485
att,A179,A69
att,A179,A595
att,A179,A651
att,A179,A48
att,A179,A278
att,A179,A406
att,A179,A397
att,A179,A484
att,A179,A689
att,A179,A142
att,A179,A583
att,A180,A364
att,A181,A557
att,A181,A461
att,A182,A222
att,A182,A379
att,A182,A150
att,A182,A319
att,A182,A777
att,A182,A258
att,A182,A606
att,A182,A313
att,A182,A551
att,A182,A566
att,A185,A325
att,A185,A713
att,A185,A201
att,A185,A590
att,A186,A710
att,A186,A100
att,A186,A77
att,A186,A535
att,A186,A672
att,A186,A140
att,A186,A281
att,A186,A145
att,A186,A68
att,A188,A48
att,A188,A282
att,A189,A126
att,A189,A420
att,A189,A771
att,A189,A48
att,A189,A747
att,A193,A252
att,A193,A105
att,A193,A701
att,A193,A33
att,A193,A244
att,A193,A359
att,A193,A733
att,A193,A622
att,A197,A617
att,A197,A236
att,A197,A287
att,A197,A1
att,A197,A717
att,A197,A104
att,A197,A269
att,A197,A558
att,A197,A469
att,A197,A358
att,A197,A501
att,A197,A295
att,A197,A790
att,A197,A732
att,A197,A690
att,A198,A96
att,A198,A773
att,A198,A607
att,A198,A468
att,A198,A449
att,A200,A545
att,A200,A81
att,A200,A313
att,A200,A45
att,A200,A552
att,A200,A763
att,A200,A517
att,A200,A551
att,A200,A644
att,A200,A60
att,A200,A363
att,A205,A313
att,A205,A776
att,A205,A80
att,A205,A516
att,A205,A437
att,A205,A503
att,A205,A229
att,A205,A440
att,A205,A423
att,A205,A709
att,A205,A192
att,A206,A596
att,A206,A732
att,A206,A520
att,A206,A326
att,A206,A73
att,A206,A573
att,A206,A349
att,A206,A327
att,A206,A159
att,A206,A193
att,A206,A725
att,A206,A379
att,A206,A31
att,A206,A769
att,A206,A261
att,A207,A483
att,A207,A170
att,A207,A533
att,A207,A91
att,A207,A140
att,A207,A616
att,A207,A416
att,A207,A737
att,A208,A578
att,A208,A117
att,A208,A713
att,A208,A748
att,A208,A708
att,A208,A777
att,A208,A736
att,A208,A298
att,A208,A91
att,A208,A593
att,A212,A387
att,A212,A664
att,A212,A153
att,A212,A75
att,A212,A4
att,A213,A766
att,A213,A770
att,A213,A147
att,A213,A286
att,A213,A4
att,A213,A150
att,A213,A444
att,A213,A512
att,A213,A288
att,A213,A481
att,A213,A749
att,A213,A13
att,A213,A349
att,A218,A694
att,A218,A626
att,A218,A520
att,A218,A300
att,A218,A39
att,A218,A501
att,A218,A419
att,A218,A475
att,A218,A139
att,A218,A361
att,A221,A532
att,A221,A523
att,A221,A247
att,A221,A210
att,A221,A141
att,A225,A258
att,A225,A102
att,A225,A265
att,A225,A690
att,A225,A192
att,A225,A526
att,A227,A125
att,A227,A789
att,A227,A239
att,A227,A283
att,A227,A534
att,A231,A307
att,A231,A415
att,A231,A719
att,A231,A339
att,A232,A548
att,A232,A651
att,A232,A217
att,A232,A60
att,A232,A34
att,A232,A646
att,A232,A734
att,A232,A188
att,A232,A122
att,A232,A61
att,A232,A12
att,A232,A305
att,A232,A96
att,A232,A360
att,A234,A587
att,A234,A662
att,A234,A638
att,A234,A744
att,A234,A325
att,A234,A617
att,A234,A260
att,A234,A420
att,A234,A589
att,A234,A467
att,A234,A597
att,A234,A320
att,A234,A282
att,A238,A147
att,A238,A436
att,A238,A593
att,A238,A210
att,A238,A33
att,A238,A5
att,A239,A225
att,A239,A51
att,A239,A515
att,A240,A784
att,A240,A178
att,A240,A213
att,A240,A253
att,A240,A7
att,A240,A765
att,A240,A251
att,A240,A43
att,A240,A59
att,A240,A655
att,A242,A617
att,A242,A45
att,A244,A388
att,A244,A657
att,A244,A133
att,A244,A244
att,A244,A136
att,A247,A319
att,A247,A488
att,A247,A246
att,A247,A787
att,A248,A263
att,A248,A561
att,A248,A476
att,A248,A289
att,A248,A566
att,A248,A419
att,A248,A123
att,A248,A260
att,A248,A95
att,A248,A778
att,A248,A688
att,A248,A344
att,A248,A665
att,A253,A285
att,A253,A10
att,A253,A491
att,A253,A743
att,A253,A468
att,A253,A101
att,A253,A686
att,A253,A664
att,A253,A196
att,A253,A379
att,A253,A471
att,A254,A35
att,A254,A50
att,A254,A468
att,A256,A504
att,A256,A499
att,A256,A657
att,A256,A267
att,A256,A28
att,A256,A193
att,A256,A259
att,A256,A536
att,A256,A350
att,A256,A155
att,A256,A255
att,A257,A740
att,A257,A764
att,A257,A621
att,A257,A498
att,A257,A741
att,A257,A514
att,A257,A302
att,A257,A444
att,A257,A723
att,A257,A319
att,A257,A524
att,A257,A287
att,A257,A763
att,A257,A668
att,A257,A590
att,A257,A326
att,A258,A173
att,A258,A641
att,A258,A688
att,A258,A157
att,A260,A211
att,A260,A484
att,A260,A684
att,A260,A600
att,A260,A217
att,A260,A618
att,A260,A518
att,A260,A21
att,A260,A774
att,A260,A756
att,A260,A51
att,A261,A671
att,A261,A63
att,A261,A524
att,A261,A783
att,A261,A239
att,A261,A506
att,A261,A758
att,A261,A197
att,A261,A695
att,A261,A346
att,A261,A261
att,A261,A435
att,A264,A598
att,A264,A734
att,A264,A349
att,A266,A356
att,A266,A512
att,A266,A529
att,A266,A145
att,A266,A331
att,A266,A520
att,A266,A230
att,A266,A85
att,A266,A700
att,A269,A53
att,A269,A279
att,A269,A730
att,A269,A358
att,A269,A348
att,A269,A726
att,A269,A212
att,A269,A763
att,A269,A10
att,A271,A367
att,A271,A25
att,A274,A688
att,A274,A775
att,A274,A571
att,A274,A643
att,A274,A615
att,A274,A153
att,A274,A582
att,A274,A472
att,A275,A526
att,A275,A25
att,A275,A369
att,A275,A565
att,A276,A686
att,A276,A258
att,A276,A313
att,A276,A614
att,A276,A779
att,A276,A761
att,A276,A574
att,A276,A765
att,A277,A129
att,A277,A370
att,A277,A746
att,A277,A241
att,A277,A447
att,A277,A437
att,A277,A0
att,A277,A558
att,A277,A623
att,A278,A33
att,A278,A342
att,A278,A613
att,A278,A238
att,A278,A766
att,A278,A236
att,A278,A413
att,A278,A339
att,A278,A264
att,A278,A341
att,A278,A781
att,A281,A711
att,A281,A214
att,A281,A604
att,A281,A105
att,A281,A197
att,A281,A505
att,A281,A631
att,A281,A4
att,A281,A217
att,A281,A244
att,A282,A768
att,A282,A737
att,A282,A421
att,A282,A795
att,A282,A571
att,A282,A579
att,A283,A209
att,A283,A452
att,A283,A770
att,A283,A352
att,A283,A26
att,A283,A717
att,A285,A537
att,A285,A168
att,A285,A154
att,A285,A356
att,A287,A118
att,A287,A393
att,A287,A677
att,A287,A732
att,A287,A383
att,A287,A183
att,A287,A264
att,A287,A36
att,A287,A175
att,A287,A202
att,A288,A18
att,A288,A653
att,A289,A57
att,A289,A442
att,A289,A408
att,A289,A574
att,A289,A741
att,A289,A778
att,A289,A688
att,A289,A558
att,A289,A453
att,A289,A5
att,A291,A328
att,A291,A38
att,A291,A116
att,A291,A199
att,A291,A57
att,A294,A551
att,A298,A24
att,A298,A438
att,A298,A652
att,A298,A495
att,A298,A138
att,A298,A786
att,A298,A544
att,A298,A101
att,A298,A358
att,A298,A670
att,A300,A795
att,A300,A426
att,A300,A371
att,A300,A284
att,A300,A577
att,A300,A75
att,A301,A108
att,A301,A687
att,A301,A316
att,A302,A342
att,A302,A272
att,A302,A14
att,A307,A486
att,A307,A229
att,A307,A300
att,A309,A304
att,A309,A130
att,A309,A635
att,A309,A419
att,A309,A270
att,A309,A210
att,A309,A64
att,A309,A302
att,A309,A269
att,A309,A47
att,A309,A253
att,A309,A320
att,A309,A469
att,A309,A671
att,A310,A514
att,A310,A212
att,A310,A638
att,A310,A211
att,A310,A507
att,A310,A642
att,A310,A164
att,A310,A535
att,A311,A479
att,A311,A337
att,A311,A650
att,A311,A77
att,A311,A179
att,A312,A798
att,A312,A210
att,A314,A346
att,A314,A408
att,A314,A755
att,A314,A154
att,A314,A799
att,A314,A269
att,A314,A164
att,A314,A137
att,A314,A376
att,A314,A279
att,A314,A370
att,A314,A142
att,A314,A548
att,A314,A132
att,A314,A678
att,A314,A426
att,A314,A574
att,A314,A727
att,A315,A645
att,A315,A467
att,A315,A294
att,A315,A97
att,A315,A244
att,A315,A590
att,A315,A608
att,A315,A670
att,A317,A346
att,A317,A170
att,A317,A376
att,A317,A261
att,A317,A565
att,A317,A413
att,A317,A634
att,A319,A268
att,A319,A558
att,A319,A232
att,A319,A115
att,A319,A424
att,A322,A667
att,A322,A55
att,A322,A494
att,A322,A470
att,A322,A626
att,A322,A304
att,A322,A97
att,A322,A618
att,A322,A457
att,A322,A26
att,A322,A134
att,A322,A714
att,A322,A216
att,A322,A614
att,A322,A798
att,A322,A212
att,A322,A146
att,A322,A605
att,A322,A283
att,A323,A309
att,A323,A90
att,A323,A62
att,A323,A746
att,A323,A158
att,A323,A64
att,A323,A319
att,A323,A632
att,A323,A444
att,A323,A236
att,A323,A733
att,A324,A724
att,A324,A648
att,A324,A460
att,A324,A791
att,A324,A305
att,A324,A106
att,A324,A615
att,A324,A523
att,A324,A26
att,A324,A110
att,A325,A1
att,A325,A0
att,A325,A790
att,A325,A664
att,A325,A277
att,A325,A296
att,A327,A438
att,A327,A575
att,A327,A775
att,A327,A755
att,A327,A91
att,A327,A643
att,A327,A541
att,A327,A469
att,A327,A386
att,A328,A551
att,A328,A472
att,A328,A27
att,A328,A776
att,A328,A293
att,A328,A331
att,A328,A397
att,A332,A603
att,A332,A132
att,A332,A415
att,A332,A572
att,A332,A84
att,A332,A516
att,A332,A100
att,A332,A583
att,A332,A327
att,A332,A380
att,A333,A555
att,A334,A446
att,A334,A159
att,A334,A618
att,A334,A787
att,A336,A160
att,A336,A726
att,A337,A464
att,A337,A638
att,A337,A557
att,A337,A543
att,A337,A510
att,A337,A445
att,A337,A211
att,A337,A290
att,A341,A711
att,A341,A293
att,A341,A472
att,A341,A708
att,A341,A744
att,A341,A336
att,A341,A274
att,A341,A251
att,A341,A720
att,A341,A755
att,A341,A288
att,A342,A666
att,A342,A16
att,A342,A388
att,A343,A713
att,A343,A182
att,A343,A235
att,A343,A567
att,A343,A198
att,A343,A38
att,A343,A302
att,A343,A382
att,A343,A92
att,A343,A207
att,A345,A240
att,A345,A533
att,A345,A326
att,A345,A665
att,A345,A558
att,A345,A764
att,A345,A613
att,A345,A383
att,A345,A305
att,A345,A403
att,A346,A735
att,A346,A613
att,A346,A125
att,A346,A525
att,A346,A453
att,A346,A345
att,A346,A590
att,A346,A45
att,A346,A131
att,A346,A627
att,A349,A560
att,A349,A429
att,A349,A692
att,A349,A50
att,A350,A651
att,A353,A426
att,A353,A140
att,A353,A153
att,A353,A114
att,A353,A544
att,A353,A81
att,A353,A282
att,A353,A543
att,A353,A207
att,A353,A348
att,A353,A48
att,A353,A554
att,A353,A372
att,A354,A472
att,A354,A309
att,A354,A607
att,A354,A450
att,A354,A225
att,A354,A437
att,A354,A47
att,A354,A331
att,A354,A650
att,A354,A348
att,A354,A222
att,A354,A608
att,A357,A241
att,A357,A445
att,A357,A432
att,A357,A288
att,A357,A248
att,A357,A536
att,A363,A782
att,A363,A629
att,A363,A55
att,A363,A256
att,A363,A659
att,A363,A133
att,A363,A92
att,A363,A228
att,A363,A127
att,A363,A188
att,A363,A534
att,A363,A755
att,A363,A446
att,A363,A740
att,A363,A796
att,A364,A53
att,A364,A706
att,A364,A358
att,A365,A740
att,A365,A526
att,A365,A54
att,A365,A386
att,A365,A363
att,A365,A532
att,A365,A515
att,A365,A120
att,A365,A395
att,A365,A362
att,A365,A778
att,A365,A516
att,A365,A668
att,A365,A413
att,A365,A49
att,A365,A564
att,A367,A682
att,A367,A14
att,A367,A332
att,A367,A489
att,A367,A75
att,A367,A625
att,A367,A596
att,A367,A205
att,A367,A242
att,A367,A520
att,A367,A485
att,A367,A11
att,A369,A700
att,A369,A782
att,A369,A77
att,A369,A255
att,A370,A566
att,A370,A610
att,A370,A2
att,A370,A115
att,A370,A148
att,A371,A748
att,A371,A742
att,A371,A368
att,A371,A588
att,A371,A397
att,A371,A156
att,A371,A84
att,A371,A736
att,A371,A162
att,A372,A27
att,A372,A751
att,A372,A737
att,A372,A341
att,A372,A171
att,A372,A610
att,A372,A253
att,A372,A409
att,A375,A206
att,A375,A680
att,A375,A261
att,A375,A717
att,A375,A461
att,A376,A405
att,A376,A119
att,A376,A704
att,A376,A761
att,A376,A507
att,A376,A531
att,A380,A503
att,A380,A16
att,A380,A669
att,A381,A638
att,A381,A345
att,A381,A69
att,A381,A694
att,A381,A725
att,A381,A446
att,A382,A749
att,A382,A517
att,A382,A547
att,A384,A201
att,A384,A753
att,A384,A750
att,A384,A345
att,A384,A42
att,A384,A546
att,A384,A291
att,A386,A546
att,A386,A30
att,A386,A584
att,A386,A90
att,A386,A200
att,A386,A236
att,A386,A574
att,A386,A716
att,A386,A31
att,A386,A25
att,A386,A626
att,A386,A404
att,A388,A99
att,A388,A136
att,A388,A30
att,A388,A149
att,A388,A307
att,A388,A170
att,A388,A620
att,A389,A261
att,A391,A384
att,A391,A379
att,A391,A77
att,A391,A681
att,A391,A360
att,A391,A124
att,A391,A613
att,A397,A330
att,A397,A549
att,A397,A259
att,A399,A67
att,A399,A789
att,A399,A278
att,A399,A403
att,A399,A484
att,A399,A519
att,A399,A772
att,A399,A719
att,A399,A205
att,A399,A435
att,A399,A534
att,A399,A577
att,A399,A782
att,A399,A89
att,A399,A637
att,A399,A385
att,A399,A613
att,A399,A560
att,A400,A762
att,A400,A154
att,A400,A616
att,A400,A12
att,A400,A575
att,A400,A701
att,A400,A302
att,A400,A393
att,A400,A432
att,A403,A621
att,A403,A493
att,A403,A414
att,A403,A50
att,A403,A629
att,A403,A303
att,A403,A436
att,A403,A535
att,A403,A280
att,A403,A90
att,A404,A685
att,A404,A313
att,A404,A693
att,A404,A506
att,A404,A60
att,A404,A4
att,A404,A397
att,A404,A20
att,A406,A14
att,A406,A430
att,A407,A561
att,A407,A342
att,A407,A181
att,A407,A529
att,A407,A126
att,A407,A665
att,A407,A499
att,A407,A712
att,A407,A465
att,A407,A784
att,A407,A334
att,A407,A106
att,A407,A353
att,A407,A759
att,A407,A63
att,A408,A346
att,A408,A256
att,A408,A201
att,A408,A687
att,A408,A223
att,A408,A271
att,A409,A47
att,A409,A377
att,A409,A560
att,A409,A487
att,A409,A705
att,A409,A335
att,A409,A647
att,A409,A729
att,A409,A379
att,A409,A136
att,A409,A1
att,A409,A73
att,A409,A131
att,A409,A512
att,A409,A92
att,A410,A725
att,A410,A153
att,A410,A196
att,A410,A213
att,A410,A781
att,A410,A206
att,A410,A468
att,A410,A121
att,A410,A154
att,A410,A357
att,A410,A599
att,A410,A68
att,A410,A257
att,A411,A524
att,A411,A68
att,A411,A363
att,A411,A243
att,A411,A485
att,A411,A460
att,A411,A599
att,A411,A362
att,A411,A399
att,A411,A117
att,A411,A712
att,A411,A763
att,A411,A323
att,A411,A188
att,A412,A156
att,A412,A280
att,A412,A557
att,A412,A454
att,A412,A783
att,A412,A641
att,A414,A397
att,A414,A434
att,A414,A301
att,A414,A188
att,A416,A260
att,A416,A317
att,A416,A642
att,A416,A173
att,A416,A5
att,A416,A405
att,A416,A532
att,A416,A657
att,A416,A421
att,A416,A507
att,A416,A491
att,A417,A534
att,A417,A680
att,A417,A742
att,A417,A410
att,A417,A72
att,A417,A747
att,A417,A80
att,A417,A70
att,A417,A799
att,A417,A113
att,A417,A764
att,A418,A91
att,A418,A148
att,A418,A307
att,A418,A660
att,A418,A408
att,A418,A544
att,A418,A151
att,A420,A191
att,A420,A460
att,A421,A629
att,A421,A491
att,A421,A224
att,A421,A719
att,A421,A207
att,A421,A214
att,A421,A659
att,A422,A53
att,A422,A552
att,A422,A414
att,A422,A203
att,A422,A18
att,A422,A228
att,A422,A165
att,A423,A109
att,A423,A410
att,A423,A229
att,A423,A503
att,A423,A757
att,A423,A446
att,A423,A510
att,A423,A756
att,A423,A677
att,A423,A549
att,A423,A640
att,A423,A213
att,A423,A727
att,A426,A533
att,A426,A151
att,A429,A525
att,A429,A371
att,A429,A500
att,A429,A410
att,A429,A451
att,A429,A466
att,A430,A105
att,A430,A228
att,A430,A5
att,A430,A441
att,A430,A776
att,A430,A44
att,A430,A196
att,A430,A152
att,A430,A171
att,A431,A687
att,A431,A176
att,A431,A155
att,A431,A467
att,A431,A437
att,A431,A34
att,A431,A305
att,A431,A628
att,A431,A333
att,A431,A233
att,A437,A307
att,A437,A51
att,A437,A763
att,A437,A150
att,A437,A703
att,A437,A616
att,A437,A9
att,A437,A649
att,A439,A674
att,A439,A630
att,A439,A415
att,A442,A312
att,A442,A434
att,A442,A194
att,A442,A236
att,A442,A603
att,A442,A111
att,A442,A155
att,A442,A649
att,A442,A65
att,A442,A423
att,A442,A541
att,A442,A383
att,A442,A274
att,A442,A399
att,A442,A548
att,A445,A512
att,A445,A654
att,A445,A503
att,A445,A400
att,A445,A1
att,A445,A606
att,A445,A505
att,A445,A375
att,A445,A382
att,A445,A759
att,A445,A15
att,A445,A599
att,A448,A263
att,A452,A426
att,A452,A509
att,A455,A667
att,A455,A738
att,A455,A113
att,A455,A359
att,A455,A701
att,A455,A27
att,A456,A268
att,A456,A294
att,A456,A609
att,A456,A301
att,A456,A586
att,A456,A705
att,A456,A139
att,A456,A770
att,A456,A315
att,A456,A521
att,A456,A30
att,A456,A689
att,A457,A349
att,A457,A647
att,A457,A225
att,A457,A624
att,A457,A44
att,A457,A679
att,A457,A81
att,A457,A69
att,A457,A386
att,A457,A96
att,A457,A27
att,A457,A147
att,A459,A210
att,A459,A758
att,A460,A698
att,A460,A716
att,A460,A615
att,A460,A584
att,A460,A224
att,A460,A481
att,A460,A91
att,A460,A113
att,A460,A672
att,A460,A290
att,A460,A438
att,A460,A44
att,A460,A142
att,A460,A792
att,A460,A124
att,A460,A181
att,A460,A488
att,A460,A89
att,A460,A422
att,A462,A163
att,A462,A603
att,A462,A81
att,A462,A245
att,A462,A657
att,A462,A136
att,A462,A60
att,A467,A458
att,A467,A512
att,A467,A792
att,A467,A203
att,A467,A251
att,A467,A513
att,A467,A663
att,A467,A61
att,A467,A22
att,A468,A237
att,A470,A567
att,A470,A175
att,A470,A657
att,A470,A106
att,A470,A15
att,A470,A315
att,A470,A735
att,A470,A603
att,A470,A417
att,A470,A69
att,A470,A667
att,A470,A782
att,A470,A668
att,A470,A547
att,A470,A511
att,A470,A276
att,A471,A568
att,A471,A601
att,A471,A32
att,A471,A743
att,A471,A744
att,A471,A330
att,A471,A358
att,A471,A393
att,A472,A383
att,A472,A240
att,A472,A164
att,A472,A263
att,A472,A96
att,A472,A328
att,A472,A685
att,A472,A533
att,A472,A141
att,A472,A661
att,A472,A743
att,A473,A285
att,A473,A705
att,A473,A517
att,A473,A39
att,A473,A490
att,A473,A741
att,A473,A655
att,A473,A600
att,A473,A683
att,A474,A542
att,A475,A313
att,A475,A279
att,A475,A576
att,A475,A322
att,A475,A283
att,A475,A268
att,A475,A43
att,A477,A650
att,A477,A60
att,A477,A440
att,A477,A746
att,A477,A568
att,A477,A298
att,A477,A167
att,A483,A781
att,A483,A159
att,A484,A5
att,A484,A617
att,A484,A409
att,A484,A238
att,A484,A51
att,A484,A576
att,A484,A458
att,A484,A126
att,A484,A510
att,A484,A158
att,A484,A302
att,A484,A108
att,A486,A734
att,A486,A757
att,A486,A237
att,A486,A697
att,A486,A348
att,A486,A110
att,A486,A128
att,A486,A223
att,A486,A152
att,A486,A31
att,A487,A440
att,A487,A260
att,A487,A722
att,A487,A435
att,A487,A717
att,A487,A559
att,A487,A101
att,A487,A66
att,A487,A217
att,A488,A195
att,A488,A530
att,A488,A441
att,A488,A614
att,A488,A333
att,A488,A512
att,A492,A382
att,A495,A144
att,A495,A642
att,A495,A325
att,A495,A313
att,A497,A619
att,A497,A186
att,A497,A326
att,A497,A223
att,A497,A664
att,A497,A98
att,A497,A502
att,A502,A428
att,A505,A730
att,A505,A495
att,A505,A410
att,A505,A503
att,A505,A68
att,A506,A597
att,A506,A162
att,A506,A476
att,A506,A231
att,A508,A8
att,A508,A323
att,A508,A212
att,A508,A548
att,A508,A733
att,A508,A190
att,A511,A157
att,A511,A260
att,A511,A84
att,A511,A792
att,A511,A679
att,A511,A546
att,A511,A376
att,A511,A352
att,A511,A715
att,A511,A548
att,A511,A579
att,A511,A618
att,A511,A158
att,A511,A96
att,A511,A264
att,A515,A12
att,A515,A409
att,A515,A461
att,A515,A490
att,A515,A269
att,A515,A279
att,A515,A219
att,A515,A163
att,A515,A330
att,A515,A153
att,A515,A8
att,A517,A507
att,A517,A650
att,A517,A142
att,A517,A479
att,A517,A615
att,A517,A463
att,A518,A164
att,A518,A381
att,A518,A145
att,A518,A40
att,A518,A363
att,A518,A403
att,A518,A604
att,A518,A506
att,A518,A608
att,A518,A241
att,A518,A483
att,A518,A44
att,A518,A709
att,A518,A646
att,A518,A795
att,A519,A414
att,A519,A22
att,A519,A328
att,A519,A68
att,A519,A506
att,A525,A334
att,A525,A170
att,A525,A189
att,A526,A292
att,A526,A679
att,A526,A290
att,A526,A607
att,A526,A375
att,A526,A106
att,A526,A346
att,A526,A507
att,A526,A3
att,A526,A457
att,A526,A731
att,A526,A241
att,A526,A26
att,A526,A130
att,A526,A713
att,A527,A531
att,A527,A435
att,A527,A364
att,A527,A324
att,A529,A338
att,A529,A538
att,A530,A652
att,A530,A356
att,A530,A748
att,A530,A523
att,A530,A282
att,A530,A472
att,A530,A609
att,A530,A620
att,A530,A519
att,A530,A66
att,A530,A101
att,A530,A533
att,A531,A446
att,A531,A661
att,A531,A400
att,A531,A325
att,A531,A589
att,A531,A274
att,A532,A527
att,A532,A145
att,A532,A523
att,A532,A400
att,A532,A325
att,A532,A697
att,A532,A236
att,A532,A208
att,A536,A209
att,A536,A752
att,A536,A238
att,A536,A397
att,A536,A751
att,A536,A608
att,A536,A226
att,A536,A29
att,A536,A271
att,A537,A247
att,A537,A562
att,A537,A210
att,A537,A733
att,A537,A160
att,A537,A503
att,A537,A433
att,A537,A677
att,A537,A204
att,A537,A544
att,A537,A559
att,A537,A274
att,A537,A23
att,A537,A736
att,A537,A249
att,A537,A166
att,A537,A616
att,A538,A520
att,A539,A713
att,A539,A786
att,A539,A694
att,A539,A165
att,A539,A426
att,A539,A456
att,A539,A605
att,A539,A656
att,A539,A81
att,A539,A233
att,A539,A492
att,A539,A792
att,A539,A623
att,A544,A789
att,A544,A101
att,A545,A16
att,A545,A17
att,A545,A293
att,A547,A695
att,A547,A380
att,A547,A334
att,A547,A92
att,A547,A501
att,A547,A12
att,A547,A243
att,A547,A531
att,A547,A623
att,A548,A492
att,A548,A749
att,A548,A408
att,A548,A93
att,A548,A564
att,A549,A260
att,A549,A700
att,A549,A171
att,A549,A240
att,A549,A394
att,A549,A425
att,A549,A117
att,A549,A512
att,A549,A452
att,A549,A127
att,A549,A462
att,A549,A788
att,A553,A368
att,A555,A17
att,A556,A702
att,A556,A262
att,A557,A716
att,A557,A391
att,A557,A791
att,A557,A274
att,A557,A291
att,A557,A628
att,A557,A400
att,A557,A153
att,A560,A319
att,A560,A324
att,A560,A789
att,A560,A139
att,A560,A473
att,A560,A156
att,A560,A74
att,A560,A734
att,A560,A525
att,A560,A716
att,A561,A30
att,A561,A184
att,A561,A280
att,A561,A689
att,A561,A523
att,A561,A282
att,A561,A435
att,A561,A152
att,A561,A114
att,A561,A426
att,A561,A382
att,A564,A302
att,A564,A327
att,A564,A549
att,A564,A536
att,A564,A568
att,A564,A19
att,A564,A388
att,A564,A150
att,A564,A743
att,A564,A270
att,A567,A323
att,A567,A634
att,A567,A595
att,A567,A469
att,A567,A242
att,A567,A200
att,A567,A152
att,A569,A396
att,A569,A207
att,A569,A116
att,A569,A785
att,A569,A112
att,A569,A247
att,A569,A266
att,A569,A21
att,A569,A762
att,A571,A643
att,A571,A218
att,A571,A339
att,A571,A377
att,A571,A774
att,A571,A450
att,A571,A276
att,A571,A445
att,A571,A411
att,A571,A724
att,A571,A677
att,A571,A566
att,A571,A426
att,A571,A270
att,A572,A39
att,A572,A346
att,A572,A352
att,A572,A252
att,A574,A6
att,A574,A784
att,A574,A782
att,A574,A141
att,A574,A290
att,A574,A389
att,A574,A403
att,A574,A386
att,A574,A279
att,A574,A738
att,A574,A407
att,A574,A128
att,A574,A70
att,A574,A647
att,A574,A207
att,A574,A300
att,A574,A670
att,A575,A104
att,A575,A290
att,A575,A364
att,A575,A432
att,A575,A537
att,A575,A327
att,A575,A291
att,A575,A792
att,A576,A498
att,A577,A751
att,A577,A758
att,A577,A533
att,A577,A456
att,A577,A458
att,A577,A484
att,A577,A357
att,A577,A77
att,A577,A698
att,A577,A8
att,A577,A302
att,A577,A24
att,A581,A38
att,A581,A710
att,A581,A206
att,A581,A252
att,A582,A431
att,A582,A201
att,A582,A415
att,A582,A313
att,A582,A547
att,A582,A303
att,A582,A286
att,A582,A790
att,A582,A637
att,A582,A213
att,A582,A269
att,A582,A300
att,A582,A291
att,A582,A389
att,A583,A570
att,A583,A745
att,A583,A514
att,A583,A694
att,A586,A30
att,A586,A752
att,A586,A652
att,A586,A739
att,A586,A402
att,A586,A78
att,A586,A511
att,A586,A570
att,A586,A766
att,A586,A611
att,A586,A409
att,A586,A610
att,A586,A591
att,A586,A89
att,A586,A605
att,A587,A374
att,A587,A514
att,A587,A309
att,A587,A95
att,A587,A125
att,A587,A156
att,A587,A647
att,A587,A502
att,A587,A748
att,A590,A509
att,A590,A311
att,A590,A717
att,A590,A572
att,A590,A262
att,A590,A235
att,A590,A748
att,A590,A615
att,A590,A385
att,A590,A798
att,A590,A596
att,A590,A191
att,A591,A130
att,A591,A208
att,A591,A338
att,A591,A219
att,A591,A683
att,A591,A210
att,A591,A771
att,A592,A706
att,A593,A177
att,A593,A324
att,A593,A771
att,A593,A738
att,A593,A127
att,A593,A244
att,A596,A756
att,A596,A396
att,A596,A608
att,A596,A475
att,A597,A177
att,A597,A564
att,A597,A528
att,A597,A679
att,A597,A694
att,A597,A531
att,A597,A286
att,A597,A745
att,A601,A546
att,A601,A409
att,A601,A7
att,A601,A101
att,A601,A149
att,A601,A654
att,A601,A242
att,A603,A322
att,A603,A269
att,A603,A763
att,A603,A124
att,A603,A198
att,A603,A638
att,A603,A2
att,A603,A118
att,A603,A587
att,A604,A43
att,A604,A283
att,A604,A244
att,A604,A116
att,A604,A103
att,A605,A785
att,A605,A619
att,A606,A370
att,A606,A236
att,A606,A21
att,A606,A187
att,A606,A537
att,A606,A264
att,A606,A156
att,A606,A85
att,A606,A185
att,A606,A793
att,A608,A23
att,A608,A198
att,A608,A278
att,A608,A496
att,A608,A510
att,A608,A271
att,A608,A516
att,A608,A471
att,A608,A728
att,A608,A299
att,A608,A647
att,A610,A70
att,A610,A728
att,A610,A623
att,A610,A427
att,A610,A261
att,A611,A553
att,A612,A368
att,A612,A503
att,A612,A362
att,A612,A306
att,A612,A117
att,A612,A98
att,A612,A110
att,A612,A30
att,A612,A463
att,A612,A380
att,A612,A540
att,A612,A286
att,A614,A142
att,A614,A273
att,A617,A192
att,A617,A333
att,A617,A60
att,A617,A530
att,A617,A341
att,A617,A796
att,A618,A539
att,A618,A105
att,A618,A117
att,A618,A614
att,A618,A279
att,A618,A391
att,A618,A81
att,A618,A477
att,A618,A128
att,A618,A700
att,A618,A441
att,A618,A631
att,A619,A608
att,A619,A87
att,A619,A197
att,A619,A793
att,A619,A552
att,A619,A418
att,A619,A580
att,A619,A373
att,A619,A336
att,A619,A640
att,A619,A569
att,A619,A274
att,A619,A433
att,A619,A622
att,A619,A254
att,A622,A751
att,A622,A130
att,A622,A488
att,A622,A661
att,A622,A119
att,A622,A739
att,A622,A3
att,A623,A788
att,A623,A676
att,A623,A717
att,A623,A151
att,A623,A443
att,A623,A316
att,A623,A489
att,A624,A256
att,A624,A569
att,A624,A506
att,A624,A444
att,A624,A335
att,A624,A194
att,A624,A312
att,A624,A545
att,A624,A425
att,A625,A55
att,A625,A52
att,A625,A657
att,A625,A720
att,A625,A289
att,A625,A729
att,A625,A577
att,A625,A503
att,A626,A764
att,A626,A350
att,A626,A663
att,A626,A349
att,A626,A82
att,A626,A20
att,A626,A568
att,A626,A95
att,A626,A499
att,A626,A110
att,A626,A510
att,A626,A86
att,A628,A479
att,A628,A194
att,A628,A262
att,A628,A771
att,A628,A733
att,A628,A18
att,A628,A34
att,A629,A109
att,A629,A289
att,A629,A684
att,A629,A329
att,A629,A56
att,A629,A207
att,A629,A475
att,A629,A312
att,A629,A483
att,A633,A798
att,A633,A652
att,A634,A609
att,A634,A236
att,A634,A302
att,A634,A674
att,A634,A475
att,A634,A378
att,A634,A364
att,A634,A793
att,A634,A135
att,A634,A5
att,A634,A213
att,A634,A286
att,A635,A158
att,A636,A251
att,A636,A236
att,A637,A289
att,A637,A198
att,A637,A232
att,A637,A87
att,A638,A162
att,A638,A519
att,A638,A429
att,A638,A394
att,A638,A202
att,A638,A189
att,A638,A450
att,A638,A285
att,A638,A66
att,A638,A250
att,A641,A73
att,A645,A340
att,A645,A226
att,A645,A163
att,A645,A379
att,A645,A449
att,A645,A279
att,A645,A742
att,A645,A419
att,A646,A529
att,A646,A34
att,A646,A451
att,A646,A798
att,A646,A109
att,A646,A258
att,A646,A489
att,A647,A125
att,A647,A735
att,A648,A9
att,A648,A352
att,A648,A729
att,A648,A759
att,A648,A767
att,A648,A496
att,A648,A300
att,A648,A634
att,A648,A64
att,A648,A317
att,A648,A677
att,A648,A23
att,A648,A43
att,A653,A245
att,A653,A294
att,A653,A558
att,A653,A369
att,A653,A211
att,A653,A68
att,A653,A118
att,A653,A221
att,A653,A176
att,A654,A795
att,A654,A646
att,A654,A349
att,A654,A731
att,A654,A671
att,A654,A336
att,A655,A129
att,A655,A179
att,A655,A335
att,A655,A350
att,A655,A726
att,A655,A226
att,A655,A449
att,A655,A775
att,A655,A154
att,A655,A355
att,A655,A758
att,A656,A54
att,A656,A286
att,A656,A655
att,A659,A348
att,A659,A772
att,A659,A216
att,A659,A421
att,A659,A365
att,A659,A630
att,A659,A161
att,A659,A596
att,A659,A51
att,A659,A370
att,A659,A742
att,A659,A466
att,A660,A632
att,A660,A37
att,A660,A711
att,A660,A485
att,A660,A127
att,A660,A642
att,A661,A496
att,A661,A53
att,A661,A418
att,A661,A713
att,A661,A390
att,A661,A691
att,A661,A155
att,A661,A564
att,A661,A789
att,A661,A233
att,A661,A131
att,A665,A549
att,A665,A97
att,A665,A546
att,A665,A103
att,A665,A663
att,A665,A743
att,A669,A572
att,A669,A214
att,A669,A135
att,A669,A66
att,A669,A47
att,A669,A264
att,A669,A279
att,A669,A629
att,A669,A799
att,A669,A71
att,A669,A646
att,A669,A258
att,A669,A634
att,A669,A419
att,A671,A342
att,A671,A627
att,A671,A313
att,A671,A554
att,A671,A171
att,A671,A538
att,A671,A301
att,A671,A253
att,A671,A562
att,A671,A113
att,A671,A439
att,A671,A317
att,A675,A475
att,A675,A86
att,A677,A100
att,A677,A323
att,A677,A604
att,A677,A538
att,A681,A589
att,A681,A403
att,A681,A541
att,A681,A458
att,A681,A3
att,A681,A354
att,A681,A500
att,A682,A785
att,A683,A100
att,A683,A339
att,A683,A412
att,A683,A217
att,A683,A282
att,A688,A172
att,A688,A120
att,A688,A232
att,A688,A546
att,A688,A542
att,A689,A663
att,A689,A655
att,A689,A68
att,A689,A228
att,A689,A395
att,A689,A376
att,A689,A247
att,A690,A57
att,A690,A198
att,A690,A640
att,A693,A319
att,A693,A26
att,A693,A150
att,A693,A196
att,A695,A531
att,A695,A112
att,A695,A481
att,A696,A333
att,A696,A203
att,A700,A360
att,A700,A440
att,A700,A190
att,A700,A676
att,A700,A173
att,A700,A354
att,A700,A439
att,A700,A594
att,A702,A658
att,A702,A348
att,A704,A496
att,A704,A527
att,A704,A679
att,A704,A95
att,A704,A323
att,A704,A290
att,A704,A137
att,A704,A90
att,A704,A646
att,A704,A221
att,A704,A432
att,A705,A171
att,A705,A404
att,A705,A78
att,A705,A58
att,A705,A499
att,A705,A215
att,A705,A266
att,A705,A258
att,A705,A175
att,A705,A94
att,A705,A601
att,A705,A397
att,A705,A38
att,A707,A683
att,A707,A26
att,A707,A157
att,A707,A501
att,A708,A154
att,A708,A431
att,A708,A251
att,A708,A473
att,A708,A195
att,A708,A700
att,A708,A455
att,A708,A767
att,A708,A650
att,A708,A229
att,A708,A123
att,A709,A465
att,A709,A298
att,A709,A717
att,A709,A587
att,A709,A669
att,A709,A493
att,A709,A315
att,A709,A789
att,A709,A694
att,A709,A330
att,A710,A630
att,A710,A126
att,A710,A608
att,A710,A618
att,A710,A27
att,A710,A274
att,A710,A547
att,A710,A675
att,A710,A449
att,A710,A319
att,A710,A676
att,A710,A639
att,A710,A190
att,A710,A553
att,A710,A112
att,A712,A532
att,A712,A434
att,A712,A573
att,A715,A616
att,A715,A394
att,A720,A499
att,A720,A96
att,A720,A560
att,A721,A290
att,A721,A416
att,A721,A280
att,A721,A533
att,A721,A451
att,A723,A799
att,A723,A641
att,A723,A215
att,A724,A767
att,A724,A340
att,A724,A300
att,A724,A538
att,A724,A329
att,A724,A71
att,A724,A59
att,A724,A448
att,A724,A437
att,A724,A64
att,A724,A336
att,A724,A766
att,A724,A50
att,A724,A592
att,A724,A709
att,A725,A573
att,A725,A62
att,A727,A611
att,A727,A547
att,A727,A303
att,A727,A398
att,A727,A388
att,A728,A441
att,A728,A334
att,A728,A726
att,A728,A146
att,A728,A624
att,A736,A608
att,A736,A369
att,A736,A758
att,A736,A785
att,A736,A637
att,A736,A722
att,A741,A161
att,A741,A755
att,A741,A493
att,A741,A530
att,A741,A351
att,A741,A129
att,A741,A570
att,A741,A87
att,A741,A405
att,A741,A624
att,A741,A300
att,A747,A754
att,A747,A159
att,A747,A401
att,A747,A269
att,A747,A556
att,A747,A316
att,A747,A394
att,A747,A509
att,A747,A569
att,A747,A730
att,A747,A249
att,A747,A198
att,A748,A34
att,A748,A751
att,A748,A695
att,A749,A438
att,A749,A773
att,A749,A90
att,A749,A519
att,A749,A536
att,A749,A555
att,A749,A74
att,A749,A654
att,A749,A432
att,A749,A124
att,A749,A213
att,A749,A720
att,A749,A792
att,A749,A401
att,A749,A726
att,A750,A626
att,A750,A676
att,A750,A743
att,A750,A732
att,A750,A760
att,A750,A572
att,A750,A633
att,A750,A773
att,A751,A495
att,A751,A409
att,A751,A487
att,A751,A682
att,A751,A449
att,A751,A7
att,A759,A663
att,A759,A269
att,A759,A616
att,A760,A487
att,A760,A403
att,A760,A317
att,A760,A337
att,A760,A531
att,A760,A264
att,A760,A31
att,A760,A681
att,A760,A239
att,A760,A121
att,A760,A95
att,A760,A550
att,A760,A736
att,A760,A572
att,A761,A297
att,A761,A334
att,A761,A661
att,A761,A796
att,A761,A178
att,A761,A539
att,A761,A125
att,A761,A171
att,A761,A74
att,A761,A516
att,A761,A740
att,A761,A655
att,A763,A652
att,A763,A439
att,A763,A590
att,A763,A35
att,A763,A666
att,A767,A31
att,A767,A295
att,A767,A634
att,A767,A98
att,A767,A586
att,A767,A351
att,A767,A277
att,A768,A368
att,A768,A160
att,A768,A208
att,A768,A258
att,A768,A516
att,A768,A724
att,A768,A573
att,A768,A125
att,A768,A475
att,A768,A81
att,A768,A644
att,A768,A413
att,A768,A796
att,A769,A426
att,A769,A313
att,A769,A603
att,A769,A23
att,A769,A314
att,A769,A499
att,A769,A670
att,A769,A724
att,A769,A618
att,A769,A639
att,A772,A260
att,A772,A673
att,A772,A586
att,A772,A279
att,A772,A668
att,A772,A231
att,A772,A619
att,A772,A368
att,A772,A743
att,A772,A597
att,A772,A771
att,A772,A226
att,A772,A511
att,A772,A155
att,A772,A223
att,A772,A448
att,A772,A172
att,A774,A691
att,A774,A464
att,A774,A186
att,A774,A707
att,A774,A222
att,A774,A177
att,A774,A547
att,A774,A433
att,A774,A595
att,A777,A676
att,A777,A67
att,A777,A616
att,A777,A500
att,A777,A232
att,A777,A568
att,A778,A167
att,A778,A446
att,A778,A583
att,A778,A84
att,A778,A526
att,A779,A488
att,A779,A97
att,A779,A637
att,A779,A688
att,A779,A776
att,A779,A600
att,A779,A392
att,A779,A738
att,A779,A30
att,A779,A723
att,A779,A595
att,A781,A234
att,A781,A278
att,A781,A101
att,A781,A493
att,A781,A623
att,A781,A407
att,A781,A66
att,A781,A94
att,A781,A515
att,A782,A726
att,A782,A495
att,A782,A229
att,A782,A307
att,A782,A729
att,A782,A137
att,A782,A680
att,A782,A760
att,A782,A794
att,A782,A278
att,A785,A612
att,A785,A150
att,A785,A716
att,A785,A45
att,A785,A490
att,A785,A445
att,A786,A490
att,A786,A246
att,A786,A391
att,A786,A542
att,A786,A483
att,A786,A484
att,A786,A148
att,A786,A748
att,A786,A323
att,A786,A665
att,A786,A25
att,A786,A39
att,A786,A640
att,A786,A431
att,A787,A262
att,A787,A383
att,A787,A160
att,A787,A12
att,A787,A529
att,A787,A177
att,A787,A119
att,A787,A82
att,A787,A627
att,A787,A559
att,A789,A786
att,A789,A446
att,A789,A210
att,A789,A207
att,A794,A468
att,A794,A338
att,A794,A100
att,A794,A276
att,A794,A654
att,A794,A522
att,A794,A257
att,A794,A214
att,A794,A104
att,A794,A73
att,A794,A753
att,A794,A201
att,A794,A76
att,A794,A49
att,A794,A247
att,A794,A320
att,A796,A542
att,A796,A530
att,A796,A297
att,A796,A778
att,A796,A147
